# Random field Heisenberg chain
# L=14, J=1, Delta=1.0, W=1.5, h_i in [-W,W]
# Integrated spectral function of the Anderson LIOMs I_alpha
# omega I_alpha

0.000000000000000000e+00 1.003488671216226126e-03
0.000000000000000000e+00 2.000633390646352431e-03
0.000000000000000000e+00 3.002957368836668348e-03
0.000000000000000000e+00 4.003077144299978934e-03
0.000000000000000000e+00 5.024847159083476247e-03
0.000000000000000000e+00 6.038715060136738526e-03
0.000000000000000000e+00 7.000371355964292788e-03
0.000000000000000000e+00 8.001855837749066724e-03
0.000000000000000000e+00 9.002197211868012694e-03
4.507837222920141329e-04 1.000002331733681159e-02
1.357857547004570620e-03 1.100123028152955040e-02
1.957917079967647078e-03 1.200009822205557949e-02
2.514483561947944423e-03 1.300003872855483994e-02
3.056814721738909668e-03 1.400019077364984647e-02
3.542754291089744711e-03 1.500012305258924088e-02
4.019123341350017142e-03 1.600136265809298797e-02
4.473141544335312858e-03 1.700164757833365695e-02
5.025666048852572843e-03 1.800229461201608566e-02
5.530339734228562065e-03 1.900037398293626459e-02
5.941168558403209232e-03 2.000158147263912320e-02
6.451871295247046945e-03 2.100067135395085327e-02
6.901804948821643748e-03 2.200027505920702786e-02
7.398735559039693044e-03 2.300069545042052188e-02
7.864364056845207784e-03 2.400003146070787963e-02
8.324450712946518394e-03 2.500173746059636964e-02
8.831114263463835101e-03 2.600005444045152062e-02
9.309726659731065723e-03 2.700060214658579066e-02
9.770362418502376300e-03 2.800034354102444098e-02
1.028539448561205383e-02 2.900005093522022362e-02
1.077896931713850925e-02 3.000245355311606521e-02
1.130522383973042722e-02 3.100047658036778411e-02
1.178979561727239167e-02 3.200003684934304288e-02
1.227315768694406395e-02 3.300007075338167589e-02
1.274807479975947899e-02 3.400042702457577171e-02
1.324044448221006753e-02 3.500213740172515575e-02
1.370357784639075760e-02 3.600213343381252623e-02
1.419591741434400589e-02 3.700375768198269077e-02
1.476296353407802187e-02 3.800137599225360263e-02
1.523607112656222284e-02 3.900045107717232951e-02
1.575639708119425109e-02 4.000040332238194440e-02
1.622446366056040645e-02 4.100439481505818717e-02
1.673084764256360657e-02 4.200048888504696182e-02
1.720073993546855640e-02 4.300012754144377086e-02
1.774084566961775522e-02 4.400113476980208743e-02
1.827929913161618902e-02 4.500004138155561106e-02
1.874287121316520199e-02 4.600547018026049373e-02
1.919656806414660188e-02 4.700090341652775339e-02
1.970273278045542309e-02 4.800152338160735416e-02
2.021709409915128930e-02 4.900124590772681615e-02
2.070727850927001068e-02 5.000116460930238010e-02
2.117740287510061492e-02 5.100045370459049127e-02
2.166643989020211603e-02 5.200273525022105353e-02
2.212747405655246524e-02 5.300011444228767271e-02
2.263684491936424070e-02 5.400003042339186765e-02
2.311995766646512962e-02 5.500041802292199994e-02
2.367268343289841148e-02 5.600151479596043175e-02
2.414944424610587781e-02 5.700048879410724023e-02
2.463315661011761248e-02 5.800127079722610518e-02
2.513306610083831938e-02 5.900076914205275302e-02
2.571172676053512518e-02 6.000053096746476439e-02
2.624619798261207393e-02 6.100092745536688649e-02
2.680214590367091532e-02 6.200006349764301816e-02
2.732065201752431616e-02 6.300034703941652381e-02
2.780046663134871920e-02 6.400774315200483122e-02
2.832322347037408150e-02 6.500247472844174201e-02
2.883889152794338884e-02 6.600096953178956338e-02
2.933297907967880036e-02 6.700798991047281217e-02
2.990177348337619279e-02 6.800181489699431980e-02
3.044596660334986105e-02 6.900082947019976765e-02
3.098336419223224336e-02 7.000066322247519568e-02
3.155992070875079936e-02 7.100011912789121193e-02
3.211897444479300257e-02 7.200022093196671580e-02
3.266310788048309988e-02 7.300305724327059431e-02
3.322344851821579237e-02 7.400010760295926138e-02
3.375234198832977039e-02 7.500077596972737348e-02
3.427911165830899165e-02 7.600161844750874529e-02
3.478495848430718240e-02 7.700058977086607359e-02
3.530312386791845114e-02 7.800119407410420480e-02
3.585556925307134546e-02 7.900047112363135782e-02
3.637138498454017821e-02 8.000059706619065680e-02
3.691044356605277521e-02 8.100064109507341958e-02
3.749254301244753229e-02 8.200083866211041461e-02
3.808377739813373353e-02 8.300006593201052219e-02
3.865516716836880917e-02 8.400419925505553387e-02
3.925873822787195877e-02 8.500221301676207097e-02
3.979534720608390863e-02 8.600055826208564957e-02
4.036165547000303278e-02 8.700054301291926251e-02
4.089893628597840447e-02 8.800492759555787747e-02
4.146307440248257065e-02 8.900119639219972179e-02
4.204699699024438964e-02 9.000109165325594074e-02
4.261657180475975082e-02 9.100144660305413413e-02
4.324082391148142968e-02 9.200004058230336346e-02
4.383158374890791520e-02 9.300053882175221553e-02
4.441205912056478411e-02 9.400061240854637457e-02
4.493488901294928617e-02 9.500037466008220965e-02
4.550730045590678507e-02 9.600146282425306432e-02
4.606783304336181661e-02 9.700258352455157218e-02
4.670564726839254721e-02 9.800021807309897137e-02
4.730102967256710755e-02 9.900150848047503671e-02
4.796496081064915984e-02 1.000007198083130711e-01
4.854491553014439464e-02 1.010018937645799364e-01
4.913247964391098677e-02 1.020000694723890294e-01
4.975271251967505748e-02 1.030002253497373371e-01
5.029159096545776642e-02 1.040001872712435216e-01
5.093896306643230787e-02 1.050013178686979159e-01
5.146236663466918770e-02 1.060089465986583102e-01
5.208356595262886302e-02 1.070013796277553414e-01
5.267683265311889906e-02 1.080003669315438980e-01
5.329286557488832621e-02 1.090010622459067352e-01
5.391272491649701237e-02 1.100000227210298498e-01
5.453833330503332633e-02 1.110004345134436715e-01
5.521800377519170411e-02 1.120005750617113910e-01
5.584181564287193922e-02 1.130000714081068197e-01
5.644173508888883362e-02 1.140001028545143819e-01
5.711125073012901510e-02 1.150009134597303473e-01
5.771501215472962798e-02 1.160001624182293439e-01
5.838259024379377493e-02 1.170008413368158889e-01
5.902192552141261039e-02 1.180015796712858417e-01
5.967958152598218380e-02 1.190009934138571979e-01
6.032041525980713637e-02 1.200000610301224513e-01
6.094195154282444626e-02 1.210042586789298324e-01
6.165295513188273624e-02 1.220000077121218690e-01
6.231218110082981099e-02 1.230003000497093824e-01
6.294454912959523973e-02 1.240003541229392492e-01
6.361273262579469900e-02 1.250059470074913470e-01
6.431159814431378074e-02 1.260012772170186479e-01
6.502812955712800047e-02 1.270001011751579478e-01
6.569874025427080433e-02 1.280003042522492029e-01
6.632321198799440154e-02 1.290000672845185714e-01
6.702462844700773914e-02 1.300003448537833672e-01
6.768954665069637500e-02 1.310003492642135559e-01
6.830472778969021164e-02 1.320001426504333608e-01
6.898312193805722359e-02 1.330060769698016843e-01
6.963601352280202050e-02 1.340001790918282087e-01
7.030146699411954359e-02 1.350001272429852683e-01
7.097750466891916687e-02 1.360008798813477360e-01
7.163613599535612053e-02 1.370003638347196406e-01
7.226262809251871033e-02 1.380001858578440987e-01
7.296899789299510219e-02 1.390016272655815177e-01
7.365470737655988032e-02 1.400006441906924970e-01
7.429550732122325307e-02 1.410009770805621399e-01
7.501472063487835129e-02 1.420011581718668980e-01
7.573768896213151081e-02 1.430008966859812047e-01
7.644488627621282006e-02 1.440050240499255452e-01
7.706895523537227177e-02 1.450007123523377461e-01
7.778178113883793543e-02 1.460011090286743862e-01
7.849580970519681733e-02 1.470001390783424178e-01
7.918845843426930431e-02 1.480019288764326535e-01
7.986177808698413649e-02 1.490012499269413593e-01
8.056952648407023077e-02 1.500064552030858644e-01
8.130848981210647697e-02 1.510003848848646413e-01
8.208658449496009091e-02 1.520013688608976843e-01
8.277488100358221246e-02 1.530004244306862604e-01
8.345387691144612319e-02 1.540010990220680165e-01
8.420404415754578764e-02 1.550009276996985597e-01
8.496997591631538782e-02 1.560003014584366299e-01
8.569309935849833693e-02 1.570008023612258219e-01
8.638032898712877383e-02 1.580001165678199815e-01
8.711456421718777321e-02 1.590000748561413157e-01
8.790003322049244616e-02 1.600003661306599045e-01
8.867338544946701262e-02 1.610050924549497608e-01
8.943530821523593133e-02 1.620001460541962146e-01
9.022668001351741296e-02 1.630004635565377724e-01
9.094932333583738426e-02 1.640002356509370762e-01
9.163045737520061906e-02 1.650014619812097405e-01
9.236868310331880494e-02 1.660002025258161262e-01
9.314408267939056074e-02 1.670026610242938969e-01
9.399426392871224056e-02 1.680004490327074440e-01
9.469813647165992165e-02 1.690000475556547310e-01
9.543261877107012126e-02 1.700002070308319624e-01
9.614861634710614169e-02 1.710006574207901253e-01
9.697292401995993849e-02 1.720006717739060720e-01
9.775710525414682550e-02 1.730004261884087735e-01
9.851638002556573070e-02 1.740067668773750686e-01
9.918901755990328084e-02 1.750013676128533979e-01
1.000002418627130574e-01 1.760006736756071222e-01
1.007790293843537910e-01 1.770005850822170268e-01
1.015779049776293075e-01 1.780003736943832071e-01
1.023794546097511748e-01 1.790002097573415440e-01
1.030607722153067396e-01 1.800005024656415320e-01
1.039076000930605481e-01 1.810016036486431501e-01
1.046710631582518092e-01 1.820003454108727325e-01
1.054734942602411074e-01 1.830016250860834748e-01
1.063257996650599502e-01 1.840002040518045057e-01
1.071138284350690029e-01 1.850001456674688072e-01
1.079881365573123891e-01 1.860005086550169939e-01
1.088138366042654681e-01 1.870012687621129266e-01
1.096804163765336959e-01 1.880016007912359566e-01
1.105098300796376609e-01 1.890001402124962260e-01
1.113035257731462280e-01 1.900002839331292326e-01
1.120670012628048329e-01 1.910001713025147874e-01
1.129747080018903560e-01 1.920012482349900129e-01
1.137357717272617919e-01 1.930004274928307506e-01
1.145923168744333864e-01 1.940009175866921620e-01
1.154224829613585968e-01 1.950005066181320912e-01
1.163013309537785922e-01 1.960005846876739788e-01
1.171020830993673434e-01 1.970003004572982441e-01
1.180016294235728402e-01 1.980000962152230481e-01
1.188760671325288509e-01 1.990000947128401088e-01
1.196877529845162824e-01 2.000005214078198756e-01
1.205164095562738513e-01 2.010003992331740874e-01
1.213485242564948940e-01 2.020000130375091962e-01
1.221894971151784581e-01 2.030009285431599586e-01
1.230448937595263192e-01 2.040004281119679186e-01
1.239140507020248805e-01 2.050001147383278821e-01
1.248085436473056475e-01 2.060001212038214125e-01
1.257718814658657092e-01 2.070002015649100302e-01
1.265714045562014167e-01 2.080001332083661614e-01
1.274679604227562102e-01 2.090001278546484154e-01
1.283803576545043956e-01 2.100005070632204318e-01
1.292329892997288177e-01 2.110002165437127875e-01
1.301346435140394997e-01 2.120001920811220575e-01
1.311340323224272630e-01 2.130009517349506498e-01
1.320172589986989831e-01 2.140008410812785089e-01
1.329504436233142073e-01 2.150000341691958028e-01
1.337399390035889368e-01 2.160032233722331552e-01
1.346619247194604796e-01 2.170011624693163887e-01
1.355196956082180826e-01 2.180008721564279939e-01
1.363919469185059796e-01 2.190000292223532874e-01
1.373096232990765053e-01 2.200001736442455946e-01
1.382597808255607852e-01 2.210010734739308036e-01
1.392136805294459379e-01 2.220004289176451817e-01
1.401343199814295559e-01 2.230002607199165487e-01
1.409880672645797972e-01 2.240004251632392307e-01
1.418734994822270501e-01 2.250004946672221895e-01
1.427627923202088311e-01 2.260000475692119370e-01
1.436966284807945082e-01 2.270000770525760492e-01
1.446476274982093080e-01 2.280003923034774060e-01
1.455138266544255821e-01 2.290000493846956753e-01
1.464153250386379668e-01 2.300009517747759746e-01
1.473037293734411612e-01 2.310006786943484824e-01
1.482594985131738818e-01 2.320003489697411436e-01
1.492074949423540797e-01 2.330000603966967676e-01
1.500757161973176323e-01 2.340004164217210358e-01
1.509709803404504225e-01 2.350017857280366496e-01
1.518763778849301638e-01 2.360001260813525681e-01
1.528602566089594106e-01 2.370007705634217254e-01
1.538446172993670480e-01 2.380001714260328305e-01
1.548372985364750987e-01 2.390001751944323405e-01
1.557759019985116566e-01 2.400004644712212809e-01
1.567919325815112508e-01 2.410002200072179357e-01
1.576764014997600327e-01 2.420015342308904360e-01
1.585320369686700204e-01 2.430002742158417217e-01
1.595155410421562614e-01 2.440001073430526912e-01
1.604569345039588146e-01 2.450001773165043917e-01
1.614133096397203371e-01 2.460006258547653146e-01
1.624397495322656426e-01 2.470010743519594487e-01
1.634235145680391632e-01 2.480000455073462229e-01
1.644033977374506073e-01 2.490004236499156198e-01
1.654223325720787230e-01 2.500003448611185508e-01
1.664085532397399092e-01 2.510004159595253803e-01
1.673205122948893120e-01 2.520009820792524780e-01
1.684027385800801468e-01 2.530003213842659804e-01
1.695142102111786286e-01 2.540011920681962687e-01
1.705352174264296305e-01 2.550001735008378123e-01
1.715752770777032588e-01 2.560000656535574848e-01
1.725559123610382883e-01 2.570007564381045495e-01
1.734468888872098546e-01 2.580000140712726542e-01
1.743999593605058962e-01 2.590002900080194959e-01
1.754101142882509290e-01 2.600006352718384761e-01
1.762740890110570113e-01 2.610006335589455939e-01
1.773308901794652392e-01 2.620001968205185050e-01
1.783078114372123046e-01 2.630008483248467144e-01
1.794345710303257846e-01 2.640016226799902777e-01
1.805272476727859399e-01 2.650004383587817314e-01
1.814864873550784963e-01 2.660008387798228346e-01
1.824950672649449934e-01 2.670010043379645870e-01
1.834829161459301528e-01 2.680009068843698938e-01
1.845317443528626811e-01 2.690034945873392425e-01
1.855158163427879092e-01 2.700001736317839129e-01
1.865233220422304328e-01 2.710002495396134914e-01
1.875872516165308923e-01 2.720017782865694067e-01
1.886624974215491690e-01 2.730291215974825492e-01
1.896421036386413128e-01 2.740000801516082052e-01
1.907648032611481970e-01 2.750018464466280066e-01
1.918327349878197197e-01 2.760080404259879772e-01
1.928168896882934691e-01 2.770000649785730462e-01
1.938831522077180125e-01 2.780000514957717273e-01
1.948424054187132270e-01 2.790002621771779379e-01
1.958504521812745036e-01 2.800004153307594223e-01
1.968339732778023876e-01 2.810009475910903443e-01
1.979426624323954442e-01 2.820039532476549260e-01
1.989559425519296099e-01 2.830014878158172986e-01
2.000853313870507577e-01 2.840018136623412848e-01
2.010489635495856797e-01 2.850002372640449422e-01
2.021597725404675749e-01 2.860001178275187184e-01
2.033194854736386503e-01 2.870011654899774500e-01
2.044207479422675000e-01 2.880002880640749052e-01
2.055015733612148843e-01 2.890003815892512873e-01
2.064686563826130250e-01 2.900016080661938500e-01
2.075522320812988042e-01 2.910011364185284832e-01
2.086333327646605618e-01 2.920002831692058431e-01
2.097130100044954926e-01 2.930001080998063112e-01
2.108798977814645426e-01 2.940000062282493998e-01
2.120684978679889809e-01 2.950000427374279144e-01
2.131290262573463656e-01 2.960001436056701185e-01
2.142653287284779218e-01 2.970005833848701760e-01
2.153560282857526209e-01 2.980002204016557465e-01
2.164703387191484474e-01 2.990002014847055745e-01
2.175557621238264350e-01 3.000003469442588111e-01
2.186823969642304188e-01 3.010002889126396908e-01
2.197752413775702074e-01 3.020004916428581376e-01
2.208938291731475934e-01 3.030001090910036110e-01
2.220518619965483609e-01 3.040009044385188486e-01
2.231127056547403953e-01 3.050002041136807285e-01
2.241899930484878567e-01 3.060002972769357288e-01
2.252022850730105441e-01 3.070009412517026859e-01
2.263106844069055490e-01 3.080001625558616007e-01
2.273224504353938968e-01 3.090017045467186030e-01
2.283381858836339706e-01 3.100000475523853050e-01
2.293929965146572769e-01 3.110000827974838677e-01
2.305576925617851547e-01 3.120000154780868118e-01
2.316932330251901817e-01 3.130002104970188714e-01
2.328282876681038727e-01 3.140003891448268081e-01
2.340682237361728646e-01 3.150001516321738748e-01
2.351218711177131548e-01 3.160000391185623925e-01
2.362604851654248606e-01 3.170030234444553008e-01
2.373319483366023164e-01 3.180000279439819111e-01
2.383862081439130920e-01 3.190000388059974212e-01
2.394560710633537592e-01 3.200000273374695725e-01
2.406104732480731645e-01 3.210000850053095212e-01
2.416349573903375791e-01 3.220061327906194593e-01
2.426821528135874040e-01 3.230004709582542932e-01
2.438334535442064910e-01 3.240001188897239093e-01
2.450264387824123702e-01 3.250003116971218464e-01
2.460654253000726932e-01 3.260053487351428081e-01
2.471307528926676156e-01 3.270001291818340761e-01
2.481895606722170911e-01 3.280005824206432830e-01
2.492201184007099002e-01 3.290006974023683695e-01
2.503405218353957906e-01 3.300017623245773413e-01
2.514908205505403949e-01 3.310015203723838395e-01
2.526753740000462489e-01 3.320002556799864224e-01
2.537310533454397721e-01 3.330001256542222121e-01
2.548885492014845155e-01 3.340023219616537475e-01
2.560858624543413953e-01 3.350007123106090723e-01
2.571856497996389823e-01 3.360027456050008743e-01
2.583909708657315951e-01 3.370003346677829525e-01
2.595037348039752612e-01 3.380000352117135121e-01
2.606289817581544099e-01 3.390004080093559913e-01
2.618206629052592938e-01 3.400001789396906449e-01
2.628967426466743973e-01 3.410004057804797983e-01
2.639754333899801964e-01 3.420001857313082483e-01
2.652264620085702518e-01 3.430002686016392910e-01
2.663879846398913287e-01 3.440004666622923368e-01
2.675525944620367191e-01 3.450014860449148735e-01
2.686743597085872182e-01 3.460001896702868396e-01
2.697994935145904272e-01 3.470000110226230672e-01
2.709479450838010450e-01 3.480007240476419850e-01
2.720156660714998509e-01 3.490009067334023940e-01
2.729828865229233514e-01 3.500005189268838857e-01
2.740691858947659210e-01 3.510000441557243334e-01
2.753072890824129759e-01 3.520000462661280749e-01
2.766065226434089586e-01 3.530000070082141561e-01
2.777971215597372923e-01 3.540003391342314565e-01
2.789920385085959964e-01 3.550000929595703569e-01
2.802781730188246279e-01 3.560010234466446932e-01
2.815208790522021332e-01 3.570003492180530702e-01
2.827539053947524250e-01 3.580000769492812651e-01
2.838983644083583613e-01 3.590084346157924600e-01
2.850920632661928522e-01 3.600064643509497953e-01
2.862740775042049157e-01 3.610004080435244567e-01
2.874969498199586582e-01 3.620001597971592155e-01
2.887082212199469922e-01 3.630001567592084366e-01
2.898929118886994782e-01 3.640000111781500625e-01
2.911927137765197848e-01 3.650005189634668579e-01
2.923161402905911643e-01 3.660001403504149486e-01
2.935666849304685577e-01 3.670016696929503386e-01
2.947371623824293074e-01 3.680005958672168953e-01
2.959635482087104030e-01 3.690000784776674148e-01
2.971692071494321796e-01 3.700001216097215107e-01
2.983627261552692644e-01 3.710002408354535763e-01
2.995650369781950317e-01 3.720006127827849562e-01
3.006798089386593098e-01 3.730003369155836523e-01
3.018745762431418456e-01 3.740017156984607460e-01
3.030802067557218926e-01 3.750002621972347017e-01
3.044039524490114168e-01 3.760004571650070737e-01
3.056838987509280514e-01 3.770000190318278377e-01
3.069800737868196849e-01 3.780008901691958023e-01
3.082412469549828948e-01 3.790001714475625949e-01
3.095186127432303369e-01 3.800007704859291180e-01
3.106406055574355562e-01 3.810004263141629766e-01
3.118300471909187799e-01 3.820000089586373382e-01
3.129593850037369895e-01 3.830002586470594439e-01
3.141873302719164762e-01 3.840011740878007118e-01
3.153584623276315391e-01 3.850021396264984297e-01
3.165600776601191768e-01 3.860001239272340401e-01
3.176852232893800920e-01 3.870023381613526547e-01
3.189970580225143237e-01 3.880000463140633737e-01
3.201794619335005532e-01 3.890004206791691788e-01
3.213801437603671651e-01 3.900003409366575857e-01
3.226084242445310668e-01 3.910000223300673650e-01
3.238978936070431303e-01 3.920000237564532086e-01
3.250940951339313933e-01 3.930002571066952832e-01
3.263665438737826108e-01 3.940021491721853453e-01
3.275212937329734508e-01 3.950011201011710549e-01
3.288718744955914097e-01 3.960002550053131065e-01
3.301845648235879338e-01 3.970002511353670771e-01
3.313959089630031940e-01 3.980019832056216345e-01
3.326761515229494925e-01 3.990002160201822634e-01
3.339834559154393201e-01 4.000005969416741136e-01
3.352551912854692118e-01 4.010004467204675294e-01
3.365579408947603213e-01 4.020002297017238879e-01
3.378194624667052448e-01 4.030000083742946160e-01
3.390388019513776996e-01 4.040010733747571581e-01
3.402601065602173236e-01 4.050000125231922321e-01
3.416028778327179216e-01 4.060004429040558471e-01
3.429688609136278821e-01 4.070006788899106498e-01
3.443205151753501170e-01 4.080000080198278312e-01
3.456079091834149963e-01 4.090005335041391743e-01
3.469869016323867683e-01 4.100004225355586285e-01
3.482851088471154988e-01 4.110008229871642271e-01
3.494974136279251908e-01 4.120000408869936015e-01
3.507791886171287565e-01 4.130000030730920368e-01
3.521792902779794510e-01 4.140005329247185006e-01
3.535124749310021297e-01 4.150004680382364253e-01
3.548803385540533206e-01 4.160000322821585383e-01
3.561237954369694814e-01 4.170000788005703285e-01
3.575342269915329774e-01 4.180001172678128873e-01
3.589593999964766358e-01 4.190007323923723992e-01
3.603406007447327308e-01 4.200016842952110641e-01
3.616284053950815647e-01 4.210012697234528645e-01
3.629456492508946752e-01 4.220005594140114891e-01
3.642829605456978648e-01 4.230006936237192816e-01
3.655469436851332965e-01 4.240000159524105472e-01
3.668285067711001268e-01 4.250007403344094881e-01
3.682427857211401090e-01 4.260000229005722616e-01
3.694834557523800633e-01 4.270000483465880015e-01
3.708496221742563770e-01 4.280002096998118954e-01
3.723389697647663255e-01 4.290006398282306677e-01
3.736120231633568434e-01 4.300008495571987499e-01
3.749351545513947559e-01 4.310010550623014636e-01
3.763965281723049561e-01 4.320000174441195884e-01
3.778268753530684698e-01 4.330003277099083725e-01
3.791614424310867371e-01 4.340000711647797882e-01
3.805985436501053143e-01 4.350006626437281643e-01
3.820324559496967032e-01 4.360019031636159781e-01
3.833874020832452878e-01 4.370000140466231420e-01
3.848348212143746783e-01 4.380004647770776582e-01
3.862436270973170771e-01 4.390004874120538858e-01
3.877272751441456222e-01 4.400000908713512238e-01
3.890748869233192631e-01 4.410002112408397124e-01
3.905021749393373653e-01 4.420008246889492454e-01
3.919375220715237695e-01 4.430004703823812728e-01
3.934101248501704617e-01 4.440001457559069054e-01
3.946908899613480459e-01 4.450000745067159147e-01
3.961029601618102358e-01 4.460000661645716069e-01
3.975044116794774762e-01 4.470000108087515689e-01
3.989338042252783545e-01 4.480000012168656176e-01
4.003773711492505383e-01 4.490003287743745131e-01
4.017574731714863567e-01 4.500009818010974327e-01
4.030403992142499447e-01 4.510006705195688803e-01
4.044945191488836800e-01 4.520005314792885920e-01
4.058601447887760783e-01 4.530002150070612799e-01
4.073222676087038252e-01 4.540001192287057563e-01
4.087987437067193142e-01 4.550009061081326522e-01
4.101808801447294206e-01 4.560002174739716252e-01
4.116632660427424484e-01 4.570000047418478761e-01
4.131532504001225181e-01 4.580001507777340941e-01
4.145477476029428843e-01 4.590017042642104417e-01
4.160694313155666180e-01 4.600014293488904338e-01
4.175339811072091845e-01 4.610001696490189649e-01
4.188667685668603369e-01 4.620006436172152120e-01
4.202668903503374853e-01 4.630004098832136150e-01
4.217390113949465724e-01 4.640001125550713423e-01
4.232644035924260084e-01 4.650000967378978278e-01
4.248009797476895999e-01 4.660001256623350074e-01
4.261788660891696612e-01 4.670003558191114235e-01
4.277463558356747741e-01 4.680000555620363323e-01
4.291944554071577267e-01 4.690002728449622071e-01
4.306429514576339823e-01 4.700000955872095099e-01
4.321587365948630910e-01 4.710002523561011567e-01
4.335749528338430636e-01 4.720004011230206631e-01
4.350604524819272623e-01 4.730004391472126257e-01
4.364868522199627510e-01 4.740008161625503535e-01
4.380588962346292359e-01 4.750003448303312115e-01
4.394969922709113241e-01 4.760001694317858023e-01
4.410320922788830700e-01 4.770006262746006032e-01
4.425449167093677971e-01 4.780014852686817473e-01
4.441043582415551416e-01 4.790000049977409247e-01
4.455754048673277734e-01 4.800001083568125604e-01
4.470125454978275403e-01 4.810001262292845081e-01
4.484982011164500015e-01 4.820012536087519561e-01
4.500881198859700838e-01 4.830000592995288278e-01
4.515482677543079526e-01 4.840001602960624094e-01
4.532498043143822208e-01 4.850000636567455281e-01
4.547592431349571918e-01 4.860001717939698151e-01
4.562246004678622846e-01 4.870000422628280590e-01
4.578636995013820599e-01 4.880004525231371182e-01
4.594003801088626382e-01 4.890005195139743854e-01
4.609329041740464206e-01 4.900017148795907662e-01
4.624643166695299179e-01 4.910000094565426521e-01
4.639186810948530137e-01 4.920014443002554971e-01
4.654871399818187871e-01 4.930001856104128111e-01
4.670189671758752659e-01 4.940000196314150438e-01
4.685430073832637099e-01 4.950006834613714934e-01
4.700671829033231663e-01 4.960005466363873183e-01
4.716912009550660589e-01 4.970000524227429217e-01
4.733679331945168656e-01 4.980006789832641667e-01
4.749520493578587299e-01 4.990012221578166152e-01
4.764598802521908816e-01 5.000010757615939161e-01
4.778860414075967178e-01 5.010000817362499914e-01
4.794454870662687718e-01 5.020000371226790437e-01
4.809870058392844427e-01 5.030007287689025608e-01
4.825539293455278766e-01 5.040000406194241611e-01
4.840832883619912153e-01 5.050001275198913175e-01
4.856217005730691927e-01 5.060000439841235709e-01
4.872288652243192963e-01 5.070000645115201321e-01
4.888246034615231217e-01 5.080000256050327678e-01
4.904999587442442355e-01 5.090001964195379758e-01
4.920250507076244784e-01 5.100000782693042689e-01
4.936764409475333792e-01 5.110007331904850014e-01
4.951879559253025143e-01 5.120000100339664462e-01
4.966604135545584775e-01 5.130005034888507343e-01
4.982324821928281189e-01 5.140000327676769176e-01
4.998752917178852506e-01 5.150004073503603452e-01
5.014306652704652034e-01 5.160012414220395138e-01
5.030554596015064384e-01 5.170000215743667527e-01
5.047055260239272645e-01 5.180000230641250702e-01
5.064283366555990540e-01 5.190002186357509650e-01
5.080256628487560544e-01 5.200002869517242887e-01
5.096620113799978924e-01 5.210003577374561212e-01
5.112463077483621054e-01 5.220003285665860693e-01
5.128865356616907345e-01 5.230006230334771633e-01
5.144062421063808621e-01 5.240020860682949033e-01
5.159730280628544996e-01 5.250005895184880478e-01
5.174740288215757822e-01 5.260009407343121390e-01
5.191230187707920329e-01 5.270000485217140040e-01
5.207519240129914184e-01 5.280008798042329365e-01
5.222968374738876651e-01 5.290000637115159776e-01
5.239431356173098742e-01 5.300003763091797326e-01
5.256174659810102234e-01 5.310006232777967350e-01
5.272608866244368198e-01 5.320006770737965018e-01
5.289596268806915358e-01 5.330004586391486887e-01
5.307129463094627519e-01 5.340000197120494674e-01
5.325102715213502202e-01 5.350000717430742903e-01
5.341582178509725054e-01 5.360005964208048868e-01
5.358517856079572095e-01 5.370000494226671028e-01
5.373291696263153838e-01 5.380000835986838981e-01
5.390296699623995380e-01 5.390005249591289793e-01
5.407136342138206819e-01 5.400000093317099958e-01
5.422507905692930397e-01 5.410003559709080090e-01
5.437975964440093790e-01 5.420001671597909354e-01
5.454223574905405769e-01 5.430001130357874350e-01
5.471404169109187476e-01 5.440004295022103920e-01
5.487886145211349209e-01 5.450013260970946183e-01
5.504869787948050153e-01 5.460008169438276271e-01
5.520440362178440363e-01 5.470005668181306957e-01
5.537866751850225588e-01 5.480000444412408411e-01
5.554723692854852679e-01 5.490000641212610111e-01
5.571615604431887636e-01 5.500001239157995547e-01
5.588306229227331112e-01 5.510003768390133727e-01
5.604706275853812425e-01 5.520005890395963677e-01
5.622191711899846567e-01 5.530013086139059508e-01
5.638879264646488032e-01 5.540006149219993681e-01
5.655452889375878200e-01 5.550000861701632759e-01
5.673787217943074834e-01 5.560000133043093706e-01
5.691386453395719247e-01 5.570000253058081663e-01
5.708612916748615485e-01 5.580002576319157415e-01
5.725931862626711943e-01 5.590002507010397581e-01
5.743529272930496532e-01 5.600001649528091319e-01
5.760946903698456190e-01 5.610009432304449151e-01
5.777917126117753099e-01 5.620000437739577359e-01
5.794816101509490114e-01 5.630003827996049592e-01
5.811805006726981082e-01 5.640003249409107910e-01
5.829263448988699636e-01 5.650000836152325734e-01
5.846524492760967195e-01 5.660000302903023250e-01
5.865233753643872561e-01 5.670013474220464422e-01
5.882835961606263098e-01 5.680001702848710421e-01
5.901093910482444471e-01 5.690007104735296251e-01
5.919219506721220547e-01 5.700000843710879561e-01
5.936447217883256133e-01 5.710004590455362017e-01
5.954012737024854118e-01 5.720003249151269786e-01
5.972088079564383811e-01 5.730005300605427454e-01
5.989996991619013222e-01 5.740001597584204474e-01
6.008420472602797879e-01 5.750002711179779125e-01
6.027573058848438858e-01 5.760000255143776782e-01
6.045604847228336354e-01 5.770000787655955587e-01
6.064393067134332682e-01 5.780009025077151863e-01
6.083202512577308152e-01 5.790002931587282520e-01
6.102454527160920961e-01 5.800001041314412076e-01
6.120058855522088059e-01 5.810015734999470771e-01
6.137509963369502941e-01 5.820001731831886405e-01
6.156244405890118898e-01 5.830000539843532836e-01
6.174060705718931175e-01 5.840000710694931430e-01
6.192485867169197356e-01 5.850004644025487144e-01
6.211262065134703914e-01 5.860000650047275661e-01
6.229758320451785902e-01 5.870000606093001005e-01
6.247302590397411093e-01 5.880001884969207060e-01
6.264688631899837379e-01 5.890000756388494851e-01
6.283269636137612801e-01 5.900008254094969429e-01
6.301265254436315688e-01 5.910001576048794503e-01
6.320184391982313077e-01 5.920001101370138130e-01
6.338782149598438664e-01 5.930000718849607333e-01
6.357098400082565881e-01 5.940006714673869981e-01
6.372310566652825692e-01 5.950003547914431978e-01
6.390660843344749820e-01 5.960002468793776931e-01
6.409504704525937901e-01 5.970007905348816424e-01
6.427043045172932123e-01 5.980001306213296175e-01
6.445421249701277500e-01 5.990002748045932801e-01
6.464369801782064995e-01 6.000005581325953408e-01
6.483326868572230062e-01 6.010002412645336634e-01
6.503278590710439566e-01 6.020000814528753130e-01
6.522826399390311281e-01 6.030000074470335258e-01
6.540713889238182199e-01 6.040001329045715517e-01
6.559202128506704810e-01 6.050000325512286947e-01
6.577239848122746757e-01 6.060000370445429718e-01
6.595905697891111252e-01 6.070000685085902292e-01
6.613415991813003103e-01 6.080002897086894675e-01
6.633152446874401864e-01 6.090001701938329015e-01
6.651539871779030832e-01 6.100000625979952185e-01
6.670288462527578233e-01 6.110011020985636199e-01
6.689399217915881213e-01 6.120003796677676577e-01
6.708148147453424359e-01 6.130001165285731135e-01
6.727337601574150394e-01 6.140006880696103897e-01
6.746123956368849095e-01 6.150001160272305922e-01
6.766540433037936397e-01 6.160000423761243793e-01
6.785565623824214576e-01 6.170000187265648472e-01
6.804419444855838162e-01 6.180000550316717689e-01
6.822998525955243920e-01 6.190007952546180414e-01
6.841413097629462925e-01 6.200000636204444637e-01
6.861231300590341364e-01 6.210001145998117478e-01
6.880143510134386631e-01 6.220040504257936531e-01
6.898948671034856872e-01 6.230000885359021634e-01
6.918407553168878232e-01 6.240000471031837970e-01
6.937007041328655532e-01 6.250000476898401880e-01
6.957124929357584309e-01 6.260007370607058030e-01
6.976651987427482382e-01 6.270000352608781080e-01
6.996428089321184984e-01 6.280001239657094780e-01
7.016067603517832652e-01 6.290036241074188350e-01
7.035255829603068722e-01 6.300004823243380292e-01
7.054691588241861488e-01 6.310006622635764284e-01
7.074606676842061237e-01 6.320000780094022774e-01
7.093243307388924501e-01 6.330010417789976307e-01
7.114236339184611957e-01 6.340001060660864773e-01
7.134650971853986334e-01 6.350000083790462435e-01
7.153656374231311954e-01 6.360000034342095931e-01
7.173642990637973949e-01 6.370000397678746706e-01
7.192912987101245381e-01 6.380006925413107544e-01
7.213678590943528590e-01 6.390006239721305326e-01
7.233332510808256899e-01 6.400001547393447954e-01
7.252612047707946985e-01 6.410001503070492657e-01
7.272810953362345288e-01 6.420000330567843250e-01
7.293417410318534522e-01 6.430001397249042183e-01
7.313376302815357555e-01 6.440000148480872211e-01
7.335239633546336568e-01 6.450002938486468773e-01
7.355095500704876832e-01 6.460000318161770450e-01
7.375721612892980339e-01 6.470001354038011909e-01
7.395891579382098957e-01 6.480000415903126587e-01
7.415238433328954493e-01 6.490000490756708817e-01
7.435613045108881991e-01 6.500015882478755724e-01
7.456139768797382938e-01 6.510001073231918012e-01
7.476604134672486524e-01 6.520001507963912868e-01
7.496524232660837228e-01 6.530005782861705299e-01
7.516240526527833143e-01 6.540002840428058573e-01
7.536744730983881979e-01 6.550000863883391755e-01
7.557279736456599117e-01 6.560000960541155779e-01
7.577885504905488290e-01 6.570000028908218326e-01
7.600492790841760771e-01 6.580002373089370860e-01
7.621111078993574317e-01 6.590024395016944592e-01
7.640649598606195081e-01 6.600006413864549781e-01
7.660889315390084775e-01 6.610001162137546515e-01
7.682743738995219118e-01 6.620000352829460422e-01
7.703669942056471376e-01 6.630001636724679459e-01
7.724747299415571922e-01 6.640004397964478500e-01
7.744773213049284122e-01 6.650001707471981938e-01
7.765443638214667432e-01 6.660005449783115150e-01
7.786486480930594478e-01 6.670000152466624144e-01
7.807432689546605076e-01 6.680007172928006387e-01
7.829691334914232748e-01 6.690001074448727048e-01
7.849833455061308030e-01 6.700007092741717685e-01
7.872811707093827494e-01 6.710001507081653216e-01
7.892253870969887508e-01 6.720004248335715857e-01
7.914376710386559211e-01 6.730010163254220856e-01
7.935000029844607727e-01 6.740000407067847643e-01
7.957266416915302898e-01 6.750004860489895453e-01
7.979175873619991366e-01 6.760002196897900717e-01
7.999446388567905686e-01 6.770001785612265177e-01
8.020463424229018479e-01 6.780006323756915254e-01
8.042156840414038665e-01 6.790008856473580545e-01
8.064196360206175029e-01 6.800002037036776414e-01
8.086557555976598977e-01 6.810000094310095786e-01
8.108400357509493173e-01 6.820012344619941214e-01
8.130670632164157530e-01 6.830001281099196131e-01
8.152485554117485655e-01 6.840002727730218890e-01
8.174539289132853881e-01 6.850002003800655936e-01
8.197157931259795305e-01 6.860000990030215018e-01
8.219082302666553819e-01 6.870002443453664398e-01
8.241075120665151132e-01 6.880000854396606247e-01
8.263191102298730328e-01 6.890003419615733371e-01
8.283932163280105510e-01 6.900002094256778573e-01
8.306579362124160149e-01 6.910002381909090552e-01
8.328559144909366552e-01 6.920000214181878384e-01
8.350305119631871165e-01 6.930005150569999994e-01
8.372092718166355141e-01 6.940000775058851046e-01
8.392854650129146776e-01 6.950003394839854298e-01
8.414444860066001564e-01 6.960002609291568998e-01
8.437144470247428529e-01 6.970004960244742254e-01
8.460796286296843327e-01 6.980002419484174769e-01
8.483052014046075229e-01 6.990054718978910842e-01
8.504787316536583930e-01 7.000014711288797820e-01
8.527229475590407670e-01 7.010001127516751751e-01
8.551638715498288690e-01 7.020001383444534060e-01
8.573912148678479728e-01 7.030003157833577543e-01
8.596315097174752617e-01 7.040000235014050034e-01
8.619017400876586299e-01 7.050000609631589255e-01
8.642134655365711904e-01 7.060002194946739529e-01
8.664374517517532404e-01 7.070000524597052083e-01
8.689793549283667540e-01 7.080000251083501395e-01
8.714115725902003007e-01 7.090000831827536487e-01
8.737447893064507198e-01 7.100000390562383190e-01
8.760010424749218316e-01 7.110001280708946325e-01
8.785221707478619857e-01 7.120000597829305722e-01
8.806670124062923044e-01 7.130000853536795358e-01
8.831308409920420877e-01 7.140000270800552773e-01
8.856305412147813527e-01 7.150000503208925329e-01
8.876034370842629251e-01 7.160004776896549128e-01
8.897950776112577564e-01 7.170004077155877065e-01
8.922480336543516799e-01 7.180002231221158659e-01
8.946095231870151432e-01 7.190003833692515389e-01
8.968534666894396601e-01 7.200000367321514050e-01
8.992510299509733906e-01 7.210000089435706361e-01
9.015829019095669139e-01 7.220004014651684177e-01
9.040621800948716036e-01 7.230000168032827412e-01
9.064275379901233221e-01 7.240000829054923370e-01
9.088032202722280406e-01 7.250000792949063966e-01
9.111441863526952289e-01 7.260001078782747364e-01
9.136112239291844794e-01 7.270000500555561240e-01
9.158974865926442499e-01 7.280000287762309341e-01
9.182101983769594966e-01 7.290001307996027968e-01
9.207490774894460106e-01 7.300001395350574906e-01
9.231189813285716195e-01 7.310000416174333715e-01
9.254291672298254889e-01 7.320003200201194993e-01
9.279464074386729600e-01 7.330001014408199511e-01
9.301613066282206077e-01 7.340001348411702153e-01
9.326887703379507233e-01 7.350003174673178652e-01
9.351399148390080462e-01 7.360002801703284803e-01
9.377137422814961765e-01 7.370001306380549178e-01
9.402477731025187246e-01 7.380000083757345397e-01
9.425894384318536101e-01 7.390000227102295760e-01
9.451937163672907705e-01 7.400000160449866637e-01
9.477358790779500941e-01 7.410002095986631954e-01
9.503191264647615766e-01 7.420000299686528855e-01
9.528595651924267607e-01 7.430002304668082980e-01
9.552547391734491633e-01 7.440000007669954618e-01
9.578347153503314892e-01 7.450000661226938714e-01
9.604405986055200017e-01 7.460000490659191019e-01
9.628709866030306097e-01 7.470000051636658256e-01
9.654579768133544349e-01 7.480013761891906032e-01
9.681429948107447281e-01 7.490028853370418460e-01
9.707269483852341008e-01 7.500003624047322237e-01
9.733953052894825930e-01 7.510000345520754239e-01
9.760677436359193049e-01 7.520005172863279963e-01
9.787681864721724523e-01 7.530004332930205768e-01
9.813295301914393143e-01 7.540001415585091404e-01
9.839708055727653946e-01 7.550003509326392859e-01
9.866152563490648841e-01 7.560004522974896890e-01
9.892391709464141147e-01 7.570000161151246854e-01
9.917903053850514183e-01 7.580000922303484767e-01
9.944804892239580418e-01 7.590002366482180296e-01
9.970922614605111090e-01 7.600000202023911022e-01
9.995644423538223577e-01 7.610001273761767271e-01
1.002343104449083810e+00 7.620102543702886866e-01
1.004748042604410196e+00 7.630004992040146927e-01
1.007385560541605773e+00 7.640001304564296714e-01
1.010202886957021207e+00 7.650000265343025463e-01
1.012954726460367993e+00 7.660000258450666566e-01
1.015784237682815450e+00 7.670003919902088629e-01
1.018630297720631184e+00 7.680000344080646357e-01
1.021304153229238398e+00 7.690002890748557363e-01
1.023854669192243882e+00 7.700000210355204544e-01
1.026627003693564077e+00 7.710000555452891646e-01
1.029434879519501855e+00 7.720001533820182171e-01
1.032246392194034357e+00 7.730000283046341014e-01
1.035128240837616787e+00 7.740003559765820107e-01
1.037848521843880656e+00 7.750000406463506408e-01
1.040753194615108734e+00 7.760012497207788851e-01
1.043536127690666504e+00 7.770004347907885078e-01
1.046287605291266631e+00 7.780000034393848019e-01
1.049074997637019058e+00 7.790000168395819768e-01
1.051849154804010977e+00 7.800012372806459648e-01
1.054779572133675902e+00 7.810000855149814569e-01
1.057749579539760232e+00 7.820001360007209357e-01
1.060837558781006607e+00 7.830010214150365799e-01
1.063695230750284715e+00 7.840000815990838534e-01
1.066551234133200854e+00 7.850001795600380916e-01
1.069489978388066920e+00 7.860000283435002455e-01
1.072272962431571663e+00 7.870010283603730006e-01
1.075050100998104607e+00 7.880000550050684227e-01
1.078013853194171423e+00 7.890000288939810202e-01
1.080923245732040350e+00 7.900001559044564914e-01
1.083830376832807030e+00 7.910004962702021913e-01
1.086662290871397651e+00 7.920000528332697964e-01
1.089679700568765952e+00 7.930000920254218766e-01
1.092724981757558833e+00 7.940001476862417196e-01
1.095833566009847715e+00 7.950000001481252188e-01
1.098890788132707463e+00 7.960001568420627116e-01
1.102111814014562707e+00 7.970002079190604549e-01
1.105034653281773416e+00 7.980017119459826835e-01
1.108127722815646976e+00 7.990000005276094441e-01
1.111269328122322264e+00 8.000000013631495266e-01
1.114223935396754683e+00 8.010000562333589036e-01
1.117335455940802635e+00 8.020024361302836580e-01
1.120444832812586222e+00 8.030003008842442336e-01
1.123570942590879529e+00 8.040007027243627480e-01
1.126714603122863867e+00 8.050000983048130054e-01
1.129764215916010617e+00 8.060001594882423293e-01
1.132956088059749788e+00 8.070008012673565156e-01
1.136290507431524599e+00 8.080000582452663282e-01
1.139523213776549859e+00 8.090000077035711668e-01
1.142476915157538020e+00 8.100007801175657107e-01
1.145882828624559036e+00 8.110000207766897562e-01
1.149235711592139664e+00 8.120004172714840873e-01
1.152580664285551615e+00 8.130000625686677473e-01
1.155946778686574472e+00 8.140001706321358110e-01
1.159255751421452096e+00 8.150000395629657390e-01
1.162574719781368948e+00 8.160000855139709630e-01
1.165932103226997363e+00 8.170000614323237320e-01
1.169387828436059706e+00 8.180000935656668304e-01
1.172676175615943839e+00 8.190000483163963896e-01
1.176140559071513714e+00 8.200001129530135602e-01
1.179513648243421864e+00 8.210000187758971224e-01
1.182754552272742288e+00 8.220000221357328662e-01
1.186205962622141064e+00 8.230000122087628434e-01
1.189680564569820298e+00 8.240001162123528067e-01
1.193217780863725430e+00 8.250001377254370105e-01
1.196589453346678322e+00 8.260005207724536724e-01
1.199968034638220882e+00 8.270000168037512367e-01
1.203477627762449487e+00 8.280000758284508100e-01
1.207244972132554661e+00 8.290000450348394834e-01
1.210739461690665042e+00 8.300003182129328527e-01
1.214346122239944092e+00 8.310001014217403004e-01
1.217737781505298322e+00 8.320078956523045965e-01
1.221309932091361405e+00 8.330001428283404508e-01
1.224929890102092411e+00 8.340000174846434744e-01
1.228451468471918995e+00 8.350000971226376745e-01
1.232055270502816269e+00 8.360001846120652669e-01
1.235833799917093634e+00 8.370000545718181417e-01
1.239664877409362820e+00 8.380000034291317235e-01
1.243349036655162054e+00 8.390000668210947365e-01
1.247167655024245647e+00 8.400001880498400020e-01
1.250905025848633390e+00 8.410000386733907929e-01
1.254768291856646290e+00 8.420001137071673192e-01
1.258606371611830088e+00 8.430002632684647779e-01
1.262254113090399699e+00 8.440005152689605827e-01
1.266290684886275386e+00 8.450000445582008801e-01
1.270125506747113331e+00 8.460000098339492958e-01
1.274175394355742785e+00 8.470000199602701896e-01
1.278135461294266584e+00 8.480009954700371555e-01
1.282039468823338746e+00 8.490002044098401424e-01
1.285823063220800311e+00 8.500000112212708903e-01
1.289880881686047642e+00 8.510000033419837795e-01
1.293908597347808609e+00 8.520000802070384349e-01
1.297639658977147725e+00 8.530000016978489530e-01
1.301492882269483342e+00 8.540000688983653276e-01
1.305694125534326844e+00 8.550003493035094326e-01
1.309672351795329703e+00 8.560001238511809607e-01
1.313554435354704841e+00 8.570001158432336563e-01
1.317886152914077957e+00 8.580000152455653506e-01
1.322026803039708653e+00 8.590000265431583237e-01
1.326084113112788954e+00 8.600000457462082526e-01
1.330235940639811432e+00 8.610000115984646207e-01
1.334442437552672001e+00 8.620000511117995590e-01
1.338521889115156238e+00 8.630000942894040517e-01
1.342954336631070333e+00 8.640000028301895174e-01
1.347278838072281992e+00 8.650003269886167301e-01
1.351434688888879965e+00 8.660001190666803961e-01
1.355898563814229796e+00 8.670004297133730997e-01
1.360201152588627505e+00 8.680007119457124887e-01
1.364548555202258040e+00 8.690000629288130440e-01
1.369029921767704661e+00 8.700002011456748896e-01
1.373462740967017481e+00 8.710000859585438349e-01
1.378027781972088084e+00 8.720000082137540076e-01
1.382303348627816009e+00 8.730000707395703108e-01
1.386764303919333141e+00 8.740001609417142880e-01
1.391378580797857589e+00 8.750000039716323563e-01
1.395717219145921506e+00 8.760000069149802560e-01
1.400432946757026009e+00 8.770000189868918383e-01
1.405162292104306099e+00 8.780000305804618321e-01
1.409742298890039214e+00 8.790000992370869959e-01
1.414354954135783160e+00 8.800000503944701569e-01
1.419013875222153054e+00 8.810015405658475629e-01
1.423839024457247415e+00 8.820000429555231447e-01
1.428371416092240942e+00 8.830001411671580813e-01
1.433265993072705857e+00 8.840000061802557596e-01
1.438309014064375724e+00 8.850002320261244337e-01
1.443119203012221519e+00 8.860000020955746125e-01
1.447993700256604566e+00 8.870000717880879293e-01
1.452948876703789693e+00 8.880000027159725695e-01
1.457918253112301166e+00 8.890002244804924292e-01
1.462807788373228668e+00 8.900001051544156327e-01
1.467868686798935229e+00 8.910000167746393585e-01
1.472836759902982129e+00 8.920003379199862303e-01
1.477868147434573176e+00 8.930002101267534576e-01
1.482811085730233014e+00 8.940000055133978663e-01
1.488023960563674475e+00 8.950001336187159984e-01
1.493147547359363614e+00 8.960000673124177695e-01
1.498412323668042667e+00 8.970000871887591209e-01
1.503656576978758874e+00 8.980000517085766631e-01
1.509084402425578064e+00 8.990001991724025920e-01
1.514229928532871527e+00 9.000000086741291039e-01
1.519352281799436710e+00 9.010001330827462906e-01
1.524705039258277495e+00 9.020000094312963235e-01
1.530138040826572565e+00 9.030000264125708220e-01
1.535613649943134318e+00 9.040001917115862984e-01
1.541175099004274518e+00 9.050000092312633360e-01
1.546730792251305608e+00 9.060000755854731302e-01
1.552369167089549196e+00 9.070000518570906500e-01
1.558093676847298603e+00 9.080003437597867766e-01
1.563866936035928745e+00 9.090000757530304343e-01
1.569661063223947162e+00 9.100000257076819032e-01
1.575378064715710291e+00 9.110000833816935817e-01
1.581265585341633306e+00 9.120001132633617225e-01
1.587098355715778730e+00 9.130000331006953296e-01
1.592779234280297551e+00 9.140000250757409628e-01
1.598638243464263198e+00 9.150000971656582216e-01
1.604689935642208631e+00 9.160005294734598902e-01
1.610777698716686857e+00 9.170001201308841665e-01
1.616986022129269340e+00 9.180000554610632246e-01
1.623416401748030591e+00 9.190000282245345264e-01
1.629836092454412411e+00 9.200001301281687249e-01
1.636106649704133886e+00 9.210000061329965959e-01
1.642651610202779278e+00 9.220002712956396618e-01
1.649320647072527679e+00 9.230000146576246012e-01
1.655817537427235031e+00 9.240000974661861655e-01
1.662709463087442607e+00 9.250002293376922147e-01
1.669418871375101698e+00 9.260000921903562832e-01
1.676362302968063211e+00 9.270000814407179934e-01
1.683672508628260456e+00 9.280000077730610197e-01
1.690892291652427382e+00 9.290000289758062468e-01
1.698172698944152792e+00 9.300000197100185551e-01
1.705676564892722347e+00 9.310000238290214725e-01
1.713080557761918143e+00 9.320000291391715708e-01
1.720618424178040895e+00 9.330000502003206186e-01
1.728186421154761510e+00 9.340001273098478274e-01
1.735895400541976885e+00 9.350000282413516439e-01
1.743574281693489159e+00 9.360002071033051152e-01
1.751575929212092486e+00 9.370000724068449083e-01
1.759680651912224558e+00 9.380000194167842364e-01
1.768075617709924385e+00 9.390000196908637742e-01
1.776418682098908963e+00 9.400000528955569923e-01
1.784816798850000552e+00 9.410000075041162759e-01
1.793245600592879185e+00 9.420000174992534392e-01
1.801857628475722173e+00 9.430000022207790655e-01
1.810694439545850409e+00 9.440000469008625883e-01
1.819755215138529447e+00 9.450000084299597924e-01
1.828888751867880025e+00 9.460002773993514413e-01
1.838250518483615537e+00 9.470001521764016550e-01
1.847947559293206421e+00 9.480000693847024928e-01
1.857544456466251326e+00 9.490002652790155979e-01
1.867572490053406753e+00 9.500000099664034359e-01
1.877472008906985623e+00 9.510000140954125714e-01
1.887674369576024525e+00 9.520000177312478717e-01
1.897926252319035445e+00 9.530000464631002144e-01
1.908586607942450275e+00 9.540000100281477158e-01
1.919481691584087324e+00 9.550000192264195276e-01
1.930272994586661461e+00 9.560000017883326651e-01
1.941896961496405893e+00 9.570000609346677178e-01
1.953480969974020987e+00 9.580000376156555530e-01
1.965433841496349032e+00 9.590000235732376588e-01
1.977570902956130583e+00 9.600000344378959438e-01
1.989961204777570103e+00 9.610001309043788575e-01
2.002649785262154314e+00 9.620000162149603407e-01
2.015654293791422802e+00 9.630000190616140321e-01
2.029029578967112890e+00 9.640000426449600868e-01
2.042822187498029241e+00 9.650000090379130535e-01
2.057386652361037349e+00 9.660000323259313459e-01
2.071980085789793424e+00 9.670002223006685105e-01
2.087244225814267828e+00 9.680000482719633981e-01
2.103069038346456310e+00 9.690000027230368795e-01
2.119585841707426255e+00 9.700000017089737137e-01
2.136564163058052745e+00 9.710000078059276563e-01
2.154552428286867549e+00 9.720000640178677598e-01
2.172629550217293648e+00 9.730000015930536650e-01
2.191467744878536017e+00 9.740000004978276449e-01
2.210976297008658165e+00 9.750000500768393197e-01
2.232144124886219050e+00 9.760000029277137168e-01
2.253852980725350896e+00 9.770000381307026860e-01
2.276052751558705456e+00 9.780000297294778600e-01
2.299225526421885490e+00 9.790000167611109250e-01
2.323555084585082309e+00 9.800000203530733200e-01
2.349547040196893644e+00 9.810000132082364876e-01
2.376952157283126255e+00 9.820000011646944360e-01
2.405720802273500603e+00 9.830000112914517585e-01
2.436550473216062773e+00 9.840000103019006517e-01
2.468987200145265071e+00 9.850000077953322553e-01
2.503245253213960186e+00 9.860000018160395285e-01
2.539687861926791523e+00 9.870000005187674619e-01
2.578496449512221567e+00 9.880000074162266221e-01
2.621126718619878115e+00 9.890000082378764823e-01
2.668456541151417838e+00 9.900000349551817402e-01
2.720597011826370704e+00 9.910000014104102251e-01
2.777868779616021300e+00 9.920000082505234795e-01
2.841806977864257178e+00 9.930000097599912534e-01
2.915624511372571170e+00 9.940000111541332783e-01
3.003186479132247566e+00 9.950000024487531958e-01
3.109897055908465546e+00 9.960000198387669590e-01
3.248285027644064016e+00 9.970000004708777785e-01
3.441255045738098595e+00 9.980000004954766579e-01
3.764902283220053381e+00 9.990000021567455590e-01
1.404915428360315843e+01 9.999999999996466160e-01
