# Random field Heisenberg chain
# L=14, J=1, Delta=0.3, W=1.5, h_i in [-W,W]
# Integrated spectral function of the Anderson LIOMs I_alpha
# omega I_alpha

0.000000000000000000e+00 1.004423727511102524e-03
0.000000000000000000e+00 2.055181525919374998e-03
0.000000000000000000e+00 3.109977028845057299e-03
0.000000000000000000e+00 4.193982359998861195e-03
0.000000000000000000e+00 5.009664474623087838e-03
0.000000000000000000e+00 6.013271551208699932e-03
0.000000000000000000e+00 7.015687949398652194e-03
0.000000000000000000e+00 8.023585663719575573e-03
0.000000000000000000e+00 9.027135351209986808e-03
0.000000000000000000e+00 1.003222971869003471e-02
0.000000000000000000e+00 1.101249898113518429e-02
0.000000000000000000e+00 1.213405799825247391e-02
0.000000000000000000e+00 1.301633322342489636e-02
0.000000000000000000e+00 1.403157892394948925e-02
0.000000000000000000e+00 1.500793631718133105e-02
0.000000000000000000e+00 1.601041282425919726e-02
0.000000000000000000e+00 1.700360973168448669e-02
0.000000000000000000e+00 1.800530536166294188e-02
0.000000000000000000e+00 1.901087415875546069e-02
0.000000000000000000e+00 2.004498760560169054e-02
0.000000000000000000e+00 2.101197846178555137e-02
0.000000000000000000e+00 2.206020104138345719e-02
0.000000000000000000e+00 2.303997061242160638e-02
0.000000000000000000e+00 2.402653500269991138e-02
0.000000000000000000e+00 2.502574995767874871e-02
0.000000000000000000e+00 2.610508481734136882e-02
0.000000000000000000e+00 2.702524725340480632e-02
0.000000000000000000e+00 2.804613479199517118e-02
0.000000000000000000e+00 2.901630447897499132e-02
0.000000000000000000e+00 3.003965773535719266e-02
0.000000000000000000e+00 3.103097345702270776e-02
0.000000000000000000e+00 3.201049515466361517e-02
0.000000000000000000e+00 3.302315054036467079e-02
0.000000000000000000e+00 3.401328509852775961e-02
0.000000000000000000e+00 3.505702516211660347e-02
0.000000000000000000e+00 3.600941612146477122e-02
0.000000000000000000e+00 3.704182752768483966e-02
0.000000000000000000e+00 3.802473675235455708e-02
0.000000000000000000e+00 3.908072520121431276e-02
0.000000000000000000e+00 4.002581879961604472e-02
0.000000000000000000e+00 4.120093180472685773e-02
0.000000000000000000e+00 4.201615507106389730e-02
0.000000000000000000e+00 4.300570657138686609e-02
0.000000000000000000e+00 4.401105699826091122e-02
0.000000000000000000e+00 4.500828123651574864e-02
0.000000000000000000e+00 4.601567347681912584e-02
0.000000000000000000e+00 4.707426809945109564e-02
0.000000000000000000e+00 4.814302868099011590e-02
0.000000000000000000e+00 4.900656998286311017e-02
0.000000000000000000e+00 5.000829802211803621e-02
0.000000000000000000e+00 5.100222941267245486e-02
0.000000000000000000e+00 5.200775348064962111e-02
0.000000000000000000e+00 5.302492062846736465e-02
0.000000000000000000e+00 5.403216345268474496e-02
0.000000000000000000e+00 5.500747290640080334e-02
0.000000000000000000e+00 5.600001912543291216e-02
0.000000000000000000e+00 5.701055472340774838e-02
0.000000000000000000e+00 5.821070296398479782e-02
0.000000000000000000e+00 5.901933226100544716e-02
0.000000000000000000e+00 6.000307498213950513e-02
0.000000000000000000e+00 6.100600226452627950e-02
0.000000000000000000e+00 6.203856528969422385e-02
0.000000000000000000e+00 6.304712420649528914e-02
0.000000000000000000e+00 6.400343519011492122e-02
0.000000000000000000e+00 6.502380758589262899e-02
0.000000000000000000e+00 6.601967237702323354e-02
0.000000000000000000e+00 6.712485695411848918e-02
0.000000000000000000e+00 6.813123454701827675e-02
0.000000000000000000e+00 6.901267225703960895e-02
0.000000000000000000e+00 7.003949343845701503e-02
0.000000000000000000e+00 7.104777137806049525e-02
0.000000000000000000e+00 7.201263120051908107e-02
0.000000000000000000e+00 7.301567982288470482e-02
0.000000000000000000e+00 7.400150523524440249e-02
0.000000000000000000e+00 7.512380594687569080e-02
0.000000000000000000e+00 7.600109752248102035e-02
2.853164932616891747e-04 7.704153624166089342e-02
4.608057929049724777e-04 7.802678937338707044e-02
5.920546243558533206e-04 7.900328673211547137e-02
6.949971763230422539e-04 8.004613503192867241e-02
7.523146496715149567e-04 8.107631693837556719e-02
8.392160882919608156e-04 8.201062809136584753e-02
9.234181598367641186e-04 8.300105416237257838e-02
9.923750256797259084e-04 8.401777522121224584e-02
1.051699401321881666e-03 8.500096606270883537e-02
1.106887443462878373e-03 8.602682710153221335e-02
1.169763695174075302e-03 8.700128764828092554e-02
1.218907979148919907e-03 8.800068942756612833e-02
1.282994587754937577e-03 8.900306219301813704e-02
1.352683156425005251e-03 9.000009287246694967e-02
1.414442185164732635e-03 9.100560850201522278e-02
1.494140506760999187e-03 9.200048542460516343e-02
1.539207416089927172e-03 9.302140858817349589e-02
1.592039234173503459e-03 9.402448865692106250e-02
1.648629398203649288e-03 9.501444400407657587e-02
1.712541373984188819e-03 9.600366701017393201e-02
1.768641220477928933e-03 9.700125081432559027e-02
1.834687694787007217e-03 9.800083151871269438e-02
1.900748840348187585e-03 9.900048533027143438e-02
1.960828972560779704e-03 1.000006518225466656e-01
2.007673495439732392e-03 1.010219020030382886e-01
2.045522031789648310e-03 1.020051784638886239e-01
2.094429861349667021e-03 1.030038789315715075e-01
2.146675692197508312e-03 1.040111076080568464e-01
2.195070790381142833e-03 1.050008713848571279e-01
2.244375647705965093e-03 1.060061010125553649e-01
2.286618759676086604e-03 1.070121925179707556e-01
2.322960261035511564e-03 1.081113750984671329e-01
2.372272929409113829e-03 1.090336208020918352e-01
2.423644235286293025e-03 1.100070436549064473e-01
2.474892702440945058e-03 1.110077322461796995e-01
2.515691870327879665e-03 1.120014510206655683e-01
2.573190070690040132e-03 1.130066975479817742e-01
2.630392424224137216e-03 1.140045886382787116e-01
2.665132551827653629e-03 1.150112039732612557e-01
2.736452210990947265e-03 1.160018086334120846e-01
2.771600482546432431e-03 1.170221724533272167e-01
2.816720221827384574e-03 1.180160637127675716e-01
2.859604387620562349e-03 1.190220707952329288e-01
2.934278622992780861e-03 1.200020150785296863e-01
2.989467160723568995e-03 1.210015462763810307e-01
3.043190218861679952e-03 1.220196460032586805e-01
3.111242761661858758e-03 1.230106668378427998e-01
3.166051610694164964e-03 1.240105295538855429e-01
3.219817086782608695e-03 1.250021660747893115e-01
3.273038434020936194e-03 1.260728040153590579e-01
3.354719725972232780e-03 1.270076481213741615e-01
3.410072237749250945e-03 1.280794913623468922e-01
3.462418530400523942e-03 1.290208936018426844e-01
3.524606000457897181e-03 1.300172801528690358e-01
3.581600296342579703e-03 1.310021681329625320e-01
3.625360904797370054e-03 1.320269146349219158e-01
3.682650188818303860e-03 1.330328576777212168e-01
3.730647790668228936e-03 1.340072823475897679e-01
3.788428698079826518e-03 1.350019224210015356e-01
3.850130382942573704e-03 1.360208094330416506e-01
3.925217505168387966e-03 1.370046921669860474e-01
3.993516340761282812e-03 1.380031116162027671e-01
4.061424384301570711e-03 1.390243949281900482e-01
4.113785388328183856e-03 1.400020593754624787e-01
4.220525261025231956e-03 1.410095974180280709e-01
4.271310473918044082e-03 1.420008131640584370e-01
4.334517547142757721e-03 1.430036965642275115e-01
4.398384126292897989e-03 1.440030351222604810e-01
4.459814388741767388e-03 1.450012185083306981e-01
4.530949631587954940e-03 1.460111884181457542e-01
4.581246713421194272e-03 1.470035447487285096e-01
4.643435375532911635e-03 1.480106288951812121e-01
4.706050101193293145e-03 1.490005420315713702e-01
4.761660509794762852e-03 1.500032990349664530e-01
4.799734249072873382e-03 1.510002745736232499e-01
4.867874764931556797e-03 1.520103454867468562e-01
4.923159511931896049e-03 1.530007544251888452e-01
4.972527629523881831e-03 1.540012699776550920e-01
5.013056820676098368e-03 1.550056689284252942e-01
5.055989305259800393e-03 1.560017286953503113e-01
5.129170240032898676e-03 1.570112425856402261e-01
5.194298107910721995e-03 1.580223658251048158e-01
5.253306134068380651e-03 1.590011615313919324e-01
5.312708475639693617e-03 1.600015426571557708e-01
5.351085260447696612e-03 1.610118836243948914e-01
5.427200122895325940e-03 1.620022055246168602e-01
5.474661979815831359e-03 1.630029674381733296e-01
5.528417999624668511e-03 1.640004229305496719e-01
5.573283157061847959e-03 1.650218346700543792e-01
5.658907442913641006e-03 1.660141225925857444e-01
5.729063650280585840e-03 1.670013299808654761e-01
5.791071226254995707e-03 1.680228330901922251e-01
5.857896927677352927e-03 1.690029296006176351e-01
5.912438034508582518e-03 1.700026554710309112e-01
5.990769051625322028e-03 1.710037112761051692e-01
6.041420730504398762e-03 1.720026516579215570e-01
6.123867057415965931e-03 1.730006557907780851e-01
6.190542506454788096e-03 1.740002201104560442e-01
6.264272503055501318e-03 1.750822092095397353e-01
6.330445778738980067e-03 1.760014881156055644e-01
6.403207033223612399e-03 1.770056106616122449e-01
6.471048847729310438e-03 1.780114143683498296e-01
6.544007058242318209e-03 1.790081430189827683e-01
6.614328958350956800e-03 1.800000973633519297e-01
6.695771309577880359e-03 1.810043777327236536e-01
6.751442513859728933e-03 1.820044299520413300e-01
6.811150204024674082e-03 1.830013961257674349e-01
6.873605703487939422e-03 1.840408674149378032e-01
6.932325439475195417e-03 1.850107431763403643e-01
7.023441870214530702e-03 1.860011691962955016e-01
7.089599315597716611e-03 1.870035322596370064e-01
7.171467989063318171e-03 1.880141083105111854e-01
7.260676739629115528e-03 1.890006067416120650e-01
7.340746960495803108e-03 1.900000134266017493e-01
7.420790164908153130e-03 1.910007125915374748e-01
7.516643243952424169e-03 1.920019532881575841e-01
7.594510685219879598e-03 1.930014695583999740e-01
7.661547291389680936e-03 1.940016582895750796e-01
7.717869560508017202e-03 1.950007157527629542e-01
7.784491851050789890e-03 1.960034788113775017e-01
7.890193253702104670e-03 1.970131687123060360e-01
7.937309180021667743e-03 1.980044765158455455e-01
8.028857981973613889e-03 1.990050825655169386e-01
8.100723393260400584e-03 2.000029652070579866e-01
8.188486841762099289e-03 2.010069256461647913e-01
8.257981932007218973e-03 2.020008535158627494e-01
8.351221469567793321e-03 2.030040653300635711e-01
8.417878110553722593e-03 2.040097893060495993e-01
8.501374805124806144e-03 2.050104599384891813e-01
8.601472126150699893e-03 2.060026504588383933e-01
8.698985779095058657e-03 2.070031604065943054e-01
8.770553106747847050e-03 2.080037132058306926e-01
8.841945649975119226e-03 2.090186261751138808e-01
8.923041333601888780e-03 2.100026755987565996e-01
9.017166650821195617e-03 2.110025367394593176e-01
9.079778023031302714e-03 2.120138416174010276e-01
9.152551895049931829e-03 2.130289995037808193e-01
9.233936958245758664e-03 2.140128624759932430e-01
9.303700079179355598e-03 2.150180363040486708e-01
9.377973270321859900e-03 2.160097222452491694e-01
9.465563696672507632e-03 2.170008487697026311e-01
9.510476772230491704e-03 2.180003832366683436e-01
9.610762321521360008e-03 2.190007069739930146e-01
9.688550945919693902e-03 2.200003185127697158e-01
9.786765313291700963e-03 2.210132662127591296e-01
9.871256928587701651e-03 2.220083907486108399e-01
9.960471915090085560e-03 2.230057917103842879e-01
1.006326925772990655e-02 2.240056339919505313e-01
1.015368345273248707e-02 2.250088437233805083e-01
1.024969866424713105e-02 2.260001767065164813e-01
1.033066788610792486e-02 2.270042132250300604e-01
1.039724126693375439e-02 2.280026963138197527e-01
1.047339383770706789e-02 2.290127924283103800e-01
1.056631508019428844e-02 2.300001760935032891e-01
1.064653662192549533e-02 2.310074402655717674e-01
1.071091161114068324e-02 2.320007812546240056e-01
1.081164846674399077e-02 2.330099797601901390e-01
1.086575941344181118e-02 2.340140846767043981e-01
1.094576864887253365e-02 2.350021762292141825e-01
1.105799122822492819e-02 2.360182632972196715e-01
1.112576812497367840e-02 2.370053961007881627e-01
1.122547362334080923e-02 2.380005576151608682e-01
1.131171942126352192e-02 2.390112837679662650e-01
1.141051035090967503e-02 2.400011473048427879e-01
1.149215408349579803e-02 2.410028651849939196e-01
1.160494575826254149e-02 2.420074278616590746e-01
1.172905062727247483e-02 2.430011382052646718e-01
1.183171660750081955e-02 2.440062475563017363e-01
1.192664836399204287e-02 2.450002063755606641e-01
1.205163104472051216e-02 2.460053238510883089e-01
1.213886145516251958e-02 2.470032475085048029e-01
1.226178420135060065e-02 2.480115506014718418e-01
1.236487079389458899e-02 2.490017315853949309e-01
1.247290118105637280e-02 2.500340232416288222e-01
1.256396919123314859e-02 2.510077234241948063e-01
1.262217064740611683e-02 2.520006988981465801e-01
1.272925640221977961e-02 2.530111974325429669e-01
1.286845673824077441e-02 2.540009720588544129e-01
1.297836166263888202e-02 2.550186053124297580e-01
1.307343559659690513e-02 2.560008775353661559e-01
1.317292518219170816e-02 2.570002710252232703e-01
1.327064063790805992e-02 2.580003568481077370e-01
1.335650725695014529e-02 2.590035339625820776e-01
1.344098348597766446e-02 2.600258802895948351e-01
1.353865543628129942e-02 2.610002892929592089e-01
1.362486867902656940e-02 2.620188410809907165e-01
1.371413335088467189e-02 2.630034120926557639e-01
1.381020949362032901e-02 2.640024795972976679e-01
1.393765129018476046e-02 2.650018935310828327e-01
1.404827759726634540e-02 2.660019370603047273e-01
1.414238328459851979e-02 2.670006612319719697e-01
1.423585689803896770e-02 2.680015957357717582e-01
1.433057457111530653e-02 2.690004216233520262e-01
1.443383472054449168e-02 2.700083496620387935e-01
1.455053240761161604e-02 2.710019429092298537e-01
1.467943201079319193e-02 2.720002043706607475e-01
1.479398810509413575e-02 2.730008315257809182e-01
1.491790102537393636e-02 2.740004380754034186e-01
1.501711313503062417e-02 2.750011285979395703e-01
1.512527481333991730e-02 2.760080811717819937e-01
1.521705635930487022e-02 2.770037718247611025e-01
1.531909020531507792e-02 2.780435738451664252e-01
1.543594050518759531e-02 2.790025679731952257e-01
1.556513454595753743e-02 2.800046115400082192e-01
1.565355834938619850e-02 2.810005064125880025e-01
1.573523781606445127e-02 2.820000820692137311e-01
1.585726926625941058e-02 2.830048785685495560e-01
1.596289876246137496e-02 2.840018421931558290e-01
1.608068629572889652e-02 2.850004830908698938e-01
1.620457695548965793e-02 2.860007884969675285e-01
1.633553679748822596e-02 2.870065815784070828e-01
1.644794569646604310e-02 2.880064112842471991e-01
1.659095696262380404e-02 2.890016437346091815e-01
1.674088398963657909e-02 2.900008529852795003e-01
1.687441345231066592e-02 2.910026504934316027e-01
1.699895919152766277e-02 2.920025070521766741e-01
1.712583573641007773e-02 2.930000481385172661e-01
1.723115831775645646e-02 2.940003119509123075e-01
1.736781938870723963e-02 2.950122747930945533e-01
1.747852724989573669e-02 2.960004158797741036e-01
1.760749149209139830e-02 2.970005650435197375e-01
1.774934918976245335e-02 2.980179060991723361e-01
1.788328601050526157e-02 2.990007566248663595e-01
1.799596061371222522e-02 3.000033102686448516e-01
1.812710608040579707e-02 3.010005095081854098e-01
1.825429856934990269e-02 3.020020735927188560e-01
1.839080485209433624e-02 3.030042087697074060e-01
1.851781847409128545e-02 3.040011755829045703e-01
1.866249221713855988e-02 3.050058659705015551e-01
1.877665313838783323e-02 3.060009927098566451e-01
1.891194309363974924e-02 3.070049005348802207e-01
1.902558237710372246e-02 3.080009320951632712e-01
1.915801222222968114e-02 3.090011458437277869e-01
1.929734795741788744e-02 3.100027814300114759e-01
1.948862251287621083e-02 3.110120841621085153e-01
1.963694556647610501e-02 3.120015201517471470e-01
1.979452749496024566e-02 3.130003761972742216e-01
1.993014408060123088e-02 3.140000186274370386e-01
2.004656512466740370e-02 3.150079692595168512e-01
2.016795073738375521e-02 3.160036955046360840e-01
2.031516475691907964e-02 3.170000410967558913e-01
2.045132734997090473e-02 3.180024640597752250e-01
2.057730726284168199e-02 3.190012365970403274e-01
2.071252498720044244e-02 3.200212772091740043e-01
2.083038513329193986e-02 3.210015656584975785e-01
2.094562704827862554e-02 3.220002347885499439e-01
2.109694022543773251e-02 3.230016058216809149e-01
2.126155375256333357e-02 3.240130453471802285e-01
2.142089341890929255e-02 3.250001287910830872e-01
2.155463795774625879e-02 3.260074701493407279e-01
2.173658419700558175e-02 3.270005422153319241e-01
2.190489917926319308e-02 3.280004768651107461e-01
2.206277917740284700e-02 3.290005448769003360e-01
2.221248140624965117e-02 3.300024752882891876e-01
2.236775259714318675e-02 3.310042868284387985e-01
2.255574870497323303e-02 3.320008424829470339e-01
2.271733798123494463e-02 3.330005356491174129e-01
2.288943837824186645e-02 3.340122730928837269e-01
2.300220120793428080e-02 3.350091467064668649e-01
2.315085166281563578e-02 3.360034149066293829e-01
2.330228308272119797e-02 3.370049525687426328e-01
2.348270708087563108e-02 3.380025861723734426e-01
2.358403927886926210e-02 3.390018189443237961e-01
2.373127563024657327e-02 3.400045122292424393e-01
2.390780146893045632e-02 3.410003269196585363e-01
2.405073734934615182e-02 3.420003508738729270e-01
2.421004862525610868e-02 3.430020327132191071e-01
2.432286151127016627e-02 3.440075014992531877e-01
2.446013351761555654e-02 3.450288572841959667e-01
2.465299820736838177e-02 3.460009467789849635e-01
2.477883777956169098e-02 3.470013671126392918e-01
2.494083045506534368e-02 3.480002367899478477e-01
2.508440357551822153e-02 3.490028678127191641e-01
2.523186134982918771e-02 3.500025715669426440e-01
2.541179963497230965e-02 3.510035129351239958e-01
2.557289745233859435e-02 3.520081456771135819e-01
2.573922953891044987e-02 3.530005328482521687e-01
2.590389874496068501e-02 3.540002424139836457e-01
2.605890211194683559e-02 3.550000295679268669e-01
2.622967039278301105e-02 3.560000092399905336e-01
2.638979901430493769e-02 3.570101488807383427e-01
2.655129988010951347e-02 3.580008887975935639e-01
2.675425217626292707e-02 3.590013177852410253e-01
2.691550887215093946e-02 3.600019889927548178e-01
2.709577594912815357e-02 3.610040341065232083e-01
2.724104571319241330e-02 3.620009744075798896e-01
2.739394619247847995e-02 3.630020350080680469e-01
2.760105616833746778e-02 3.640006571771293720e-01
2.780371889454791301e-02 3.650019842716171192e-01
2.796254397321185081e-02 3.660016462598877363e-01
2.813929380875811181e-02 3.670005458428237666e-01
2.832716937410850733e-02 3.680041136000208324e-01
2.850004940705685996e-02 3.690012307332474761e-01
2.865754086730853967e-02 3.700010283301461422e-01
2.882180191048622220e-02 3.710039262106356595e-01
2.898359363507213571e-02 3.720007693345852573e-01
2.915898664225868853e-02 3.730067856533623716e-01
2.936888676844162660e-02 3.740128593337219143e-01
2.952799003514394727e-02 3.750004751140793013e-01
2.969625791629169898e-02 3.760008826569686824e-01
2.989267962912389720e-02 3.770021596058654167e-01
3.007218563541566581e-02 3.780026677258075396e-01
3.025526609872286610e-02 3.790003408342728086e-01
3.044036593150778458e-02 3.800035302604181653e-01
3.062009150882133435e-02 3.810000046174376043e-01
3.083647878199746728e-02 3.820012557927237595e-01
3.100310398595276795e-02 3.830096247141498433e-01
3.120783709418184504e-02 3.840054092392727880e-01
3.137476613815737281e-02 3.850036651289925893e-01
3.159213604405838871e-02 3.860049954804651295e-01
3.175125829408975697e-02 3.870002147146789917e-01
3.194292732954551184e-02 3.880031752986648486e-01
3.215986065985043663e-02 3.890029042786631308e-01
3.232937552516051971e-02 3.900003195987283289e-01
3.254686454325739220e-02 3.910009059369543016e-01
3.271510793951198925e-02 3.920001641752668964e-01
3.289843176587514684e-02 3.930010202570755617e-01
3.307521399571156095e-02 3.940001475892982441e-01
3.328133041241532197e-02 3.950031198628730644e-01
3.349595280788508767e-02 3.960005536127249037e-01
3.372536195045017227e-02 3.970031661045703708e-01
3.391463480447676204e-02 3.980057525325118584e-01
3.409358231264536521e-02 3.990003701454591933e-01
3.430142697824767328e-02 4.000001907454736605e-01
3.452422942557076269e-02 4.010035698531351223e-01
3.475763036718282351e-02 4.020044927249908362e-01
3.497383220332173082e-02 4.030231755271274641e-01
3.518856557011540431e-02 4.040004177815579300e-01
3.539726717801516820e-02 4.050076921649950479e-01
3.559161774034390324e-02 4.060013236945859139e-01
3.579297037728268460e-02 4.070004686047425380e-01
3.598758753666786436e-02 4.080022730799712782e-01
3.622646246229266342e-02 4.090010602576681920e-01
3.643010353088713127e-02 4.100012934371231599e-01
3.664451211352465210e-02 4.110004807475170496e-01
3.685000085873135767e-02 4.120006916335246516e-01
3.707561093180411493e-02 4.130061802919688940e-01
3.730165488392456208e-02 4.140013883448979692e-01
3.752566548014268921e-02 4.150004295038128843e-01
3.769215467415321097e-02 4.160001326624855889e-01
3.793052221904691379e-02 4.170067664070478131e-01
3.812077171001382325e-02 4.180000565543440239e-01
3.838461494188694090e-02 4.190000395131753819e-01
3.856123394524457737e-02 4.200010842045190929e-01
3.880720721271702089e-02 4.210029167614209866e-01
3.902108392463587982e-02 4.220001940940869001e-01
3.929176888406082924e-02 4.230035903073448567e-01
3.948733765977685550e-02 4.240095220858759451e-01
3.970758836305621209e-02 4.250015754442623139e-01
3.993270931300063609e-02 4.260003352286199085e-01
4.017347292763040478e-02 4.270004669998629376e-01
4.042145362406990294e-02 4.280000178668158517e-01
4.065817213498235105e-02 4.290004311786489444e-01
4.088313808845223107e-02 4.300007533161461781e-01
4.111193641565846768e-02 4.310023612278058858e-01
4.134440322482652030e-02 4.320049282831421866e-01
4.158785866163761114e-02 4.330001796177594953e-01
4.181630857437512727e-02 4.340024414758787419e-01
4.205765094956426253e-02 4.350013437939623806e-01
4.228782836336009154e-02 4.360004755319465408e-01
4.253739730838068667e-02 4.370031793991299152e-01
4.280598196333892935e-02 4.380014064442981359e-01
4.303346486976411533e-02 4.390033773571321296e-01
4.328470957678343112e-02 4.400001529100554531e-01
4.353420428344145776e-02 4.410036214679211586e-01
4.375203584884901353e-02 4.420016734741688547e-01
4.399291888422096619e-02 4.430027449568356701e-01
4.422588893160062096e-02 4.440016303987043278e-01
4.444834948302022609e-02 4.450026194267943658e-01
4.467313173044473729e-02 4.460013652951816954e-01
4.495348310458746610e-02 4.470003404784165246e-01
4.523806483622738739e-02 4.480376256921549949e-01
4.548096859738204323e-02 4.490016324634497069e-01
4.572009783691122209e-02 4.500004634881575316e-01
4.594977522076371113e-02 4.510014693205558478e-01
4.621609032240592274e-02 4.520078532085025635e-01
4.647091210334175493e-02 4.530014528126309337e-01
4.673188274730755154e-02 4.540013095160774226e-01
4.698760192342810171e-02 4.550708148674618148e-01
4.721155446829206070e-02 4.560050730511056027e-01
4.747742553227896067e-02 4.570067256295998748e-01
4.772347532972753825e-02 4.580036212669498230e-01
4.794113385137421801e-02 4.590078132681750800e-01
4.817630664118977002e-02 4.600002784640493392e-01
4.841839145198267857e-02 4.610009168665709645e-01
4.864699300819319561e-02 4.620066063636422138e-01
4.896450844737909591e-02 4.630008840577088947e-01
4.920950343996538523e-02 4.640007816164537502e-01
4.942158101196358899e-02 4.650007834950061203e-01
4.960084883469040307e-02 4.660026762547092027e-01
4.986078560019502337e-02 4.670019848036045529e-01
5.014066140386774784e-02 4.680010876255883967e-01
5.035756286084680511e-02 4.690010740805345968e-01
5.062300171375488933e-02 4.700017635745956657e-01
5.089952191761293321e-02 4.710003566387854779e-01
5.121126121027086420e-02 4.720004062410648182e-01
5.152768092793724719e-02 4.730008431749014863e-01
5.184705821357460387e-02 4.740011050031555651e-01
5.212621160341868176e-02 4.750001433264552930e-01
5.247788683065202076e-02 4.760010186227784379e-01
5.274936583193268191e-02 4.770011790956295017e-01
5.303250946067361582e-02 4.780008142019038231e-01
5.338448008816915058e-02 4.790004302496530530e-01
5.369960672566609361e-02 4.800000886493524521e-01
5.398012347739511441e-02 4.810025121402367598e-01
5.427921976328353715e-02 4.820001540156884645e-01
5.460860612204210263e-02 4.830035903050597379e-01
5.488823824208521884e-02 4.840016694108026374e-01
5.515134836501911497e-02 4.850030059318662379e-01
5.546081728491281115e-02 4.860019793492157958e-01
5.578388531369282699e-02 4.870014599674372113e-01
5.610168708535034909e-02 4.880015658369263876e-01
5.639486861680653718e-02 4.890072820670934850e-01
5.674275661098915347e-02 4.900000598216039949e-01
5.702960001483248220e-02 4.910032926011805854e-01
5.727498445011525163e-02 4.920034728112812616e-01
5.760911142642566318e-02 4.930007876078938422e-01
5.790461446021921699e-02 4.940001716691718725e-01
5.815167904685569766e-02 4.950016325472864076e-01
5.850294190281524198e-02 4.960016063404891762e-01
5.882820661821552832e-02 4.970010608520731288e-01
5.915883147544498399e-02 4.980034969471192619e-01
5.949150893801924411e-02 4.990009044910515001e-01
5.982637210475472145e-02 5.000057714331135328e-01
6.012584993485736717e-02 5.010041480838055561e-01
6.041417044888142129e-02 5.020007293957250427e-01
6.066777489620761576e-02 5.030017133992589207e-01
6.098155102563351804e-02 5.040013666867885211e-01
6.127287847126683396e-02 5.050010212402072929e-01
6.155514440791057251e-02 5.060018808280791758e-01
6.187618796865712589e-02 5.070001959559832239e-01
6.219406382686454293e-02 5.080744793744192966e-01
6.242795501680742376e-02 5.090038165672154946e-01
6.278450406653046656e-02 5.100024744046257608e-01
6.309545263251647995e-02 5.110065165681020316e-01
6.337641581870467888e-02 5.120047222920675045e-01
6.374986308848873406e-02 5.130006985164953237e-01
6.408849339686573110e-02 5.140007524030431041e-01
6.443303860964411101e-02 5.150035967825434824e-01
6.476210931102355239e-02 5.160012842232933883e-01
6.509545985499443077e-02 5.170050739004569129e-01
6.544725193107003847e-02 5.180036589849942308e-01
6.576032043361634827e-02 5.190002987979475124e-01
6.609001541454428974e-02 5.200112763683052419e-01
6.641839404563643079e-02 5.210015926903764916e-01
6.672611447985365984e-02 5.220000771437550702e-01
6.706512647097806479e-02 5.230020614819046454e-01
6.738168781852271749e-02 5.240002545757010965e-01
6.773537677111196587e-02 5.250005555876776642e-01
6.808315294494082792e-02 5.260657778942439133e-01
6.836276749254377449e-02 5.270005078305189938e-01
6.875360647506795209e-02 5.280002554720738539e-01
6.907472214100542074e-02 5.290000428229005847e-01
6.940430000043384950e-02 5.300037447608837438e-01
6.971241366562963560e-02 5.310005506289153798e-01
7.012528374980453449e-02 5.320000110791055503e-01
7.049197911338378475e-02 5.330033812418765171e-01
7.087094872177468474e-02 5.340041848554873960e-01
7.126444847762525292e-02 5.350027085948602101e-01
7.160850658460982121e-02 5.360003337482134311e-01
7.198419741211925516e-02 5.370007092597816056e-01
7.237691387443945246e-02 5.380041956980655682e-01
7.270650137640205513e-02 5.390023319470829133e-01
7.310749724141207828e-02 5.400009182026338506e-01
7.342236811733882096e-02 5.410027736387589270e-01
7.380787285549172960e-02 5.420007095304085754e-01
7.419230537507082168e-02 5.430000994582672158e-01
7.456416173397073521e-02 5.440003590724648008e-01
7.493427870881674835e-02 5.450025947114266467e-01
7.532785746977976871e-02 5.460002109765741407e-01
7.567804033774105932e-02 5.470022255817441614e-01
7.596989722108293819e-02 5.480000833384831571e-01
7.630557292524908775e-02 5.490012282279354006e-01
7.666471477724190464e-02 5.500014808050431858e-01
7.702841733140886049e-02 5.510036413244440157e-01
7.742254290215999646e-02 5.520000026711872065e-01
7.782545741846447207e-02 5.530019682737542519e-01
7.820221451795816847e-02 5.540008082304788140e-01
7.853482958289231819e-02 5.550013625215534097e-01
7.883936880804132130e-02 5.560010940827104786e-01
7.925812132216503159e-02 5.570015559987705478e-01
7.964649820186915641e-02 5.580014222039267890e-01
7.998302106092614050e-02 5.590003014302499240e-01
8.041114195408777254e-02 5.600001504648853823e-01
8.084379105118078002e-02 5.610027113757801720e-01
8.117186479081062167e-02 5.620001834879867486e-01
8.152721776039717483e-02 5.630044707773017576e-01
8.196801986834373333e-02 5.640006060709553681e-01
8.234162030641423158e-02 5.650013687825905517e-01
8.256742596834620862e-02 5.660015600759441545e-01
8.302580546277260609e-02 5.670010569663577193e-01
8.343744765066318791e-02 5.680004847550407243e-01
8.384799985125533650e-02 5.690005091155028172e-01
8.428088768942187947e-02 5.700006695021873071e-01
8.470467878268594930e-02 5.710006465377455154e-01
8.511695166054744632e-02 5.720038950075810869e-01
8.559705897489111592e-02 5.730020097284097558e-01
8.594948054631768031e-02 5.740012699083545389e-01
8.639151924888374690e-02 5.750004673095475694e-01
8.683098570718522646e-02 5.760002023092001266e-01
8.728477082305063917e-02 5.770005718155021279e-01
8.770214568596301774e-02 5.780001555338408759e-01
8.814952538828757511e-02 5.790009500654704766e-01
8.857867248426343210e-02 5.800018180599988415e-01
8.899459773916706951e-02 5.810029603222797157e-01
8.946909610781306199e-02 5.820002973323454842e-01
8.979528691478488867e-02 5.830003934986087710e-01
9.021341069698540771e-02 5.840008901412868658e-01
9.059960818718915121e-02 5.850003935081806716e-01
9.091007852484755958e-02 5.860003731293081941e-01
9.138032999406431323e-02 5.870002769563169576e-01
9.181666630082241376e-02 5.880017428203541119e-01
9.227033392600514361e-02 5.890003120571563056e-01
9.269877409189186679e-02 5.900225300479902124e-01
9.321394153542139627e-02 5.910007207282472752e-01
9.365321349034827492e-02 5.920001235945721030e-01
9.416766865181047663e-02 5.930003201612090713e-01
9.455546089037220048e-02 5.940004371733182964e-01
9.490160164593319791e-02 5.950009399523410458e-01
9.540545076534368008e-02 5.960096784419146587e-01
9.588330143341350364e-02 5.970011243529355083e-01
9.640155956567042494e-02 5.980003542529662708e-01
9.688119150353230458e-02 5.990003625875186533e-01
9.735698188734853709e-02 6.000000849359368171e-01
9.772194319103721938e-02 6.010084596972149473e-01
9.822202295507409531e-02 6.020011752848823949e-01
9.871030471381647686e-02 6.030018993030550334e-01
9.924947492037716756e-02 6.040012195299604425e-01
9.969184847767831315e-02 6.050067457869652277e-01
1.001887642183167948e-01 6.060014237740818377e-01
1.006968254867697254e-01 6.070057045465320211e-01
1.012477011351875511e-01 6.080029306062370020e-01
1.017387365126988241e-01 6.090009766484172360e-01
1.022637822448029254e-01 6.100085265416849145e-01
1.026720286877129684e-01 6.110010019809657411e-01
1.032166774218957750e-01 6.120000685852514666e-01
1.036769618551098837e-01 6.130041935945830245e-01
1.041908772719297716e-01 6.140002640535007217e-01
1.046738687026596004e-01 6.150043075324820308e-01
1.051547956720925714e-01 6.160005194156643604e-01
1.057295976514938118e-01 6.170055436890609091e-01
1.062660443571830093e-01 6.180003575457568843e-01
1.068359969778387430e-01 6.190017516975626632e-01
1.073112679520336066e-01 6.200001522619302818e-01
1.078583594103517118e-01 6.210023833551738814e-01
1.083667937916392709e-01 6.220004864111177145e-01
1.089381995123090974e-01 6.230029314490810322e-01
1.095188358440333243e-01 6.240001365077643136e-01
1.100584792976257442e-01 6.250001550112460613e-01
1.105564135735774833e-01 6.260010003137466139e-01
1.110859941957675900e-01 6.270003630807119421e-01
1.116236515564836829e-01 6.280001944148463355e-01
1.122149821702135286e-01 6.290002288780788264e-01
1.127919282629982756e-01 6.300009893409861395e-01
1.132771596697146332e-01 6.310004096242943783e-01
1.137654606888021669e-01 6.320012446741909429e-01
1.143384039657617812e-01 6.330020696218641163e-01
1.149259150226562554e-01 6.340045340308479993e-01
1.155769186423938333e-01 6.350004685507035784e-01
1.162472371391456427e-01 6.360004705774617850e-01
1.167089060408299517e-01 6.370006262243258499e-01
1.172677857872017615e-01 6.380005077885777531e-01
1.178378804403097391e-01 6.390006603975222355e-01
1.184112675711384011e-01 6.400000753686397870e-01
1.190644885485139248e-01 6.410000708892210630e-01
1.195304629782811823e-01 6.420001944882179901e-01
1.201360104042266119e-01 6.430001408631528248e-01
1.207354798712509947e-01 6.440013095624882444e-01
1.212520749657918229e-01 6.450000627692551447e-01
1.219549224283911215e-01 6.460017430526842075e-01
1.224789113786939332e-01 6.470019872626354696e-01
1.230413707525412903e-01 6.480003787302924811e-01
1.236274341432634927e-01 6.490002873445630538e-01
1.242413414244216696e-01 6.500004932953385994e-01
1.249018461788937717e-01 6.510014808109871876e-01
1.255150189432026053e-01 6.520029526542485687e-01
1.260816810885409811e-01 6.530004391547759024e-01
1.266054188862262286e-01 6.540004579375586768e-01
1.271895675997845032e-01 6.550083393833701084e-01
1.278079825485214371e-01 6.560003939514589266e-01
1.284143429163397965e-01 6.570026149354031286e-01
1.289992918789488741e-01 6.580004301459465577e-01
1.295796841879883754e-01 6.590003511976998407e-01
1.301316491865207592e-01 6.600002209684177057e-01
1.307296013981724681e-01 6.610000195206477969e-01
1.314109195497623617e-01 6.620009125558559138e-01
1.320093236896640043e-01 6.630001891362080624e-01
1.325971111964521221e-01 6.640009713017221982e-01
1.332291760445176720e-01 6.650027771337562177e-01
1.338284653982260153e-01 6.660015727983512601e-01
1.344721822248220455e-01 6.670019710559986770e-01
1.350933806199039466e-01 6.680003341070670508e-01
1.357169059873557515e-01 6.690000675758984716e-01
1.363204944130173013e-01 6.700001445470997741e-01
1.368981169172381884e-01 6.710004126817687986e-01
1.374869860735623561e-01 6.720001536889752547e-01
1.378789984741168873e-01 6.730013172285851386e-01
1.385449130760969538e-01 6.740026517642172532e-01
1.391407694212736246e-01 6.750003715503429813e-01
1.397734200924718451e-01 6.760000620449426734e-01
1.404689894671271588e-01 6.770007553030994440e-01
1.411435795442123609e-01 6.780002648830258938e-01
1.417844502051135436e-01 6.790000892864276327e-01
1.423694116746845317e-01 6.800010684004665906e-01
1.430686697139968988e-01 6.810001594196606334e-01
1.437203609558523887e-01 6.820008435757143328e-01
1.443981688465023616e-01 6.830010482958535079e-01
1.450204620312276482e-01 6.840012545515574693e-01
1.457125494432176538e-01 6.850013967667463177e-01
1.463813772806336067e-01 6.860000451918573106e-01
1.470458662438048347e-01 6.870001813071712204e-01
1.476055339708166603e-01 6.880020959664221447e-01
1.482518267430423808e-01 6.890011102869628701e-01
1.489396219434917512e-01 6.900004036377840322e-01
1.496173918346448417e-01 6.910004986299093099e-01
1.503068658880655217e-01 6.920010703383911999e-01
1.508671830672034808e-01 6.930050237196854201e-01
1.514884808332022104e-01 6.940010293576004408e-01
1.520608210992442366e-01 6.950000408473542279e-01
1.527833214297290576e-01 6.960004477899813802e-01
1.533972612415736014e-01 6.970000435956855700e-01
1.540959440651721302e-01 6.980005658274097691e-01
1.547402152387526986e-01 6.990003752802027570e-01
1.553855789727751624e-01 7.000012225606876415e-01
1.559735539425961548e-01 7.010131070683738308e-01
1.565927183578890158e-01 7.020006570732618689e-01
1.572351641512736986e-01 7.030017899850531382e-01
1.578839605855524297e-01 7.040009687477074563e-01
1.585185177891064168e-01 7.050002757431342859e-01
1.592108523923343455e-01 7.060000771087374671e-01
1.598018508793958847e-01 7.070000273675457469e-01
1.605148191564969018e-01 7.080016587736743805e-01
1.611089920679659171e-01 7.090000084357716004e-01
1.618284644893770441e-01 7.100006427828259303e-01
1.624360643447586572e-01 7.110002440410437829e-01
1.631881493040943654e-01 7.120000451513061046e-01
1.638268976842200964e-01 7.130000795141478998e-01
1.644509557215214635e-01 7.140040465993751084e-01
1.650487006666767620e-01 7.150038581176098029e-01
1.657226017827492237e-01 7.160000509038482175e-01
1.662945725700710753e-01 7.170003041790015130e-01
1.669644723379000162e-01 7.180000256096966682e-01
1.676410662631464543e-01 7.190001757461166321e-01
1.682875366578931442e-01 7.200023233428103353e-01
1.689550836347190055e-01 7.210011911502870463e-01
1.696498938758452812e-01 7.220001337071012548e-01
1.702670701374739970e-01 7.230035060152978366e-01
1.709620699396938726e-01 7.240003292156610426e-01
1.716985259128145924e-01 7.250001444229896563e-01
1.723097402783158039e-01 7.260008928049207499e-01
1.729144803175257650e-01 7.270007906560035371e-01
1.736067943244291589e-01 7.280003122091057710e-01
1.742427883765009788e-01 7.290008500118968504e-01
1.749424951513289805e-01 7.300024153585202846e-01
1.755863145653889790e-01 7.310015195319240489e-01
1.761933982994814407e-01 7.320090460056606352e-01
1.767722407766823545e-01 7.330000056855664470e-01
1.774147562162209368e-01 7.340009887685035039e-01
1.780589882119452128e-01 7.350002263971022742e-01
1.786842918329423213e-01 7.360001622280784028e-01
1.792730071379397827e-01 7.370011890498769924e-01
1.798504963188158889e-01 7.380008436679822426e-01
1.804962471389532919e-01 7.390012688616419689e-01
1.811370312919797776e-01 7.400089765383303098e-01
1.817351325974128073e-01 7.410028919818985038e-01
1.823897569737340518e-01 7.420011949666139861e-01
1.830888355702798287e-01 7.430005408110368359e-01
1.837421180060856973e-01 7.440007910252869339e-01
1.844588762259133929e-01 7.450088566808927837e-01
1.850552019556174210e-01 7.460000073929348163e-01
1.857113243550936321e-01 7.470006111552484063e-01
1.863332182819815164e-01 7.480001143355440307e-01
1.869686793543136327e-01 7.490001795555326636e-01
1.875825503099459723e-01 7.500127016531036306e-01
1.882073013341942769e-01 7.510006217448462751e-01
1.888902065693827126e-01 7.520008842259894299e-01
1.894671621454344645e-01 7.530000713874628326e-01
1.900648237059536783e-01 7.540002054098505768e-01
1.906520853537968518e-01 7.550001571916790111e-01
1.912950048503276879e-01 7.560007356110555188e-01
1.919488120991958979e-01 7.570006756232811052e-01
1.926567005699479918e-01 7.580003200100803307e-01
1.933622373859948951e-01 7.590006863957970973e-01
1.939930409690537871e-01 7.600000213272364302e-01
1.946998293504531574e-01 7.610022532240382498e-01
1.953538248000163957e-01 7.620002288468820106e-01
1.960566423119782797e-01 7.630004797728210386e-01
1.967568342357495226e-01 7.640069435872379744e-01
1.974815730938979108e-01 7.650031287181471296e-01
1.981737744592644290e-01 7.660085037904341698e-01
1.988985022179368123e-01 7.670020905600870575e-01
1.995313102823301210e-01 7.680000298034767026e-01
2.001937411643208709e-01 7.690086246032310502e-01
2.007582158008398565e-01 7.700003903543197747e-01
2.014396070290658258e-01 7.710000217423362834e-01
2.020515271023162196e-01 7.720025616978301031e-01
2.027695291766692387e-01 7.730000503867404671e-01
2.034614326830510578e-01 7.740002749081280609e-01
2.041721766689796880e-01 7.750001115999364254e-01
2.048120094679295455e-01 7.760001822189706022e-01
2.054932862360869805e-01 7.770006961685067548e-01
2.060102030980806020e-01 7.780052387508231693e-01
2.066216995399753620e-01 7.790002141450538264e-01
2.074772291556330472e-01 7.800018278268315841e-01
2.081518133929687320e-01 7.810010607802313487e-01
2.088514212981493756e-01 7.820000692633513051e-01
2.096186830528465883e-01 7.830001163746539428e-01
2.102759086974692049e-01 7.840059790852285104e-01
2.109949055185178501e-01 7.850000059917932038e-01
2.117010981938789449e-01 7.860001678695685001e-01
2.122492238623869820e-01 7.870013405574506349e-01
2.129844099769615529e-01 7.880016765384370014e-01
2.137236398435495843e-01 7.890000615274839202e-01
2.144122185789432145e-01 7.900018471092786765e-01
2.150954798547388691e-01 7.910048345737679121e-01
2.157244436134577725e-01 7.920022536426378768e-01
2.165043790658691680e-01 7.930016385520994859e-01
2.172443673687922683e-01 7.940001386598972699e-01
2.180378993434108903e-01 7.950007573756475709e-01
2.188280675446341306e-01 7.960263141007958287e-01
2.195177218903476835e-01 7.970001407650663117e-01
2.203453630528803275e-01 7.980004680183135912e-01
2.211332070273326900e-01 7.990002080680863594e-01
2.218021700527409434e-01 8.000009076207256209e-01
2.225283391918102538e-01 8.010175628623282806e-01
2.233832505840123162e-01 8.020002993695752869e-01
2.242926206987155835e-01 8.030001159588505688e-01
2.248447509751368978e-01 8.040000422888590181e-01
2.256742238975282255e-01 8.050007601547509717e-01
2.264036035199810115e-01 8.060021451557956018e-01
2.272522860146897195e-01 8.070034818944572530e-01
2.280415389702319939e-01 8.080005389044481179e-01
2.289813636429506305e-01 8.090015815305254820e-01
2.299359560639595568e-01 8.100011274510831027e-01
2.306210632384144699e-01 8.110005372387355527e-01
2.314906653052553054e-01 8.120000741798267807e-01
2.323567450133258439e-01 8.130006496677649741e-01
2.331293774784155559e-01 8.140332788501354333e-01
2.339128839375743674e-01 8.150014151858059330e-01
2.347806007002244399e-01 8.160012748363886237e-01
2.356710980154899104e-01 8.170001585158328528e-01
2.366834591094515439e-01 8.180006575208468300e-01
2.375212017368371065e-01 8.190006563326129863e-01
2.385003437583332886e-01 8.200001739803699508e-01
2.393920783863463519e-01 8.210012162256961066e-01
2.402942750685097550e-01 8.220013502577075970e-01
2.412417550083765239e-01 8.230004128157223375e-01
2.421672167560369182e-01 8.240000496824754217e-01
2.430783020418481044e-01 8.250010188445339177e-01
2.439180628557091612e-01 8.260000697237501743e-01
2.449361931116675328e-01 8.270001326068772141e-01
2.456742445378750084e-01 8.280002192304080078e-01
2.467145248275213198e-01 8.290003018642441157e-01
2.476283805709433850e-01 8.300000830042038036e-01
2.482579205002251044e-01 8.310030103836260063e-01
2.493604601366912199e-01 8.320026495276180434e-01
2.504037644055671086e-01 8.330034692480102754e-01
2.512765021146092792e-01 8.340017113622892886e-01
2.523132570087577298e-01 8.350003275559076954e-01
2.532150224341158662e-01 8.360066879161476283e-01
2.541026553914167430e-01 8.370000598768009281e-01
2.551304939215276457e-01 8.380002010431087944e-01
2.562677049843138377e-01 8.390000525925134234e-01
2.572227972032896659e-01 8.400015210994608017e-01
2.583077898480237167e-01 8.410001761239042084e-01
2.595855271635327810e-01 8.420002581297574284e-01
2.607176848431751459e-01 8.430000448021792714e-01
2.618226030121104664e-01 8.440090555212882428e-01
2.630500421258221699e-01 8.450001358115106775e-01
2.640675930721447795e-01 8.460005308721357808e-01
2.652101425282546998e-01 8.470002482644588548e-01
2.663679791500832561e-01 8.480005024891915655e-01
2.675205114733480438e-01 8.490006976440654940e-01
2.686001604261278874e-01 8.500000964866500919e-01
2.698206739974988722e-01 8.510013754122184304e-01
2.709427186111847963e-01 8.520009268593722318e-01
2.720503858486038595e-01 8.530001020245816523e-01
2.732934072894854793e-01 8.540001680625637359e-01
2.745305278876992716e-01 8.550005776859660456e-01
2.757722165712319651e-01 8.560014550430199431e-01
2.772259640631493660e-01 8.570000045009202871e-01
2.784758186118461154e-01 8.580003667896100028e-01
2.794822005515276153e-01 8.590005361942526507e-01
2.807391539409409553e-01 8.600004442554106676e-01
2.817540420760089592e-01 8.610002261135411006e-01
2.830496216966180700e-01 8.620025983215046095e-01
2.843017403306971058e-01 8.630002102588372193e-01
2.855423328830476448e-01 8.640004950755733049e-01
2.869301012187990274e-01 8.650022610946579427e-01
2.883692324733937440e-01 8.660002657699906736e-01
2.898021558330547975e-01 8.670019822561834122e-01
2.911894846214782007e-01 8.680020591422726861e-01
2.925912302170331492e-01 8.690001598823731133e-01
2.941205252261549496e-01 8.700003537755661709e-01
2.955365517596162395e-01 8.710001293881046713e-01
2.970760591736449907e-01 8.720000676748234092e-01
2.986405161308494094e-01 8.730005816363670679e-01
3.003159981303913373e-01 8.740002233441883650e-01
3.019376118663794628e-01 8.750003825216439157e-01
3.034436227203198833e-01 8.760007971376573277e-01
3.050847078728125550e-01 8.770000345776562956e-01
3.065803916057077139e-01 8.780003295096980853e-01
3.082385911105038900e-01 8.790002052349218387e-01
3.098674086349031409e-01 8.800012664893639425e-01
3.115386410165450481e-01 8.810001856433304912e-01
3.132598254532263926e-01 8.820001298601741757e-01
3.148885081319350854e-01 8.830002034041654069e-01
3.165381373920479469e-01 8.840000509174678056e-01
3.181100537872425527e-01 8.850003519668507845e-01
3.199217311936664032e-01 8.860002324211598834e-01
3.217209416427269097e-01 8.870000323984719159e-01
3.235759476844117244e-01 8.880000013341293741e-01
3.253937139735734174e-01 8.890000263087888266e-01
3.271453681608276209e-01 8.900001093420152332e-01
3.289819045079860338e-01 8.910003668440978908e-01
3.311083543634554260e-01 8.920003589991708504e-01
3.331391915225598854e-01 8.930000050468482886e-01
3.353369581589578097e-01 8.940001221204504356e-01
3.372480156951949137e-01 8.950000748998115929e-01
3.392941032972136561e-01 8.960001985333664321e-01
3.414573258581434789e-01 8.970000799313646578e-01
3.436232519758808390e-01 8.980001135708045590e-01
3.457425831879277212e-01 8.990000042932907443e-01
3.480023389411601720e-01 9.000008732700711667e-01
3.503103863715146815e-01 9.010001120991123491e-01
3.524678077772662732e-01 9.020001660073933003e-01
3.547725608223748495e-01 9.030000226851936374e-01
3.568280791454707668e-01 9.040000041151251553e-01
3.592525709428125436e-01 9.050001386636123968e-01
3.607232122049426337e-01 9.060000594875522451e-01
3.631873352749188655e-01 9.070000376591637048e-01
3.655593506343741139e-01 9.080004052334657016e-01
3.680213766373732209e-01 9.090002592091895872e-01
3.707325699941652619e-01 9.100001186644640638e-01
3.735296135221943814e-01 9.110038622528661145e-01
3.763836810883651740e-01 9.120000048218556143e-01
3.794296585976147385e-01 9.130000700011152714e-01
3.823523626511862172e-01 9.140000083208884574e-01
3.853395047798262585e-01 9.150000348364651925e-01
3.883753038242012678e-01 9.160000134239095759e-01
3.916521135600410375e-01 9.170104979338290496e-01
3.948922479367953930e-01 9.180000334657699712e-01
3.983015710811690369e-01 9.190002805408126196e-01
4.017242004938248456e-01 9.200001118499935293e-01
4.056169463024432709e-01 9.210002193897445233e-01
4.092011453127950560e-01 9.220000719954152268e-01
4.132665739238876035e-01 9.230000214216138588e-01
4.175149483989970545e-01 9.240003291684592002e-01
4.217734484397644978e-01 9.250000171960570672e-01
4.261452073703111409e-01 9.260008666553470880e-01
4.308502164269660817e-01 9.270005120224360518e-01
4.353266219141085358e-01 9.280005745693353791e-01
4.405536533280183242e-01 9.290001636620354164e-01
4.457507286232229582e-01 9.300000274759926411e-01
4.512858341118910488e-01 9.310002697680630490e-01
4.570529922153609981e-01 9.320000125246142852e-01
4.630472896709371122e-01 9.330000046192413743e-01
4.691931652205370007e-01 9.340000730100913584e-01
4.758145713550654410e-01 9.350000129547423322e-01
4.824371066970307709e-01 9.360000702286214169e-01
4.897678236461771029e-01 9.370014318959813959e-01
4.969796673649513608e-01 9.380000084986598319e-01
5.039161763912939351e-01 9.390000297829631526e-01
5.109773609833228036e-01 9.400000187228697568e-01
5.178854921366866648e-01 9.410000163831532261e-01
5.253011607749327183e-01 9.420000095477319979e-01
5.326161046557844614e-01 9.430000488588031748e-01
5.398745408958198766e-01 9.440001251295314644e-01
5.472706477818518600e-01 9.450001785613019178e-01
5.545669896025349210e-01 9.460000682731134480e-01
5.618143001406254999e-01 9.470000462842221856e-01
5.688470318859009112e-01 9.480000173613646330e-01
5.761728843533586719e-01 9.490000363990629406e-01
5.830148076865918627e-01 9.500000209320375033e-01
5.903365041530173052e-01 9.510000711457509137e-01
5.976470150173107676e-01 9.520004641633587061e-01
6.049725478873000384e-01 9.530000083806434708e-01
6.125971772619740463e-01 9.540001543064035028e-01
6.198720085341148378e-01 9.550000309921299335e-01
6.273325439048265117e-01 9.560002727237610909e-01
6.354066104522200220e-01 9.570000409176282474e-01
6.432463861420378848e-01 9.580000907179336833e-01
6.511378945075034785e-01 9.590004530819283834e-01
6.594246763169201442e-01 9.600000138294848551e-01
6.675131815604770091e-01 9.610000667489012605e-01
6.758473735565252438e-01 9.620000109453165082e-01
6.848293386113658565e-01 9.630000885458407378e-01
6.939458914173446402e-01 9.640001452877411392e-01
7.028770871313985147e-01 9.650004633916103858e-01
7.122964213481983720e-01 9.660000457025609277e-01
7.216628811080120220e-01 9.670000081816214621e-01
7.314238532215977528e-01 9.680000042921708125e-01
7.407576227656464951e-01 9.690001356889101913e-01
7.505131652529104525e-01 9.700000109835669182e-01
7.606868439035807672e-01 9.710000492560260099e-01
7.710551041893920488e-01 9.720000101993734321e-01
7.820788272336960389e-01 9.730000156725846505e-01
7.933589139547907454e-01 9.740000665880284014e-01
8.052041602301406309e-01 9.750000018643563138e-01
8.181473998583095320e-01 9.760000032358751021e-01
8.313362696096426863e-01 9.770000002029777253e-01
8.450212124770684063e-01 9.780000225733460617e-01
8.593336541854306176e-01 9.790001749670065312e-01
8.741409922892007245e-01 9.800000063795566430e-01
8.896913006095397147e-01 9.810000390842521512e-01
9.061779816330539639e-01 9.820000185380832747e-01
9.230057037310817059e-01 9.830000242639451713e-01
9.419163884626305938e-01 9.840000253877028147e-01
9.617707994534603344e-01 9.850005440699594050e-01
9.821457098729347024e-01 9.860000005354528918e-01
1.004859834493345483e+00 9.870000156164342453e-01
1.032136989351175593e+00 9.880000314593515576e-01
1.062765679923721063e+00 9.890000086538970336e-01
1.096413098129747077e+00 9.900000116353181445e-01
1.133917289411704221e+00 9.910000029125862753e-01
1.174029747330495033e+00 9.920000010510461319e-01
1.219546478403430667e+00 9.930000063873649641e-01
1.274959407466881078e+00 9.940000066804632883e-01
1.346233063815308828e+00 9.950000105684364549e-01
1.442055665730198610e+00 9.960000030877268484e-01
1.582492400521522846e+00 9.970000022985169297e-01
1.794276825684414156e+00 9.980000004025754157e-01
2.106463429366689954e+00 9.990000004205835671e-01
1.222747086029460561e+01 9.999999999991623367e-01
