# Long-range Heisenberg model
# L = 14, J = 1.0, Delta = 0.50, Alpha = 2.0
# Integrated spin conductivity I(omega)
# omega, I(omega)

0.0000000000000000 2.99778e-26
9.99999999999999955E-007 2.99778e-26
1.99999999999999991E-006 2.99778e-26
3.00000000000000008E-006 2.99778e-26
3.99999999999999982E-006 2.99778e-26
5.00000000000000041E-006 2.99778e-26
6.00000000000000015E-006 2.99778e-26
6.99999999999999989E-006 2.99778e-26
7.99999999999999964E-006 2.99778e-26
9.00000000000000023E-006 2.99778e-26
1.00000000000000008E-005 2.99778e-26
1.09999999999999997E-005 2.99778e-26
1.20000000000000003E-005 2.99778e-26
1.29999999999999992E-005 2.99778e-26
1.39999999999999998E-005 2.99778e-26
1.50000000000000004E-005 2.99778e-26
1.59999999999999993E-005 2.99778e-26
1.69999999999999999E-005 2.99778e-26
1.80000000000000005E-005 2.99778e-26
1.90000000000000010E-005 2.99778e-26
2.00000000000000016E-005 2.99778e-26
2.09999999999999988E-005 2.99778e-26
2.19999999999999994E-005 2.99778e-26
2.30000000000000000E-005 2.99778e-26
2.40000000000000006E-005 2.99778e-26
2.50000000000000012E-005 2.99778e-26
2.59999999999999984E-005 2.99778e-26
2.69999999999999990E-005 2.99778e-26
2.79999999999999996E-005 2.99778e-26
2.90000000000000002E-005 2.99778e-26
3.00000000000000008E-005 2.99778e-26
3.10000000000000014E-005 2.99778e-26
3.19999999999999986E-005 2.99778e-26
3.30000000000000025E-005 2.99778e-26
3.39999999999999997E-005 2.99778e-26
3.49999999999999969E-005 2.99778e-26
3.60000000000000009E-005 2.99778e-26
3.69999999999999981E-005 2.99778e-26
3.80000000000000021E-005 2.99778e-26
3.89999999999999993E-005 2.99778e-26
4.00000000000000033E-005 2.99778e-26
4.10000000000000005E-005 2.99778e-26
4.19999999999999977E-005 2.99778e-26
4.30000000000000017E-005 2.99778e-26
4.39999999999999989E-005 2.99778e-26
4.50000000000000028E-005 2.99778e-26
4.60000000000000000E-005 2.99778e-26
4.69999999999999972E-005 2.99778e-26
4.80000000000000012E-005 2.99778e-26
4.89999999999999984E-005 2.99778e-26
5.00000000000000024E-005 2.99778e-26
5.09999999999999996E-005 2.99778e-26
5.19999999999999968E-005 2.99778e-26
5.30000000000000008E-005 2.99778e-26
5.39999999999999980E-005 2.99778e-26
5.50000000000000020E-005 2.99778e-26
5.59999999999999992E-005 2.99778e-26
5.70000000000000031E-005 2.99778e-26
5.80000000000000003E-005 2.99778e-26
5.89999999999999975E-005 2.99778e-26
6.00000000000000015E-005 2.99778e-26
6.09999999999999987E-005 2.99778e-26
6.20000000000000027E-005 2.99778e-26
6.29999999999999999E-005 2.99778e-26
6.39999999999999971E-005 2.99778e-26
6.49999999999999943E-005 2.99778e-26
6.60000000000000051E-005 2.99778e-26
6.70000000000000023E-005 2.99778e-26
6.79999999999999995E-005 2.99778e-26
6.89999999999999967E-005 2.99778e-26
6.99999999999999939E-005 5.08115e-05
7.10000000000000046E-005 7.77927e-05
7.20000000000000018E-005 7.77927e-05
7.29999999999999990E-005 7.77927e-05
7.39999999999999962E-005 7.77927e-05
7.49999999999999934E-005 7.77927e-05
7.60000000000000042E-005 7.77927e-05
7.70000000000000014E-005 7.77927e-05
7.79999999999999986E-005 7.77927e-05
7.89999999999999958E-005 7.77927e-05
8.00000000000000065E-005 7.77927e-05
8.10000000000000037E-005 7.77927e-05
8.20000000000000009E-005 7.77927e-05
8.29999999999999981E-005 7.77927e-05
8.39999999999999954E-005 7.77927e-05
8.50000000000000061E-005 7.77927e-05
8.60000000000000033E-005 7.77927e-05
8.70000000000000005E-005 7.77927e-05
8.79999999999999977E-005 9.22804e-05
8.89999999999999949E-005 9.22804e-05
9.00000000000000057E-005 9.22804e-05
9.10000000000000029E-005 9.22804e-05
9.20000000000000001E-005 9.22804e-05
9.29999999999999973E-005 9.22804e-05
9.39999999999999945E-005 9.22804e-05
9.50000000000000052E-005 9.22804e-05
9.60000000000000024E-005 9.22804e-05
9.69999999999999996E-005 9.22804e-05
9.79999999999999968E-005 9.22804e-05
9.89999999999999940E-005 9.22804e-05
1.00000000000000005E-004 9.22804e-05
1.10000000000000004E-004 9.22804e-05
1.20000000000000003E-004 9.22804e-05
1.29999999999999989E-004 0.00108195
1.39999999999999988E-004 0.00108195
1.49999999999999987E-004 0.00108195
1.60000000000000013E-004 0.00128158
1.70000000000000012E-004 0.00128158
1.80000000000000011E-004 0.00128181
1.90000000000000010E-004 0.00128181
2.00000000000000010E-004 0.00129135
2.10000000000000009E-004 0.00130457
2.20000000000000008E-004 0.00130457
2.30000000000000007E-004 0.00137208
2.40000000000000006E-004 0.00151902
2.50000000000000005E-004 0.00151902
2.59999999999999977E-004 0.00157497
2.70000000000000003E-004 0.00157497
2.79999999999999975E-004 0.00213835
2.90000000000000002E-004 0.00213835
2.99999999999999974E-004 0.00213835
3.10000000000000000E-004 0.00217335
3.20000000000000026E-004 0.00217335
3.29999999999999998E-004 0.002185
3.40000000000000024E-004 0.0022001
3.49999999999999996E-004 0.0022001
3.60000000000000023E-004 0.0022001
3.69999999999999995E-004 0.00333842
3.80000000000000021E-004 0.00333842
3.89999999999999993E-004 0.00344004
4.00000000000000019E-004 0.00344004
4.09999999999999991E-004 0.00344004
4.20000000000000017E-004 0.00344004
4.29999999999999989E-004 0.00344004
4.40000000000000016E-004 0.00344004
4.49999999999999988E-004 0.00344004
4.60000000000000014E-004 0.00344004
4.69999999999999986E-004 0.00344004
4.80000000000000012E-004 0.00344004
4.89999999999999984E-004 0.00344004
5.00000000000000010E-004 0.00344004
5.10000000000000037E-004 0.00344004
5.19999999999999954E-004 0.00344004
5.29999999999999981E-004 0.00344004
5.40000000000000007E-004 0.00344004
5.50000000000000033E-004 0.00344004
5.59999999999999951E-004 0.00344004
5.69999999999999977E-004 0.0034407
5.80000000000000003E-004 0.0034407
5.90000000000000030E-004 0.00386845
5.99999999999999947E-004 0.00386845
6.09999999999999974E-004 0.00386845
6.20000000000000000E-004 0.0040764
6.30000000000000026E-004 0.0041465
6.40000000000000052E-004 0.00429045
6.49999999999999970E-004 0.00556501
6.59999999999999996E-004 0.0056593
6.70000000000000023E-004 0.0056593
6.80000000000000049E-004 0.0056593
6.89999999999999967E-004 0.00613377
6.99999999999999993E-004 0.00613377
7.10000000000000019E-004 0.00613377
7.20000000000000045E-004 0.00613377
7.29999999999999963E-004 0.00613377
7.39999999999999989E-004 0.00613377
7.50000000000000016E-004 0.00614432
7.60000000000000042E-004 0.00614432
7.69999999999999960E-004 0.00615526
7.79999999999999986E-004 0.00615643
7.90000000000000012E-004 0.00615643
8.00000000000000038E-004 0.00615768
8.09999999999999956E-004 0.00615768
8.19999999999999982E-004 0.00621022
8.30000000000000009E-004 0.0062247
8.40000000000000035E-004 0.0062247
8.49999999999999953E-004 0.0062247
8.59999999999999979E-004 0.0062247
8.70000000000000005E-004 0.0063907
8.80000000000000031E-004 0.00649035
8.89999999999999949E-004 0.00649035
8.99999999999999975E-004 0.00649035
9.10000000000000002E-004 0.00649035
9.20000000000000028E-004 0.00649035
9.30000000000000054E-004 0.00823238
9.39999999999999972E-004 0.00827964
9.49999999999999998E-004 0.00827964
9.60000000000000024E-004 0.00827964
9.70000000000000051E-004 0.00828256
9.79999999999999968E-004 0.00832663
9.89999999999999995E-004 0.00892658
1.00000000000000002E-003 0.00896768
1.10000000000000007E-003 0.00918957
1.19999999999999989E-003 0.0106988
1.29999999999999994E-003 0.0113455
1.39999999999999999E-003 0.0114818
1.50000000000000003E-003 0.0117077
1.60000000000000008E-003 0.0120599
1.69999999999999991E-003 0.0120696
1.79999999999999995E-003 0.0121281
1.90000000000000000E-003 0.0154253
2.00000000000000004E-003 0.0207913
2.09999999999999987E-003 0.0240756
2.20000000000000013E-003 0.0257813
2.29999999999999996E-003 0.0266684
2.39999999999999979E-003 0.0294841
2.50000000000000005E-003 0.0300493
2.59999999999999988E-003 0.0338809
2.70000000000000014E-003 0.0340995
2.79999999999999997E-003 0.0344676
2.89999999999999980E-003 0.0376144
3.00000000000000006E-003 0.03766
3.09999999999999989E-003 0.0376858
3.20000000000000015E-003 0.0382351
3.29999999999999998E-003 0.0385465
3.39999999999999981E-003 0.0385901
3.50000000000000007E-003 0.038784
3.59999999999999990E-003 0.0400011
3.70000000000000016E-003 0.04006
3.79999999999999999E-003 0.0413398
3.89999999999999982E-003 0.0414281
4.00000000000000008E-003 0.0419133
4.10000000000000035E-003 0.0423538
4.19999999999999974E-003 0.0426837
4.30000000000000000E-003 0.0434137
4.40000000000000027E-003 0.0439649
4.49999999999999966E-003 0.0441979
4.59999999999999992E-003 0.0454035
4.70000000000000018E-003 0.045418
4.79999999999999958E-003 0.0459006
4.89999999999999984E-003 0.0464729
5.00000000000000010E-003 0.0466506
5.10000000000000037E-003 0.046813
5.19999999999999976E-003 0.0475858
5.30000000000000002E-003 0.0496658
5.40000000000000029E-003 0.0505378
5.49999999999999968E-003 0.0508178
5.59999999999999994E-003 0.0509586
5.70000000000000021E-003 0.0519016
5.79999999999999960E-003 0.0587833
5.89999999999999986E-003 0.0605776
6.00000000000000012E-003 0.0625619
6.10000000000000039E-003 0.0639971
6.19999999999999978E-003 0.0644138
6.30000000000000004E-003 0.0648397
6.40000000000000031E-003 0.0648936
6.49999999999999970E-003 0.0655056
6.59999999999999996E-003 0.0659565
6.70000000000000023E-003 0.0660676
6.79999999999999962E-003 0.0664047
6.89999999999999988E-003 0.0664955
7.00000000000000015E-003 0.0675049
7.10000000000000041E-003 0.0689194
7.19999999999999980E-003 0.0689211
7.30000000000000007E-003 0.0702079
7.40000000000000033E-003 0.0738451
7.49999999999999972E-003 0.0750983
7.59999999999999998E-003 0.075128
7.70000000000000025E-003 0.0758542
7.79999999999999964E-003 0.0762396
7.90000000000000077E-003 0.0764906
8.00000000000000017E-003 0.076832
8.09999999999999956E-003 0.0768639
8.20000000000000069E-003 0.0787536
8.30000000000000009E-003 0.0791377
8.39999999999999948E-003 0.0803877
8.50000000000000061E-003 0.080635
8.60000000000000001E-003 0.081307
8.69999999999999940E-003 0.0827862
8.80000000000000053E-003 0.0828791
8.89999999999999993E-003 0.0833592
8.99999999999999932E-003 0.0873988
9.10000000000000045E-003 0.088398
9.19999999999999984E-003 0.0891161
9.29999999999999924E-003 0.0908852
9.40000000000000037E-003 0.0937574
9.49999999999999976E-003 0.0937595
9.59999999999999916E-003 0.0965588
9.70000000000000029E-003 0.0969575
9.79999999999999968E-003 0.0982165
9.90000000000000081E-003 0.0983485
1.00000000000000002E-002 0.0984321
1.09999999999999994E-002 0.105861
1.20000000000000002E-002 0.115818
1.29999999999999994E-002 0.122692
1.40000000000000003E-002 0.128891
1.49999999999999994E-002 0.135836
1.60000000000000003E-002 0.146714
1.70000000000000012E-002 0.155147
1.79999999999999986E-002 0.170638
1.89999999999999995E-002 0.177088
2.00000000000000004E-002 0.18579
2.10000000000000013E-002 0.198987
2.19999999999999987E-002 0.208634
2.29999999999999996E-002 0.216546
2.40000000000000005E-002 0.227182
2.50000000000000014E-002 0.23416
2.59999999999999988E-002 0.244746
2.69999999999999997E-002 0.254533
2.80000000000000006E-002 0.267573
2.90000000000000015E-002 0.272798
2.99999999999999989E-002 0.281043
3.09999999999999998E-002 0.290189
3.20000000000000007E-002 0.295201
3.30000000000000016E-002 0.303914
3.40000000000000024E-002 0.309595
3.50000000000000033E-002 0.313691
3.59999999999999973E-002 0.317938
3.69999999999999982E-002 0.322599
3.79999999999999991E-002 0.327835
3.89999999999999999E-002 0.337024
4.00000000000000008E-002 0.341775
4.10000000000000017E-002 0.349102
4.20000000000000026E-002 0.353549
4.29999999999999966E-002 0.358191
4.39999999999999974E-002 0.365137
4.49999999999999983E-002 0.369418
4.59999999999999992E-002 0.375455
4.70000000000000001E-002 0.381367
4.80000000000000010E-002 0.386694
4.90000000000000019E-002 0.395202
5.00000000000000028E-002 0.399771
5.09999999999999967E-002 0.407102
5.19999999999999976E-002 0.414271
5.29999999999999985E-002 0.420319
5.39999999999999994E-002 0.425985
5.50000000000000003E-002 0.428893
5.60000000000000012E-002 0.432709
5.70000000000000021E-002 0.439015
5.80000000000000029E-002 0.446144
5.89999999999999969E-002 0.450937
5.99999999999999978E-002 0.455498
6.09999999999999987E-002 0.462668
6.19999999999999996E-002 0.467927
6.30000000000000004E-002 0.474594
6.40000000000000013E-002 0.481356
6.50000000000000022E-002 0.486993
6.60000000000000031E-002 0.491398
6.70000000000000040E-002 0.496797
6.80000000000000049E-002 0.500275
6.90000000000000058E-002 0.502143
7.00000000000000067E-002 0.505049
7.09999999999999937E-002 0.508591
7.19999999999999946E-002 0.510657
7.29999999999999954E-002 0.515898
7.39999999999999963E-002 0.519986
7.49999999999999972E-002 0.522514
7.59999999999999981E-002 0.525746
7.69999999999999990E-002 0.531797
7.79999999999999999E-002 0.536349
7.90000000000000008E-002 0.539997
8.00000000000000017E-002 0.543882
8.10000000000000026E-002 0.548063
8.20000000000000034E-002 0.550378
8.30000000000000043E-002 0.55218
8.40000000000000052E-002 0.556223
8.50000000000000061E-002 0.558518
8.59999999999999931E-002 0.560447
8.69999999999999940E-002 0.56239
8.79999999999999949E-002 0.565644
8.89999999999999958E-002 0.567652
8.99999999999999967E-002 0.570684
9.09999999999999976E-002 0.573646
9.19999999999999984E-002 0.57537
9.29999999999999993E-002 0.578485
9.40000000000000002E-002 0.581799
9.50000000000000011E-002 0.583269
9.60000000000000020E-002 0.587617
9.70000000000000029E-002 0.589267
9.80000000000000038E-002 0.593633
9.90000000000000047E-002 0.596891
0.10000000000000001 0.599643
0.11000000000000000 0.626039
0.12000000000000000 0.648546
0.13000000000000000 0.665411
0.14000000000000001 0.67981
0.14999999999999999 0.694551
0.16000000000000000 0.709578
0.17000000000000001 0.727099
0.17999999999999999 0.740081
0.19000000000000000 0.752558
0.20000000000000001 0.763713
0.20999999999999999 0.772112
0.22000000000000000 0.78305
0.23000000000000001 0.791836
0.23999999999999999 0.799923
0.25000000000000000 0.807565
0.26000000000000001 0.814825
0.27000000000000002 0.819926
0.28000000000000003 0.827643
0.28999999999999998 0.832616
0.29999999999999999 0.836478
0.31000000000000000 0.839515
0.32000000000000001 0.84356
0.33000000000000002 0.847951
0.34000000000000002 0.852212
0.34999999999999998 0.855271
0.35999999999999999 0.858071
0.37000000000000000 0.861292
0.38000000000000000 0.864969
0.39000000000000001 0.868236
0.40000000000000002 0.870383
0.40999999999999998 0.87341
0.41999999999999998 0.876291
0.42999999999999999 0.879163
0.44000000000000000 0.881793
0.45000000000000001 0.884236
0.46000000000000002 0.887035
0.46999999999999997 0.889342
0.47999999999999998 0.891426
0.48999999999999999 0.893538
0.50000000000000000 0.895936
0.51000000000000001 0.897715
0.52000000000000002 0.900115
0.53000000000000003 0.90202
0.54000000000000004 0.903913
0.55000000000000004 0.905891
0.56000000000000005 0.907863
0.56999999999999995 0.909382
0.57999999999999996 0.911081
0.58999999999999997 0.913711
0.59999999999999998 0.915452
0.60999999999999999 0.917695
0.62000000000000000 0.919455
0.63000000000000000 0.921245
0.64000000000000001 0.923479
0.65000000000000002 0.925064
0.66000000000000003 0.926586
0.67000000000000004 0.928197
0.68000000000000005 0.930268
0.68999999999999995 0.931671
0.69999999999999996 0.933566
0.70999999999999996 0.934785
0.71999999999999997 0.936802
0.72999999999999998 0.938572
0.73999999999999999 0.940509
0.75000000000000000 0.941563
0.76000000000000001 0.942765
0.77000000000000002 0.944284
0.78000000000000003 0.945653
0.79000000000000004 0.946767
0.80000000000000004 0.948031
0.81000000000000005 0.949269
0.81999999999999995 0.950893
0.82999999999999996 0.952044
0.83999999999999997 0.953604
0.84999999999999998 0.955183
0.85999999999999999 0.956372
0.87000000000000000 0.957484
0.88000000000000000 0.958535
0.89000000000000001 0.959645
0.90000000000000002 0.960828
0.91000000000000003 0.961701
0.92000000000000004 0.962711
0.93000000000000005 0.963976
0.93999999999999995 0.96501
0.94999999999999996 0.965818
0.95999999999999996 0.966637
0.96999999999999997 0.967756
0.97999999999999998 0.96858
0.98999999999999999 0.969649
1.0000000000000000 0.970612
1.1000000000000001 0.977561
1.2000000000000000 0.982851
1.3000000000000000 0.986642
1.3999999999999999 0.989721
1.5000000000000000 0.992079
1.6000000000000001 0.993751
1.7000000000000000 0.995119
1.8000000000000000 0.996217
1.8999999999999999 0.997029
2.0000000000000000 0.99774
2.1000000000000001 0.99828
2.2000000000000002 0.998673
2.2999999999999998 0.99902
2.3999999999999999 0.999261
2.5000000000000000 0.999448
2.6000000000000001 0.999599
2.7000000000000002 0.99971
2.7999999999999998 0.99979
2.8999999999999999 0.99985
3.0000000000000000 0.999895
3.1000000000000001 0.999926
3.2000000000000002 0.99995
3.2999999999999998 0.999965
3.3999999999999999 0.999976
3.5000000000000000 0.999983
3.6000000000000001 0.999989
3.7000000000000002 0.999994
3.7999999999999998 0.999996
3.8999999999999999 0.999997
4.0000000000000000 0.999999
4.0999999999999996 0.999999
4.2000000000000002 0.999999
4.2999999999999998 1
4.4000000000000004 1
4.5000000000000000 1
4.5999999999999996 1
4.7000000000000002 1
4.7999999999999998 1
4.9000000000000004 1
5.0000000000000000 1
5.0999999999999996 1
5.2000000000000002 1
5.2999999999999998 1
5.4000000000000004 1
5.5000000000000000 1
5.5999999999999996 1
5.7000000000000002 1
5.7999999999999998 1
5.9000000000000004 1
6.0000000000000000 1
6.0999999999999996 1
6.2000000000000002 1
6.2999999999999998 1
6.4000000000000004 1
6.5000000000000000 1
6.5999999999999996 1
6.7000000000000002 1
6.7999999999999998 1
6.9000000000000004 1
7.0000000000000000 1
7.0999999999999996 1
7.2000000000000002 1
7.2999999999999998 1
7.4000000000000004 1
7.5000000000000000 1
7.5999999999999996 1
7.7000000000000002 1
7.7999999999999998 1
7.9000000000000004 1
8.0000000000000000 1
8.0999999999999996 1
8.1999999999999993 1
8.3000000000000007 1
8.4000000000000004 1
8.5000000000000000 1
8.5999999999999996 1
8.6999999999999993 1
8.8000000000000007 1
8.9000000000000004 1
9.0000000000000000 1
9.0999999999999996 1
9.1999999999999993 1
9.3000000000000007 1
9.4000000000000004 1
9.5000000000000000 1
9.5999999999999996 1
9.6999999999999993 1
9.8000000000000007 1
9.9000000000000004 1
10.000000000000000 1
