# Long-range Heisenberg model
# L = 20, J = 1.0, Delta = 0.50, Alpha = 8.0
# Integrated spin conductivity I(omega)
# omega, I(omega)

0.0000000000000000 0.00548838
9.99999999999999955E-007 0.0128421
1.99999999999999991E-006 0.0215119
3.00000000000000008E-006 0.030944
3.99999999999999982E-006 0.0397082
5.00000000000000041E-006 0.0462022
6.00000000000000015E-006 0.0521531
6.99999999999999989E-006 0.0578471
7.99999999999999964E-006 0.064613
9.00000000000000023E-006 0.0734272
1.00000000000000008E-005 0.0812716
1.09999999999999997E-005 0.0877004
1.20000000000000003E-005 0.0944367
1.29999999999999992E-005 0.0993563
1.39999999999999998E-005 0.104711
1.50000000000000004E-005 0.110354
1.59999999999999993E-005 0.116753
1.69999999999999999E-005 0.123324
1.80000000000000005E-005 0.129114
1.90000000000000010E-005 0.134866
2.00000000000000016E-005 0.140657
2.09999999999999988E-005 0.145854
2.19999999999999994E-005 0.149227
2.30000000000000000E-005 0.153379
2.40000000000000006E-005 0.15654
2.50000000000000012E-005 0.159855
2.59999999999999984E-005 0.162845
2.69999999999999990E-005 0.166142
2.79999999999999996E-005 0.169385
2.90000000000000002E-005 0.173369
3.00000000000000008E-005 0.177826
3.10000000000000014E-005 0.181807
3.19999999999999986E-005 0.186204
3.30000000000000025E-005 0.189923
3.39999999999999997E-005 0.194364
3.49999999999999969E-005 0.197469
3.60000000000000009E-005 0.20147
3.69999999999999981E-005 0.205136
3.80000000000000021E-005 0.208572
3.89999999999999993E-005 0.211816
4.00000000000000033E-005 0.21499
4.10000000000000005E-005 0.218292
4.19999999999999977E-005 0.22162
4.30000000000000017E-005 0.224665
4.39999999999999989E-005 0.227612
4.50000000000000028E-005 0.229885
4.60000000000000000E-005 0.232632
4.69999999999999972E-005 0.235442
4.80000000000000012E-005 0.238066
4.89999999999999984E-005 0.240471
5.00000000000000024E-005 0.243041
5.09999999999999996E-005 0.245605
5.19999999999999968E-005 0.248206
5.30000000000000008E-005 0.250489
5.39999999999999980E-005 0.253357
5.50000000000000020E-005 0.256162
5.59999999999999992E-005 0.259176
5.70000000000000031E-005 0.2619
5.80000000000000003E-005 0.26482
5.89999999999999975E-005 0.267258
6.00000000000000015E-005 0.269736
6.09999999999999987E-005 0.271798
6.20000000000000027E-005 0.27402
6.29999999999999999E-005 0.276445
6.39999999999999971E-005 0.278674
6.49999999999999943E-005 0.281226
6.60000000000000051E-005 0.283039
6.70000000000000023E-005 0.285052
6.79999999999999995E-005 0.287016
6.89999999999999967E-005 0.289312
6.99999999999999939E-005 0.29136
7.10000000000000046E-005 0.293346
7.20000000000000018E-005 0.295329
7.29999999999999990E-005 0.297123
7.39999999999999962E-005 0.299341
7.49999999999999934E-005 0.301303
7.60000000000000042E-005 0.303046
7.70000000000000014E-005 0.304815
7.79999999999999986E-005 0.306782
7.89999999999999958E-005 0.308682
8.00000000000000065E-005 0.310724
8.10000000000000037E-005 0.312661
8.20000000000000009E-005 0.314584
8.29999999999999981E-005 0.316453
8.39999999999999954E-005 0.318271
8.50000000000000061E-005 0.320049
8.60000000000000033E-005 0.321646
8.70000000000000005E-005 0.323688
8.79999999999999977E-005 0.325743
8.89999999999999949E-005 0.3276
9.00000000000000057E-005 0.329647
9.10000000000000029E-005 0.331615
9.20000000000000001E-005 0.333205
9.29999999999999973E-005 0.335091
9.39999999999999945E-005 0.336781
9.50000000000000052E-005 0.338831
9.60000000000000024E-005 0.340601
9.69999999999999996E-005 0.342494
9.79999999999999968E-005 0.344438
9.89999999999999940E-005 0.346067
1.00000000000000005E-004 0.347739
1.10000000000000004E-004 0.36369
1.20000000000000003E-004 0.377157
1.29999999999999989E-004 0.388118
1.39999999999999988E-004 0.397426
1.49999999999999987E-004 0.406256
1.60000000000000013E-004 0.414224
1.70000000000000012E-004 0.422418
1.80000000000000011E-004 0.430499
1.90000000000000010E-004 0.438607
2.00000000000000010E-004 0.446063
2.10000000000000009E-004 0.45265
2.20000000000000008E-004 0.46013
2.30000000000000007E-004 0.465944
2.40000000000000006E-004 0.471673
2.50000000000000005E-004 0.477461
2.59999999999999977E-004 0.482269
2.70000000000000003E-004 0.486234
2.79999999999999975E-004 0.490763
2.90000000000000002E-004 0.494071
2.99999999999999974E-004 0.497347
3.10000000000000000E-004 0.500283
3.20000000000000026E-004 0.503278
3.29999999999999998E-004 0.505881
3.40000000000000024E-004 0.508408
3.49999999999999996E-004 0.511127
3.60000000000000023E-004 0.513412
3.69999999999999995E-004 0.515613
3.80000000000000021E-004 0.517802
3.89999999999999993E-004 0.520014
4.00000000000000019E-004 0.522027
4.09999999999999991E-004 0.523734
4.20000000000000017E-004 0.525666
4.29999999999999989E-004 0.527564
4.40000000000000016E-004 0.529372
4.49999999999999988E-004 0.530988
4.60000000000000014E-004 0.532704
4.69999999999999986E-004 0.534772
4.80000000000000012E-004 0.536289
4.89999999999999984E-004 0.537845
5.00000000000000010E-004 0.539787
5.10000000000000037E-004 0.541418
5.19999999999999954E-004 0.542933
5.29999999999999981E-004 0.544329
5.40000000000000007E-004 0.545779
5.50000000000000033E-004 0.547243
5.59999999999999951E-004 0.548623
5.69999999999999977E-004 0.550004
5.80000000000000003E-004 0.55145
5.90000000000000030E-004 0.552646
5.99999999999999947E-004 0.553811
6.09999999999999974E-004 0.554985
6.20000000000000000E-004 0.556076
6.30000000000000026E-004 0.557216
6.40000000000000052E-004 0.558338
6.49999999999999970E-004 0.559473
6.59999999999999996E-004 0.560401
6.70000000000000023E-004 0.561221
6.80000000000000049E-004 0.561974
6.89999999999999967E-004 0.562731
6.99999999999999993E-004 0.56362
7.10000000000000019E-004 0.564351
7.20000000000000045E-004 0.564949
7.29999999999999963E-004 0.565596
7.39999999999999989E-004 0.566478
7.50000000000000016E-004 0.567027
7.60000000000000042E-004 0.567613
7.69999999999999960E-004 0.568213
7.79999999999999986E-004 0.569019
7.90000000000000012E-004 0.56958
8.00000000000000038E-004 0.570029
8.09999999999999956E-004 0.57069
8.19999999999999982E-004 0.571203
8.30000000000000009E-004 0.57161
8.40000000000000035E-004 0.572158
8.49999999999999953E-004 0.572713
8.59999999999999979E-004 0.573222
8.70000000000000005E-004 0.573759
8.80000000000000031E-004 0.574321
8.89999999999999949E-004 0.574819
8.99999999999999975E-004 0.575303
9.10000000000000002E-004 0.575692
9.20000000000000028E-004 0.576199
9.30000000000000054E-004 0.576711
9.39999999999999972E-004 0.577226
9.49999999999999998E-004 0.577731
9.60000000000000024E-004 0.578134
9.70000000000000051E-004 0.578477
9.79999999999999968E-004 0.578932
9.89999999999999995E-004 0.579319
1.00000000000000002E-003 0.579718
1.10000000000000007E-003 0.583212
1.19999999999999989E-003 0.585731
1.29999999999999994E-003 0.587557
1.39999999999999999E-003 0.588767
1.50000000000000003E-003 0.589479
1.60000000000000008E-003 0.589893
1.69999999999999991E-003 0.590148
1.79999999999999995E-003 0.590363
1.90000000000000000E-003 0.590518
2.00000000000000004E-003 0.590666
2.09999999999999987E-003 0.590803
2.20000000000000013E-003 0.590968
2.29999999999999996E-003 0.591126
2.39999999999999979E-003 0.59126
2.50000000000000005E-003 0.591391
2.59999999999999988E-003 0.591504
2.70000000000000014E-003 0.591616
2.79999999999999997E-003 0.591734
2.89999999999999980E-003 0.591847
3.00000000000000006E-003 0.591959
3.09999999999999989E-003 0.592053
3.20000000000000015E-003 0.592126
3.29999999999999998E-003 0.592193
3.39999999999999981E-003 0.592254
3.50000000000000007E-003 0.59231
3.59999999999999990E-003 0.592377
3.70000000000000016E-003 0.592435
3.79999999999999999E-003 0.592481
3.89999999999999982E-003 0.592524
4.00000000000000008E-003 0.592563
4.10000000000000035E-003 0.592599
4.19999999999999974E-003 0.592624
4.30000000000000000E-003 0.592645
4.40000000000000027E-003 0.592663
4.49999999999999966E-003 0.592684
4.59999999999999992E-003 0.592697
4.70000000000000018E-003 0.592715
4.79999999999999958E-003 0.592734
4.89999999999999984E-003 0.59275
5.00000000000000010E-003 0.592767
5.10000000000000037E-003 0.592778
5.19999999999999976E-003 0.592789
5.30000000000000002E-003 0.592799
5.40000000000000029E-003 0.592808
5.49999999999999968E-003 0.592813
5.59999999999999994E-003 0.59282
5.70000000000000021E-003 0.592826
5.79999999999999960E-003 0.592831
5.89999999999999986E-003 0.592834
6.00000000000000012E-003 0.592838
6.10000000000000039E-003 0.592841
6.19999999999999978E-003 0.592844
6.30000000000000004E-003 0.592847
6.40000000000000031E-003 0.59285
6.49999999999999970E-003 0.592854
6.59999999999999996E-003 0.592857
6.70000000000000023E-003 0.592859
6.79999999999999962E-003 0.592861
6.89999999999999988E-003 0.592863
7.00000000000000015E-003 0.592865
7.10000000000000041E-003 0.592866
7.19999999999999980E-003 0.592868
7.30000000000000007E-003 0.59287
7.40000000000000033E-003 0.592872
7.49999999999999972E-003 0.592873
7.59999999999999998E-003 0.592874
7.70000000000000025E-003 0.592875
7.79999999999999964E-003 0.592876
7.90000000000000077E-003 0.592877
8.00000000000000017E-003 0.592879
8.09999999999999956E-003 0.592879
8.20000000000000069E-003 0.59288
8.30000000000000009E-003 0.592881
8.39999999999999948E-003 0.592882
8.50000000000000061E-003 0.592883
8.60000000000000001E-003 0.592884
8.69999999999999940E-003 0.592884
8.80000000000000053E-003 0.592885
8.89999999999999993E-003 0.592886
8.99999999999999932E-003 0.592886
9.10000000000000045E-003 0.592887
9.19999999999999984E-003 0.592888
9.29999999999999924E-003 0.592889
9.40000000000000037E-003 0.592889
9.49999999999999976E-003 0.59289
9.59999999999999916E-003 0.59289
9.70000000000000029E-003 0.592891
9.79999999999999968E-003 0.592891
9.90000000000000081E-003 0.592892
1.00000000000000002E-002 0.592893
1.09999999999999994E-002 0.592898
1.20000000000000002E-002 0.592902
1.29999999999999994E-002 0.592905
1.40000000000000003E-002 0.592909
1.49999999999999994E-002 0.592911
1.60000000000000003E-002 0.592914
1.70000000000000012E-002 0.592916
1.79999999999999986E-002 0.592919
1.89999999999999995E-002 0.592921
2.00000000000000004E-002 0.592924
2.10000000000000013E-002 0.592927
2.19999999999999987E-002 0.592933
2.29999999999999996E-002 0.592945
2.40000000000000005E-002 0.592967
2.50000000000000014E-002 0.592994
2.59999999999999988E-002 0.593035
2.69999999999999997E-002 0.593095
2.80000000000000006E-002 0.593149
2.90000000000000015E-002 0.593226
2.99999999999999989E-002 0.593294
3.09999999999999998E-002 0.593393
3.20000000000000007E-002 0.593487
3.30000000000000016E-002 0.593587
3.40000000000000024E-002 0.593697
3.50000000000000033E-002 0.593818
3.59999999999999973E-002 0.593975
3.69999999999999982E-002 0.594144
3.79999999999999991E-002 0.59433
3.89999999999999999E-002 0.594502
4.00000000000000008E-002 0.594692
4.10000000000000017E-002 0.594901
4.20000000000000026E-002 0.595125
4.29999999999999966E-002 0.595358
4.39999999999999974E-002 0.595591
4.49999999999999983E-002 0.595835
4.59999999999999992E-002 0.596093
4.70000000000000001E-002 0.59636
4.80000000000000010E-002 0.596646
4.90000000000000019E-002 0.596975
5.00000000000000028E-002 0.597296
5.09999999999999967E-002 0.597611
5.19999999999999976E-002 0.597898
5.29999999999999985E-002 0.598222
5.39999999999999994E-002 0.598536
5.50000000000000003E-002 0.598811
5.60000000000000012E-002 0.599052
5.70000000000000021E-002 0.599388
5.80000000000000029E-002 0.599753
5.89999999999999969E-002 0.600065
5.99999999999999978E-002 0.600394
6.09999999999999987E-002 0.600695
6.19999999999999996E-002 0.601012
6.30000000000000004E-002 0.601344
6.40000000000000013E-002 0.601637
6.50000000000000022E-002 0.601927
6.60000000000000031E-002 0.602242
6.70000000000000040E-002 0.602574
6.80000000000000049E-002 0.60292
6.90000000000000058E-002 0.6032
7.00000000000000067E-002 0.603475
7.09999999999999937E-002 0.603768
7.19999999999999946E-002 0.604089
7.29999999999999954E-002 0.604442
7.39999999999999963E-002 0.604757
7.49999999999999972E-002 0.605046
7.59999999999999981E-002 0.605279
7.69999999999999990E-002 0.605531
7.79999999999999999E-002 0.605811
7.90000000000000008E-002 0.606093
8.00000000000000017E-002 0.606514
8.10000000000000026E-002 0.606743
8.20000000000000034E-002 0.607029
8.30000000000000043E-002 0.60729
8.40000000000000052E-002 0.60762
8.50000000000000061E-002 0.607913
8.59999999999999931E-002 0.608192
8.69999999999999940E-002 0.608509
8.79999999999999949E-002 0.608853
8.89999999999999958E-002 0.609083
8.99999999999999967E-002 0.609391
9.09999999999999976E-002 0.609686
9.19999999999999984E-002 0.609931
9.29999999999999993E-002 0.610142
9.40000000000000002E-002 0.610435
9.50000000000000011E-002 0.610674
9.60000000000000020E-002 0.611
9.70000000000000029E-002 0.61125
9.80000000000000038E-002 0.611534
9.90000000000000047E-002 0.611762
0.10000000000000001 0.612038
0.11000000000000000 0.614285
0.12000000000000000 0.616749
0.13000000000000000 0.619781
0.14000000000000001 0.623674
0.14999999999999999 0.62814
0.16000000000000000 0.633136
0.17000000000000001 0.638377
0.17999999999999999 0.643934
0.19000000000000000 0.649577
0.20000000000000001 0.655821
0.20999999999999999 0.66213
0.22000000000000000 0.668679
0.23000000000000001 0.675393
0.23999999999999999 0.682115
0.25000000000000000 0.689373
0.26000000000000001 0.69704
0.27000000000000002 0.704839
0.28000000000000003 0.712539
0.28999999999999998 0.720705
0.29999999999999999 0.729089
0.31000000000000000 0.737545
0.32000000000000001 0.746262
0.33000000000000002 0.754988
0.34000000000000002 0.763703
0.34999999999999998 0.772512
0.35999999999999999 0.781551
0.37000000000000000 0.790563
0.38000000000000000 0.79966
0.39000000000000001 0.80822
0.40000000000000002 0.817019
0.40999999999999998 0.825245
0.41999999999999998 0.833256
0.42999999999999999 0.841111
0.44000000000000000 0.848313
0.45000000000000001 0.855073
0.46000000000000002 0.861767
0.46999999999999997 0.86782
0.47999999999999998 0.873402
0.48999999999999999 0.87844
0.50000000000000000 0.883409
0.51000000000000001 0.888102
0.52000000000000002 0.892676
0.53000000000000003 0.896814
0.54000000000000004 0.900712
0.55000000000000004 0.904468
0.56000000000000005 0.907959
0.56999999999999995 0.911264
0.57999999999999996 0.91431
0.58999999999999997 0.917223
0.59999999999999998 0.919945
0.60999999999999999 0.922518
0.62000000000000000 0.924892
0.63000000000000000 0.927107
0.64000000000000001 0.929262
0.65000000000000002 0.931378
0.66000000000000003 0.933475
0.67000000000000004 0.935561
0.68000000000000005 0.9376
0.68999999999999995 0.939612
0.69999999999999996 0.941476
0.70999999999999996 0.943326
0.71999999999999997 0.945128
0.72999999999999998 0.946868
0.73999999999999999 0.948501
0.75000000000000000 0.950037
0.76000000000000001 0.951472
0.77000000000000002 0.952858
0.78000000000000003 0.954201
0.79000000000000004 0.955488
0.80000000000000004 0.956766
0.81000000000000005 0.957968
0.81999999999999995 0.95919
0.82999999999999996 0.960331
0.83999999999999997 0.961463
0.84999999999999998 0.962563
0.85999999999999999 0.963614
0.87000000000000000 0.964635
0.88000000000000000 0.965628
0.89000000000000001 0.966596
0.90000000000000002 0.967525
0.91000000000000003 0.968437
0.92000000000000004 0.969292
0.93000000000000005 0.970125
0.93999999999999995 0.970916
0.94999999999999996 0.971697
0.95999999999999996 0.972458
0.96999999999999997 0.973182
0.97999999999999998 0.973903
0.98999999999999999 0.974599
1.0000000000000000 0.975274
1.1000000000000001 0.980997
1.2000000000000000 0.98523
1.3000000000000000 0.988386
1.3999999999999999 0.990836
1.5000000000000000 0.99279
1.6000000000000001 0.994356
1.7000000000000000 0.995601
1.8000000000000000 0.996562
1.8999999999999999 0.997296
2.0000000000000000 0.997884
2.1000000000000001 0.998359
2.2000000000000002 0.998745
2.2999999999999998 0.999052
2.3999999999999999 0.999285
2.5000000000000000 0.999463
2.6000000000000001 0.999601
2.7000000000000002 0.999711
2.7999999999999998 0.999795
2.8999999999999999 0.999857
3.0000000000000000 0.999901
3.1000000000000001 0.999933
3.2000000000000002 0.999957
3.2999999999999998 0.999972
3.3999999999999999 0.999983
3.5000000000000000 0.99999
3.6000000000000001 0.999994
3.7000000000000002 0.999997
3.7999999999999998 0.999998
3.8999999999999999 0.999999
4.0000000000000000 1
4.0999999999999996 1
4.2000000000000002 1
4.2999999999999998 1
4.4000000000000004 1
4.5000000000000000 1
4.5999999999999996 1
4.7000000000000002 1
4.7999999999999998 1
4.9000000000000004 1
5.0000000000000000 1
5.0999999999999996 1
5.2000000000000002 1
5.2999999999999998 1
5.4000000000000004 1
5.5000000000000000 1
5.5999999999999996 1
5.7000000000000002 1
5.7999999999999998 1
5.9000000000000004 1
6.0000000000000000 1
6.0999999999999996 1
6.2000000000000002 1
6.2999999999999998 1
6.4000000000000004 1
6.5000000000000000 1
6.5999999999999996 1
6.7000000000000002 1
6.7999999999999998 1
6.9000000000000004 1
7.0000000000000000 1
7.0999999999999996 1
7.2000000000000002 1
7.2999999999999998 1
7.4000000000000004 1
7.5000000000000000 1
7.5999999999999996 1
7.7000000000000002 1
7.7999999999999998 1
7.9000000000000004 1
8.0000000000000000 1
8.0999999999999996 1
8.1999999999999993 1
8.3000000000000007 1
8.4000000000000004 1
8.5000000000000000 1
8.5999999999999996 1
8.6999999999999993 1
8.8000000000000007 1
8.9000000000000004 1
9.0000000000000000 1
9.0999999999999996 1
9.1999999999999993 1
9.3000000000000007 1
9.4000000000000004 1
9.5000000000000000 1
9.5999999999999996 1
9.6999999999999993 1
9.8000000000000007 1
9.9000000000000004 1
10.000000000000000 1
