# long range Heisenberg model
# L = 16, J = 1.0
# Heatmap of the stifness of I1 (cf. Chapter V in the paper)
# Alpha, Delta, stifness

2.00 0 4.419405392068903038e-01
2.10 0 4.740800561562977800e-01
2.20 0 4.988963181956017068e-01
2.30 0 5.264061579382658396e-01
2.40 0 5.492590677897276619e-01
2.50 0 5.801117013924287358e-01
2.60 0 6.079041380180936205e-01
2.70 0 6.287842183999681200e-01
2.80 0 6.499013414355632179e-01
2.90 0 6.670450303703306938e-01
3.00 0 6.863414520595868540e-01
3.10 0 7.013073145259849372e-01
3.20 0 7.124975969300449963e-01
3.30 0 7.281448833121775266e-01
3.40 0 7.397207253103973423e-01
3.50 0 7.516907088956409355e-01
3.60 0 7.613773588016055083e-01
3.70 0 7.662353822794154556e-01
3.80 0 7.694123013678251244e-01
3.90 0 7.729435916038298604e-01
4.00 0 7.780673846956943640e-01
4.10 0 7.823335211474153894e-01
4.20 0 7.868633793583499347e-01
4.30 0 7.895358491269564016e-01
4.40 0 7.916510895062716102e-01
4.50 0 7.934692956772374517e-01
4.60 0 7.955447621975838546e-01
4.70 0 7.973786091844018431e-01
4.80 0 7.990241131458222235e-01
4.90 0 8.005347223024512626e-01
5.00 0 8.019255654634978026e-01
 
2.00 0.1 4.809865941118212085e-01
2.10 0.1 5.108304662003441132e-01
2.20 0.1 5.463276174315160327e-01
2.30 0.1 5.788322003959437412e-01
2.40 0.1 6.062497646673886686e-01
2.50 0.1 6.333099607747745274e-01
2.60 0.1 6.476108888691467502e-01
2.70 0.1 6.662880631735954573e-01
2.80 0.1 6.891684545509658699e-01
2.90 0.1 7.161161367772811426e-01
3.00 0.1 7.277479381317871754e-01
3.10 0.1 7.352959246737935661e-01
3.20 0.1 7.432046981119643236e-01
3.30 0.1 7.468244385304709798e-01
3.40 0.1 7.521843740481712892e-01
3.50 0.1 7.607190957382489183e-01
3.60 0.1 7.640797732660843389e-01
3.70 0.1 7.717784704622685510e-01
3.80 0.1 7.786677569270983312e-01
3.90 0.1 7.890605188637013212e-01
4.00 0.1 7.933596901571791093e-01
4.10 0.1 7.997155395059822869e-01
4.20 0.1 8.036105359371831236e-01
4.30 0.1 8.039665132524457247e-01
4.40 0.1 8.063354611055025822e-01
4.50 0.1 8.092570192920288674e-01
4.60 0.1 8.160096210050413745e-01
4.70 0.1 8.169729993661241085e-01
4.80 0.1 8.202098215940887282e-01
4.90 0.1 8.147941168100590881e-01
5.00 0.1 8.178880696471597656e-01
 
2.00 0.2 5.306366068418399973e-01
2.10 0.2 5.631870729110820539e-01
2.20 0.2 6.019133674388573718e-01
2.30 0.2 6.269464204098811333e-01
2.40 0.2 6.470531543471779168e-01
2.50 0.2 6.673158369795819667e-01
2.60 0.2 6.933311131600474742e-01
2.70 0.2 7.140229928699656226e-01
2.80 0.2 7.317599981070018744e-01
2.90 0.2 7.463725664008458160e-01
3.00 0.2 7.551314868248989454e-01
3.10 0.2 7.612835139557979636e-01
3.20 0.2 7.739002309179624506e-01
3.30 0.2 7.911299536976003077e-01
3.40 0.2 7.948661169114944469e-01
3.50 0.2 7.965797991938610156e-01
3.60 0.2 7.995121547541728102e-01
3.70 0.2 8.100614070213421058e-01
3.80 0.2 8.131054979866889632e-01
3.90 0.2 8.090052161288818766e-01
4.00 0.2 8.120058220698723739e-01
4.10 0.2 8.097940212136859328e-01
4.20 0.2 8.045169926856060583e-01
4.30 0.2 8.153842877641735987e-01
4.40 0.2 8.213393436223174193e-01
4.50 0.2 8.237598690443750371e-01
4.60 0.2 8.252850382194414358e-01
4.70 0.2 8.257442141062298901e-01
4.80 0.2 8.236485682664755892e-01
4.90 0.2 8.239972834415493219e-01
5.00 0.2 8.246895882194644756e-01
 
2.00 0.3 5.765310629425770550e-01
2.10 0.3 6.085880853000297241e-01
2.20 0.3 6.391882939637153482e-01
2.30 0.3 6.736732454229940048e-01
2.40 0.3 6.863116734146910147e-01
2.50 0.3 7.104242154216927618e-01
2.60 0.3 7.264942823521730597e-01
2.70 0.3 7.498626391494453980e-01
2.80 0.3 7.623987003403053242e-01
2.90 0.3 7.791728184399746571e-01
3.00 0.3 7.838071496906879876e-01
3.10 0.3 7.889993621073378982e-01
3.20 0.3 7.972405854703988881e-01
3.30 0.3 8.020421961152096602e-01
3.40 0.3 7.990018067490305409e-01
3.50 0.3 8.062863982349790515e-01
3.60 0.3 8.133722540087562347e-01
3.70 0.3 8.084593384790901283e-01
3.80 0.3 8.063684046328565280e-01
3.90 0.3 8.106118832729813928e-01
4.00 0.3 8.201130846717504808e-01
4.10 0.3 8.247502634263661481e-01
4.20 0.3 8.223841276769041642e-01
4.30 0.3 8.215593186443852503e-01
4.40 0.3 8.250030845394563661e-01
4.50 0.3 8.241636128851526077e-01
4.60 0.3 8.252011479782389580e-01
4.70 0.3 8.253467992289147404e-01
4.80 0.3 8.221985615699343164e-01
4.90 0.3 8.223075588407853243e-01
5.00 0.3 8.244513226487816260e-01
 
2.00 0.4 6.270819523956620012e-01
2.10 0.4 6.577739796909534142e-01
2.20 0.4 6.779446093383982852e-01
2.30 0.4 7.033336548431050606e-01
2.40 0.4 7.328707645834320328e-01
2.50 0.4 7.494090242918968192e-01
2.60 0.4 7.695733973471596823e-01
2.70 0.4 7.777695162708196941e-01
2.80 0.4 7.803475964172942314e-01
2.90 0.4 7.940038974845348152e-01
3.00 0.4 7.988425488510364492e-01
3.10 0.4 7.971633074266846197e-01
3.20 0.4 8.058767131524259275e-01
3.30 0.4 8.081616329965671808e-01
3.40 0.4 8.005144265825363536e-01
3.50 0.4 8.072543746136254805e-01
3.60 0.4 8.152786279675171555e-01
3.70 0.4 8.165203751264680232e-01
3.80 0.4 8.199553016469842692e-01
3.90 0.4 8.159207017154298525e-01
4.00 0.4 8.115853344764448751e-01
4.10 0.4 8.143216789041491932e-01
4.20 0.4 8.173975689298147440e-01
4.30 0.4 8.160540350723736180e-01
4.40 0.4 8.218003470114012554e-01
4.50 0.4 8.182121392855477016e-01
4.60 0.4 8.197847780217698554e-01
4.70 0.4 8.170922240501509171e-01
4.80 0.4 8.186236454393257533e-01
4.90 0.4 8.214086666176388940e-01
5.00 0.4 8.216587187039635642e-01
 
2.00 0.5 6.697003795867904063e-01
2.10 0.5 6.945895155536868648e-01
2.20 0.5 7.139614171605854764e-01
2.30 0.5 7.466520224395878369e-01
2.40 0.5 7.638968633343250492e-01
2.50 0.5 7.822385348000407967e-01
2.60 0.5 7.874186915188784441e-01
2.70 0.5 7.949055889644413009e-01
2.80 0.5 7.959434941243505035e-01
2.90 0.5 8.013197043268892594e-01
3.00 0.5 8.074313171291581659e-01
3.10 0.5 8.005170320450633037e-01
3.20 0.5 8.099515326638865309e-01
3.30 0.5 8.084350207751632711e-01
3.40 0.5 8.125463532688401713e-01
3.50 0.5 8.132102619744853156e-01
3.60 0.5 8.036817033140241096e-01
3.70 0.5 8.117016099237437388e-01
3.80 0.5 8.139435538787074265e-01
3.90 0.5 8.066051176003996570e-01
4.00 0.5 8.143645729837892810e-01
4.10 0.5 8.095464368755409534e-01
4.20 0.5 8.190799587904183943e-01
4.30 0.5 8.194612259691780309e-01
4.40 0.5 8.214825239594112372e-01
4.50 0.5 8.208035764888497177e-01
4.60 0.5 8.181690956477268850e-01
4.70 0.5 8.180228725006797319e-01
4.80 0.5 8.191632447565763142e-01
4.90 0.5 8.189591367915389775e-01
5.00 0.5 8.178288440599740250e-01
 
2.00 0.6 6.959244363431846825e-01
2.10 0.6 7.245401365714532194e-01
2.20 0.6 7.458400033057457357e-01
2.30 0.6 7.649613030105638645e-01
2.40 0.6 7.771027756035530087e-01
2.50 0.6 7.896992199097357945e-01
2.60 0.6 7.913023429158010380e-01
2.70 0.6 7.947687015862643367e-01
2.80 0.6 7.959869463521385136e-01
2.90 0.6 7.971441442940498945e-01
3.00 0.6 7.981412164464020131e-01
3.10 0.6 8.044351841256033309e-01
3.20 0.6 8.010874014434133938e-01
3.30 0.6 8.110387229286296629e-01
3.40 0.6 8.089078830506621909e-01
3.50 0.6 8.076631555318513067e-01
3.60 0.6 8.124039595309286987e-01
3.70 0.6 8.143935747417846427e-01
3.80 0.6 8.145711285569133819e-01
3.90 0.6 8.134634896001767812e-01
4.00 0.6 8.152066471914434231e-01
4.10 0.6 8.179074124094392051e-01
4.20 0.6 8.182091036148944063e-01
4.30 0.6 8.173775103704284950e-01
4.40 0.6 8.185552964938842546e-01
4.50 0.6 8.169328069166283957e-01
4.60 0.6 8.165716083553763438e-01
4.70 0.6 8.105285565752158305e-01
4.80 0.6 8.174685481894157224e-01
4.90 0.6 8.198361797795679085e-01
5.00 0.6 8.228850926590078885e-01
 
2.00 0.7 7.225520211420096706e-01
2.10 0.7 7.460179243997019372e-01
2.20 0.7 7.561138836681876585e-01
2.30 0.7 7.628377523329992194e-01
2.40 0.7 7.830920373406490276e-01
2.50 0.7 7.806398883549617862e-01
2.60 0.7 7.954110374364550262e-01
2.70 0.7 8.041718084158190338e-01
2.80 0.7 7.962570390621797056e-01
2.90 0.7 8.052477082917383067e-01
3.00 0.7 8.048923616742225118e-01
3.10 0.7 7.969452953211023649e-01
3.20 0.7 8.007988763496587392e-01
3.30 0.7 8.045975341234018474e-01
3.40 0.7 8.045977334126865887e-01
3.50 0.7 8.019678289866869481e-01
3.60 0.7 8.032773300780038372e-01
3.70 0.7 8.023252423246518550e-01
3.80 0.7 8.122539145992818677e-01
3.90 0.7 8.138080550775533828e-01
4.00 0.7 8.086130107470986816e-01
4.10 0.7 8.129771657394186946e-01
4.20 0.7 8.141780023227683794e-01
4.30 0.7 8.140743854467382690e-01
4.40 0.7 8.224346738092588316e-01
4.50 0.7 8.177164026782400841e-01
4.60 0.7 8.168661554463209074e-01
4.70 0.7 8.178287032750818364e-01
4.80 0.7 8.129785940324847360e-01
4.90 0.7 8.160450795738090068e-01
5.00 0.7 8.132031198898933555e-01
 
2.00 0.8 7.418724726320838903e-01
2.10 0.8 7.672513464353778456e-01
2.20 0.8 7.767339624223810191e-01
2.30 0.8 7.787903459429047492e-01
2.40 0.8 7.849868687612038265e-01
2.50 0.8 7.903174555613539098e-01
2.60 0.8 7.887076825527952195e-01
2.70 0.8 7.986458122234321166e-01
2.80 0.8 7.987514973231631954e-01
2.90 0.8 7.945903902742823544e-01
3.00 0.8 7.972001687305827478e-01
3.10 0.8 8.004781674313973250e-01
3.20 0.8 8.000723537873649649e-01
3.30 0.8 8.034878429128718968e-01
3.40 0.8 7.993254787646693060e-01
3.50 0.8 8.001517354682461391e-01
3.60 0.8 8.048539830231601355e-01
3.70 0.8 8.094510030062691541e-01
3.80 0.8 8.091349657557240782e-01
3.90 0.8 8.103363537085415125e-01
4.00 0.8 8.147300296845981782e-01
4.10 0.8 8.125349574077961323e-01
4.20 0.8 8.141416885041073970e-01
4.30 0.8 8.167871160894665250e-01
4.40 0.8 8.171879735730958050e-01
4.50 0.8 8.131154677127332420e-01
4.60 0.8 8.195337939463216426e-01
4.70 0.8 8.228257798371712006e-01
4.80 0.8 8.229473111439498112e-01
4.90 0.8 8.231925856902153615e-01
5.00 0.8 8.200522035898688555e-01
 
2.00 0.9 7.501394910243632808e-01
2.10 0.9 7.526591646868598939e-01
2.20 0.9 7.533610562864899718e-01
2.30 0.9 7.638612197475688204e-01
2.40 0.9 7.770477081146890397e-01
2.50 0.9 7.807828357155947030e-01
2.60 0.9 7.799306318348406819e-01
2.70 0.9 7.867093890001043421e-01
2.80 0.9 7.929829068678861947e-01
2.90 0.9 7.977916215443382475e-01
3.00 0.9 7.997383620426410378e-01
3.10 0.9 8.007825753775461575e-01
3.20 0.9 8.031317191921196752e-01
3.30 0.9 8.022585647822757515e-01
3.40 0.9 8.024373005721120444e-01
3.50 0.9 8.029058537121167571e-01
3.60 0.9 8.032160463044303311e-01
3.70 0.9 8.093895468251990355e-01
3.80 0.9 8.129972948570444169e-01
3.90 0.9 8.175160798329421663e-01
4.00 0.9 8.205719923434022789e-01
4.10 0.9 8.188722962016397044e-01
4.20 0.9 8.177073410951856136e-01
4.30 0.9 8.219165438622972886e-01
4.40 0.9 8.231005235397417241e-01
4.50 0.9 8.226076178854548893e-01
4.60 0.9 8.243450251990231958e-01
4.70 0.9 8.216195777973926972e-01
4.80 0.9 8.244077950162922441e-01
4.90 0.9 8.196286096510142505e-01
5.00 0.9 8.241974758759705866e-01
 
2.00 1 7.519290615360600949e-01
2.10 1 7.424812259374098389e-01
2.20 1 7.363214317530775155e-01
2.30 1 7.565066843175548561e-01
2.40 1 7.712414482677346639e-01
2.50 1 7.771647863136377232e-01
2.60 1 7.855767898495649160e-01
2.70 1 7.912953011835017758e-01
2.80 1 7.957519802430673694e-01
2.90 1 7.989518000976348899e-01
3.00 1 8.014138230179179700e-01
3.10 1 8.027441008586408966e-01
3.20 1 8.033930205905265298e-01
3.30 1 8.021935735079646079e-01
3.40 1 7.971666228729102910e-01
3.50 1 7.946695453323560088e-01
3.60 1 8.049902551377371429e-01
3.70 1 8.042416455407769282e-01
3.80 1 8.095888928057184408e-01
3.90 1 8.124539381479596312e-01
4.00 1 8.205570301453588566e-01
4.10 1 8.234736103802814400e-01
4.20 1 8.251954359631255009e-01
4.30 1 8.263494998921316892e-01
4.40 1 8.271324687902215089e-01
4.50 1 8.272421618615326544e-01
4.60 1 8.281205458157754329e-01
4.70 1 8.283799638206753579e-01
4.80 1 8.285479250365473947e-01
4.90 1 8.285359064440102062e-01
5.00 1 8.281192049605924366e-01
 
