# Heisenberg model
# L=16, J=1, W=2.0
# CDF of level statistics r_S
# r_S CDF
4.141206790182574426e-01 1.282051282051282050e-03
4.311872211609303340e-01 2.564102564102564100e-03
4.327189842506048989e-01 3.846153846153846367e-03
4.350341398249780167e-01 5.128205128205128201e-03
4.350356513851098006e-01 6.410256410256410034e-03
4.361071454113283341e-01 7.692307692307691867e-03
4.380790134546243553e-01 8.974358974358975435e-03
4.420417253393504886e-01 1.025641025641025640e-02
4.425995231600557411e-01 1.153846153846153910e-02
4.443197901446543363e-01 1.282051282051282180e-02
4.443824178440216044e-01 1.410256410256410277e-02
4.449395882976117100e-01 1.538461538461538547e-02
4.463094132796631697e-01 1.666666666666666644e-02
4.465616151355878416e-01 1.794871794871794740e-02
4.476346068089112618e-01 1.923076923076922837e-02
4.479736363854815995e-01 2.051282051282051280e-02
4.494159005366049620e-01 2.179487179487179377e-02
4.496461704717992225e-01 2.307692307692307473e-02
4.503265434621970820e-01 2.435897435897435917e-02
4.513409112410811108e-01 2.564102564102564014e-02
4.548740872711109495e-01 2.692307692307692110e-02
4.548858469688457085e-01 2.820512820512820554e-02
4.557925519621504606e-01 2.948717948717948650e-02
4.561018084873751932e-01 3.076923076923076747e-02
4.562724387829572015e-01 3.205128205128205537e-02
4.570917821321224817e-01 3.333333333333333287e-02
4.571785465641855506e-01 3.461538461538461731e-02
4.571958653636009062e-01 3.589743589743590174e-02
4.572160551087562919e-01 3.717948717948717924e-02
4.590074270125670264e-01 3.846153846153846367e-02
4.596375799445088783e-01 3.974358974358974811e-02
4.606676683152383656e-01 4.102564102564102561e-02
4.607112505576956840e-01 4.230769230769231004e-02
4.609406961407145342e-01 4.358974358974359448e-02
4.623698526017324117e-01 4.487179487179487197e-02
4.625636001709243494e-01 4.615384615384615641e-02
4.634061432024329519e-01 4.743589743589744084e-02
4.635018276438740426e-01 4.871794871794871834e-02
4.653750563346421565e-01 5.000000000000000278e-02
4.656352545166206891e-01 5.128205128205128721e-02
4.658986695468337880e-01 5.256410256410256471e-02
4.659090092450600684e-01 5.384615384615384914e-02
4.671681632356163294e-01 5.512820512820513358e-02
4.674223517364328173e-01 5.641025641025641107e-02
4.675189645782436565e-01 5.769230769230769551e-02
4.675466754211574094e-01 5.897435897435897995e-02
4.681590493266605812e-01 6.025641025641025744e-02
4.681646075172696264e-01 6.153846153846154188e-02
4.686191070275780302e-01 6.282051282051281937e-02
4.692415360902956745e-01 6.410256410256409687e-02
4.692444045091657134e-01 6.538461538461537437e-02
4.696897735270142982e-01 6.666666666666666574e-02
4.698112112210941493e-01 6.794871794871794324e-02
4.700707200221906912e-01 6.923076923076922073e-02
4.708569565115132138e-01 7.051282051282051211e-02
4.710848542585172605e-01 7.179487179487178961e-02
4.712733261509239879e-01 7.307692307692306710e-02
4.726765196111959444e-01 7.435897435897435848e-02
4.727780043249537045e-01 7.564102564102563597e-02
4.732666514876281982e-01 7.692307692307691347e-02
4.733439340641114601e-01 7.820512820512820484e-02
4.733577405604706967e-01 7.948717948717948234e-02
4.738268642961554478e-01 8.076923076923075984e-02
4.738725706037855145e-01 8.205128205128205121e-02
4.740662307553392685e-01 8.333333333333332871e-02
4.749400156708183385e-01 8.461538461538460620e-02
4.753985593049378511e-01 8.589743589743589758e-02
4.757927307052956523e-01 8.717948717948717507e-02
4.759593170205884682e-01 8.846153846153845257e-02
4.768588201432695239e-01 8.974358974358974395e-02
4.776187592266108450e-01 9.102564102564102144e-02
4.780345973928295522e-01 9.230769230769229894e-02
4.787057364770486156e-01 9.358974358974359031e-02
4.789810860245847790e-01 9.487179487179486781e-02
4.791887522127944998e-01 9.615384615384614531e-02
4.794157037160126644e-01 9.743589743589743668e-02
4.797096213628085914e-01 9.871794871794871418e-02
4.798744384178984523e-01 9.999999999999999167e-02
4.799910328074748489e-01 1.012820512820512830e-01
4.800023408028597505e-01 1.025641025641025605e-01
4.804894647725712065e-01 1.038461538461538380e-01
4.805869121211135409e-01 1.051282051282051294e-01
4.806407629507337131e-01 1.064102564102564069e-01
4.811598463891566535e-01 1.076923076923076844e-01
4.814734908439753380e-01 1.089743589743589758e-01
4.818635755939058574e-01 1.102564102564102533e-01
4.818686546189285824e-01 1.115384615384615308e-01
4.820213361424718346e-01 1.128205128205128221e-01
4.822910478040970395e-01 1.141025641025640996e-01
4.823789536715878956e-01 1.153846153846153771e-01
4.825242284779143187e-01 1.166666666666666685e-01
4.828864363136579629e-01 1.179487179487179460e-01
4.829633072681843720e-01 1.192307692307692235e-01
4.829785775787353019e-01 1.205128205128205149e-01
4.830894151112704038e-01 1.217948717948717924e-01
4.832261562577873648e-01 1.230769230769230699e-01
4.833584192710781990e-01 1.243589743589743613e-01
4.834834614405248976e-01 1.256410256410256387e-01
4.835415322465040910e-01 1.269230769230769162e-01
4.836828294410552842e-01 1.282051282051281937e-01
4.839101269507362080e-01 1.294871794871794712e-01
4.842043522466220606e-01 1.307692307692307765e-01
4.842848504712779500e-01 1.320512820512820540e-01
4.848808397290346184e-01 1.333333333333333315e-01
4.851595669330759364e-01 1.346153846153846090e-01
4.858452624548587062e-01 1.358974358974358865e-01
4.865085519026184913e-01 1.371794871794871640e-01
4.867712847208071070e-01 1.384615384615384692e-01
4.868304937232172391e-01 1.397435897435897467e-01
4.874526671248644027e-01 1.410256410256410242e-01
4.874974188172215284e-01 1.423076923076923017e-01
4.876053804287668880e-01 1.435897435897435792e-01
4.876124188905545664e-01 1.448717948717948567e-01
4.882687540447192553e-01 1.461538461538461620e-01
4.883042863101067499e-01 1.474358974358974395e-01
4.887211134310511795e-01 1.487179487179487170e-01
4.889448374656300556e-01 1.499999999999999944e-01
4.890992708346195705e-01 1.512820512820512719e-01
4.896689385895945934e-01 1.525641025641025494e-01
4.896876596714027641e-01 1.538461538461538547e-01
4.897744452953155525e-01 1.551282051282051322e-01
4.898436459617746541e-01 1.564102564102564097e-01
4.898511849704041965e-01 1.576923076923076872e-01
4.902729462333823007e-01 1.589743589743589647e-01
4.905017158392274146e-01 1.602564102564102422e-01
4.905710362154144244e-01 1.615384615384615474e-01
4.906175216621753155e-01 1.628205128205128249e-01
4.907024036938999467e-01 1.641025641025641024e-01
4.909458741047061370e-01 1.653846153846153799e-01
4.909829064511683772e-01 1.666666666666666574e-01
4.913314419733568750e-01 1.679487179487179349e-01
4.914758100113317818e-01 1.692307692307692124e-01
4.916568601426413720e-01 1.705128205128205177e-01
4.916619006239972833e-01 1.717948717948717952e-01
4.917764870185811210e-01 1.730769230769230727e-01
4.918431199923569141e-01 1.743589743589743501e-01
4.924014646234743942e-01 1.756410256410256276e-01
4.924188891814745284e-01 1.769230769230769051e-01
4.925201232887585490e-01 1.782051282051282104e-01
4.925875641636600633e-01 1.794871794871794879e-01
4.925940636092487335e-01 1.807692307692307654e-01
4.929483172215639586e-01 1.820512820512820429e-01
4.931682370831383388e-01 1.833333333333333204e-01
4.933109477406511512e-01 1.846153846153845979e-01
4.933269769076670253e-01 1.858974358974359031e-01
4.935613925795384049e-01 1.871794871794871806e-01
4.935861919126743880e-01 1.884615384615384581e-01
4.935965944404130390e-01 1.897435897435897356e-01
4.937885404924908794e-01 1.910256410256410131e-01
4.940198866235367414e-01 1.923076923076922906e-01
4.943311376728920514e-01 1.935897435897435959e-01
4.946018636110080524e-01 1.948717948717948734e-01
4.949047345403475018e-01 1.961538461538461509e-01
4.951539083495042903e-01 1.974358974358974284e-01
4.951970233452593906e-01 1.987179487179487059e-01
4.952574601053061909e-01 1.999999999999999833e-01
4.952595873951605721e-01 2.012820512820512886e-01
4.953355636626362579e-01 2.025641025641025661e-01
4.953834035552268644e-01 2.038461538461538436e-01
4.954440047834164362e-01 2.051282051282051211e-01
4.954914377080203991e-01 2.064102564102563986e-01
4.956108986583085407e-01 2.076923076923076761e-01
4.957329089762890217e-01 2.089743589743589813e-01
4.957500038304867296e-01 2.102564102564102588e-01
4.961344871805413170e-01 2.115384615384615363e-01
4.964580045074620251e-01 2.128205128205128138e-01
4.965315951280653839e-01 2.141025641025640913e-01
4.966399383970683812e-01 2.153846153846153688e-01
4.969460174836905497e-01 2.166666666666666741e-01
4.972626885027405241e-01 2.179487179487179516e-01
4.974296491832311817e-01 2.192307692307692291e-01
4.974588974628800231e-01 2.205128205128205066e-01
4.975402263709154949e-01 2.217948717948717841e-01
4.976713782853598445e-01 2.230769230769230616e-01
4.976995250821735217e-01 2.243589743589743668e-01
4.979852657028100427e-01 2.256410256410256443e-01
4.980602772073352003e-01 2.269230769230769218e-01
4.981280994292343056e-01 2.282051282051281993e-01
4.983716733335520899e-01 2.294871794871794768e-01
4.985558918283299890e-01 2.307692307692307543e-01
4.986530747009993436e-01 2.320512820512820595e-01
4.987999120611861237e-01 2.333333333333333370e-01
4.988094599831001119e-01 2.346153846153846145e-01
4.990021725710911960e-01 2.358974358974358920e-01
4.990641813613411193e-01 2.371794871794871695e-01
4.992352012298749697e-01 2.384615384615384470e-01
4.993468612664055950e-01 2.397435897435897523e-01
4.995475096327157138e-01 2.410256410256410298e-01
4.996220743603405623e-01 2.423076923076923073e-01
4.997584408076146123e-01 2.435897435897435848e-01
4.998755232248143221e-01 2.448717948717948623e-01
5.001647875238643959e-01 2.461538461538461398e-01
5.002026486807533701e-01 2.474358974358974450e-01
5.002170334087532311e-01 2.487179487179487225e-01
5.002472148041248179e-01 2.500000000000000000e-01
5.003294980849086748e-01 2.512820512820512775e-01
5.003561529946729536e-01 2.525641025641025550e-01
5.006814526080726191e-01 2.538461538461538325e-01
5.006915399946632039e-01 2.551282051282051100e-01
5.008351227000455985e-01 2.564102564102563875e-01
5.009356777305575825e-01 2.576923076923076650e-01
5.011771644685353300e-01 2.589743589743589425e-01
5.012060198712700032e-01 2.602564102564102755e-01
5.012542842789496911e-01 2.615384615384615530e-01
5.016901021142750050e-01 2.628205128205128305e-01
5.018344166155869202e-01 2.641025641025641080e-01
5.018427069911804983e-01 2.653846153846153855e-01
5.018983223195094823e-01 2.666666666666666630e-01
5.021144528165000231e-01 2.679487179487179405e-01
5.023163947386686257e-01 2.692307692307692180e-01
5.024262859211152676e-01 2.705128205128204955e-01
5.027212752393392936e-01 2.717948717948717730e-01
5.028264769570596204e-01 2.730769230769230504e-01
5.028637633658490369e-01 2.743589743589743279e-01
5.030815918043333168e-01 2.756410256410256610e-01
5.031018807254191705e-01 2.769230769230769384e-01
5.032204946032547976e-01 2.782051282051282159e-01
5.032717846603381728e-01 2.794871794871794934e-01
5.033270251899301106e-01 2.807692307692307709e-01
5.033297127310351060e-01 2.820512820512820484e-01
5.033735228429040420e-01 2.833333333333333259e-01
5.034013448718911432e-01 2.846153846153846034e-01
5.034327529521833711e-01 2.858974358974358809e-01
5.034843280596931203e-01 2.871794871794871584e-01
5.035073396176840133e-01 2.884615384615384359e-01
5.036038373034109616e-01 2.897435897435897134e-01
5.036705601421246348e-01 2.910256410256410464e-01
5.037438343293700882e-01 2.923076923076923239e-01
5.037914659788422789e-01 2.935897435897436014e-01
5.038069403774513288e-01 2.948717948717948789e-01
5.038591473026564627e-01 2.961538461538461564e-01
5.041035038614836150e-01 2.974358974358974339e-01
5.041043261631797945e-01 2.987179487179487114e-01
5.042635541902396046e-01 2.999999999999999889e-01
5.043768068853853315e-01 3.012820512820512664e-01
5.043886626436507870e-01 3.025641025641025439e-01
5.045720664081181361e-01 3.038461538461538214e-01
5.046336331025762512e-01 3.051282051282050989e-01
5.046358167609074075e-01 3.064102564102564319e-01
5.047573216440636168e-01 3.076923076923077094e-01
5.047745884783719772e-01 3.089743589743589869e-01
5.047941506285007485e-01 3.102564102564102644e-01
5.050068009361907695e-01 3.115384615384615419e-01
5.050172475908361047e-01 3.128205128205128194e-01
5.050465636636705113e-01 3.141025641025640969e-01
5.050867930166884623e-01 3.153846153846153744e-01
5.051381003474897380e-01 3.166666666666666519e-01
5.051787545713721794e-01 3.179487179487179294e-01
5.057600083837925364e-01 3.192307692307692069e-01
5.057938803017261176e-01 3.205128205128204844e-01
5.061039680713905753e-01 3.217948717948718174e-01
5.062328073666324535e-01 3.230769230769230949e-01
5.064915698138729994e-01 3.243589743589743724e-01
5.065757179276839661e-01 3.256410256410256499e-01
5.067334417073738884e-01 3.269230769230769273e-01
5.067715315774945495e-01 3.282051282051282048e-01
5.068709018239340169e-01 3.294871794871794823e-01
5.070057860565306829e-01 3.307692307692307598e-01
5.070526033238101915e-01 3.320512820512820373e-01
5.070978128398175855e-01 3.333333333333333148e-01
5.071208521667445179e-01 3.346153846153845923e-01
5.071301412275250886e-01 3.358974358974358698e-01
5.071406864508617440e-01 3.371794871794871473e-01
5.072128941747323649e-01 3.384615384615384803e-01
5.072759525534896730e-01 3.397435897435897578e-01
5.073930935983387291e-01 3.410256410256410353e-01
5.074353967748321814e-01 3.423076923076923128e-01
5.075276507441716101e-01 3.435897435897435903e-01
5.077652762721709401e-01 3.448717948717948678e-01
5.077764320992157465e-01 3.461538461538461453e-01
5.077838173010139622e-01 3.474358974358974228e-01
5.078730718705584124e-01 3.487179487179487003e-01
5.079018379920985371e-01 3.499999999999999778e-01
5.079627472054472070e-01 3.512820512820512553e-01
5.082112940085725672e-01 3.525641025641025328e-01
5.082243830026849096e-01 3.538461538461538658e-01
5.082258812417819183e-01 3.551282051282051433e-01
5.082679836934955730e-01 3.564102564102564208e-01
5.083566683292493060e-01 3.576923076923076983e-01
5.086864101126840065e-01 3.589743589743589758e-01
5.087795109902031321e-01 3.602564102564102533e-01
5.088282936934858114e-01 3.615384615384615308e-01
5.090507548554249473e-01 3.628205128205128083e-01
5.090592417325272567e-01 3.641025641025640858e-01
5.090824775006385083e-01 3.653846153846153633e-01
5.091720196252937924e-01 3.666666666666666408e-01
5.092462003313609209e-01 3.679487179487179183e-01
5.094514335611373124e-01 3.692307692307692513e-01
5.094950714762803701e-01 3.705128205128205288e-01
5.095015987325313134e-01 3.717948717948718063e-01
5.095729383132430179e-01 3.730769230769230838e-01
5.096708166002321683e-01 3.743589743589743613e-01
5.096787123214813198e-01 3.756410256410256387e-01
5.097435086738212329e-01 3.769230769230769162e-01
5.097456197725868110e-01 3.782051282051281937e-01
5.098912986581362050e-01 3.794871794871794712e-01
5.099200443879271516e-01 3.807692307692307487e-01
5.100088735119678862e-01 3.820512820512820262e-01
5.100711840005555109e-01 3.833333333333333037e-01
5.106601331729790916e-01 3.846153846153846367e-01
5.107011335326202550e-01 3.858974358974359142e-01
5.107492659819599101e-01 3.871794871794871917e-01
5.109399557009298709e-01 3.884615384615384692e-01
5.109423244566145828e-01 3.897435897435897467e-01
5.112745569314653959e-01 3.910256410256410242e-01
5.113788126090935693e-01 3.923076923076923017e-01
5.114969788294243536e-01 3.935897435897435792e-01
5.115023969106458068e-01 3.948717948717948567e-01
5.115046367238366143e-01 3.961538461538461342e-01
5.115618119711053957e-01 3.974358974358974117e-01
5.115694101021591722e-01 3.987179487179486892e-01
5.115757602941475302e-01 4.000000000000000222e-01
5.116046943097432020e-01 4.012820512820512997e-01
5.118096948881528663e-01 4.025641025641025772e-01
5.118657475283892033e-01 4.038461538461538547e-01
5.120434692244580921e-01 4.051282051282051322e-01
5.120525016226163961e-01 4.064102564102564097e-01
5.121551624639293365e-01 4.076923076923076872e-01
5.121834300263232720e-01 4.089743589743589647e-01
5.124065676148873427e-01 4.102564102564102422e-01
5.124144855459590309e-01 4.115384615384615197e-01
5.125164851289091272e-01 4.128205128205127972e-01
5.126040223547818631e-01 4.141025641025640747e-01
5.126042102784527099e-01 4.153846153846153522e-01
5.126757505446876140e-01 4.166666666666666852e-01
5.127500110255751586e-01 4.179487179487179627e-01
5.128531127055645511e-01 4.192307692307692402e-01
5.128893586073727251e-01 4.205128205128205177e-01
5.130529006884413379e-01 4.217948717948717952e-01
5.130779911547683758e-01 4.230769230769230727e-01
5.132187455867158743e-01 4.243589743589743501e-01
5.132485631400655057e-01 4.256410256410256276e-01
5.132931981444925906e-01 4.269230769230769051e-01
5.133297535497421960e-01 4.282051282051281826e-01
5.133719069915736455e-01 4.294871794871794601e-01
5.136392919486021391e-01 4.307692307692307376e-01
5.138211509442558445e-01 4.320512820512820706e-01
5.138393234704384804e-01 4.333333333333333481e-01
5.138766778727910101e-01 4.346153846153846256e-01
5.138862307864436874e-01 4.358974358974359031e-01
5.139349109620925393e-01 4.371794871794871806e-01
5.139565160969705726e-01 4.384615384615384581e-01
5.141667468948432074e-01 4.397435897435897356e-01
5.141762124170324855e-01 4.410256410256410131e-01
5.141833161349336212e-01 4.423076923076922906e-01
5.142194305634292251e-01 4.435897435897435681e-01
5.142473226298857059e-01 4.448717948717948456e-01
5.142645559744085659e-01 4.461538461538461231e-01
5.143302902188507941e-01 4.474358974358974561e-01
5.143501579677505209e-01 4.487179487179487336e-01
5.143823363531232484e-01 4.500000000000000111e-01
5.143958616076490520e-01 4.512820512820512886e-01
5.144361374243521245e-01 4.525641025641025661e-01
5.144484371467639150e-01 4.538461538461538436e-01
5.144521006940476759e-01 4.551282051282051211e-01
5.144617892420203509e-01 4.564102564102563986e-01
5.145411069609597821e-01 4.576923076923076761e-01
5.145972503158234845e-01 4.589743589743589536e-01
5.146553799034504495e-01 4.602564102564102311e-01
5.147515082642593054e-01 4.615384615384615086e-01
5.148022299624258613e-01 4.628205128205128416e-01
5.149714948373316226e-01 4.641025641025641191e-01
5.149928974070923093e-01 4.653846153846153966e-01
5.151180638393605404e-01 4.666666666666666741e-01
5.151720782051217862e-01 4.679487179487179516e-01
5.152701260122894977e-01 4.692307692307692291e-01
5.153219861260300849e-01 4.705128205128205066e-01
5.154810066136928937e-01 4.717948717948717841e-01
5.154970324980956420e-01 4.730769230769230616e-01
5.155553401949155568e-01 4.743589743589743390e-01
5.155649179410752847e-01 4.756410256410256165e-01
5.156221156692119001e-01 4.769230769230768940e-01
5.156967542789824277e-01 4.782051282051282270e-01
5.157175558629849554e-01 4.794871794871795045e-01
5.157259923514140310e-01 4.807692307692307820e-01
5.157419953061063156e-01 4.820512820512820595e-01
5.159461631427774142e-01 4.833333333333333370e-01
5.160491690300976764e-01 4.846153846153846145e-01
5.160873365961609061e-01 4.858974358974358920e-01
5.162015961816232013e-01 4.871794871794871695e-01
5.163645907152272230e-01 4.884615384615384470e-01
5.165157229813782669e-01 4.897435897435897245e-01
5.165230243350320549e-01 4.910256410256410020e-01
5.165423794131845936e-01 4.923076923076922795e-01
5.165654844991246497e-01 4.935897435897436125e-01
5.167888951551024013e-01 4.948717948717948900e-01
5.169156938415635505e-01 4.961538461538461675e-01
5.169377182846786045e-01 4.974358974358974450e-01
5.170959944566486666e-01 4.987179487179487225e-01
5.171187217390326163e-01 5.000000000000000000e-01
5.171540178965624568e-01 5.012820512820512775e-01
5.171734665420261168e-01 5.025641025641025550e-01
5.172332259668394050e-01 5.038461538461538325e-01
5.172384206709871313e-01 5.051282051282051100e-01
5.173129425300008188e-01 5.064102564102563875e-01
5.175073812894426251e-01 5.076923076923076650e-01
5.175596589587317942e-01 5.089743589743589425e-01
5.175891932787080041e-01 5.102564102564102200e-01
5.176110034911660662e-01 5.115384615384614975e-01
5.177123561326093526e-01 5.128205128205127750e-01
5.180110191857290047e-01 5.141025641025640525e-01
5.180741901017520412e-01 5.153846153846153300e-01
5.180767292452121975e-01 5.166666666666666075e-01
5.181127186731131484e-01 5.179487179487179960e-01
5.182948604233162948e-01 5.192307692307692735e-01
5.183232681389425833e-01 5.205128205128205510e-01
5.184155846224850483e-01 5.217948717948718285e-01
5.185055325362354361e-01 5.230769230769231060e-01
5.185576037614679779e-01 5.243589743589743835e-01
5.185703648790525033e-01 5.256410256410256610e-01
5.186755982979115442e-01 5.269230769230769384e-01
5.188028028497970734e-01 5.282051282051282159e-01
5.188490288921545623e-01 5.294871794871794934e-01
5.189573710432111575e-01 5.307692307692307709e-01
5.189759258682553611e-01 5.320512820512820484e-01
5.190519176781885902e-01 5.333333333333333259e-01
5.190931947451408179e-01 5.346153846153846034e-01
5.191300126269206006e-01 5.358974358974358809e-01
5.191623866683947597e-01 5.371794871794871584e-01
5.193735403386514626e-01 5.384615384615384359e-01
5.194004390093803769e-01 5.397435897435897134e-01
5.195365053896106033e-01 5.410256410256409909e-01
5.196517732211706209e-01 5.423076923076922684e-01
5.196754317101365261e-01 5.435897435897435459e-01
5.198957200677224444e-01 5.448717948717948234e-01
5.200025414967481829e-01 5.461538461538461009e-01
5.200130449466805471e-01 5.474358974358973784e-01
5.202634556486503969e-01 5.487179487179487669e-01
5.202653158331533856e-01 5.500000000000000444e-01
5.202944026353185647e-01 5.512820512820513219e-01
5.203330976642766004e-01 5.525641025641025994e-01
5.203500127282160159e-01 5.538461538461538769e-01
5.205141162424478107e-01 5.551282051282051544e-01
5.207203092037346881e-01 5.564102564102564319e-01
5.207363229575842078e-01 5.576923076923077094e-01
5.207790152390691096e-01 5.589743589743589869e-01
5.209532618552268346e-01 5.602564102564102644e-01
5.209648102786723634e-01 5.615384615384615419e-01
5.210348174304061386e-01 5.628205128205128194e-01
5.210671665077367676e-01 5.641025641025640969e-01
5.210834150539251919e-01 5.653846153846153744e-01
5.211061057077944758e-01 5.666666666666666519e-01
5.213423960617089570e-01 5.679487179487179294e-01
5.213451749722108897e-01 5.692307692307692069e-01
5.214678164890585998e-01 5.705128205128204844e-01
5.215178091479293343e-01 5.717948717948717618e-01
5.215398999616873699e-01 5.730769230769230393e-01
5.215493946763936073e-01 5.743589743589743168e-01
5.215557202921883295e-01 5.756410256410255943e-01
5.216296303315843819e-01 5.769230769230768718e-01
5.216644371817406034e-01 5.782051282051281493e-01
5.217180314693722343e-01 5.794871794871794268e-01
5.217263209470462959e-01 5.807692307692308153e-01
5.218454626288557829e-01 5.820512820512820928e-01
5.220279789220435562e-01 5.833333333333333703e-01
5.220831193840229645e-01 5.846153846153846478e-01
5.221255120679824113e-01 5.858974358974359253e-01
5.221922826576711474e-01 5.871794871794872028e-01
5.225002972948360469e-01 5.884615384615384803e-01
5.226115369117586562e-01 5.897435897435897578e-01
5.226275866599923159e-01 5.910256410256410353e-01
5.227794525872373477e-01 5.923076923076923128e-01
5.228116993086775466e-01 5.935897435897435903e-01
5.228538151874349005e-01 5.948717948717948678e-01
5.228994877158665844e-01 5.961538461538461453e-01
5.230906102565788807e-01 5.974358974358974228e-01
5.231232870327137130e-01 5.987179487179487003e-01
5.231440945725995828e-01 5.999999999999999778e-01
5.231519785886104001e-01 6.012820512820512553e-01
5.231819898081776499e-01 6.025641025641025328e-01
5.233192544722373718e-01 6.038461538461538103e-01
5.234012141699251330e-01 6.051282051282050878e-01
5.236233896602459081e-01 6.064102564102563653e-01
5.239674506594110825e-01 6.076923076923076428e-01
5.240614734647974782e-01 6.089743589743589203e-01
5.240766216165692049e-01 6.102564102564101978e-01
5.241312954239333299e-01 6.115384615384615863e-01
5.241617021690445632e-01 6.128205128205128638e-01
5.243387791666216380e-01 6.141025641025641413e-01
5.243583278052353913e-01 6.153846153846154188e-01
5.243959784266476465e-01 6.166666666666666963e-01
5.245258982689041671e-01 6.179487179487179738e-01
5.245588900816092748e-01 6.192307692307692513e-01
5.246284835997081508e-01 6.205128205128205288e-01
5.246498862763206983e-01 6.217948717948718063e-01
5.246574078993094803e-01 6.230769230769230838e-01
5.247317150143930853e-01 6.243589743589743613e-01
5.249365590593140229e-01 6.256410256410256387e-01
5.249516280828415704e-01 6.269230769230769162e-01
5.251609907233373287e-01 6.282051282051281937e-01
5.251877433378485671e-01 6.294871794871794712e-01
5.253228915723906489e-01 6.307692307692307487e-01
5.253379355816000240e-01 6.320512820512820262e-01
5.254216734280060530e-01 6.333333333333333037e-01
5.254254063508261297e-01 6.346153846153845812e-01
5.254333376757547303e-01 6.358974358974358587e-01
5.255248498315998607e-01 6.371794871794871362e-01
5.255804882848036375e-01 6.384615384615384137e-01
5.256158304202692699e-01 6.397435897435896912e-01
5.256463871795330478e-01 6.410256410256409687e-01
5.256915094105287789e-01 6.423076923076923572e-01
5.256922723316145296e-01 6.435897435897436347e-01
5.257445955200001908e-01 6.448717948717949122e-01
5.257777001144902096e-01 6.461538461538461897e-01
5.258837233038354819e-01 6.474358974358974672e-01
5.259159678084617262e-01 6.487179487179487447e-01
5.261076025569664250e-01 6.500000000000000222e-01
5.263454541415188981e-01 6.512820512820512997e-01
5.263807923228182029e-01 6.525641025641025772e-01
5.264927729472038687e-01 6.538461538461538547e-01
5.265086295513105030e-01 6.551282051282051322e-01
5.265837637873810317e-01 6.564102564102564097e-01
5.265901252379815434e-01 6.576923076923076872e-01
5.265926910293982077e-01 6.589743589743589647e-01
5.266409458191303461e-01 6.602564102564102422e-01
5.266547779378109029e-01 6.615384615384615197e-01
5.267208951957775831e-01 6.628205128205127972e-01
5.267298087927211325e-01 6.641025641025640747e-01
5.268089866987197833e-01 6.653846153846153522e-01
5.268480120945124856e-01 6.666666666666666297e-01
5.269450624139871975e-01 6.679487179487179072e-01
5.271091308914074292e-01 6.692307692307691847e-01
5.271984580610140636e-01 6.705128205128204621e-01
5.272266251801422943e-01 6.717948717948717396e-01
5.272382747937109926e-01 6.730769230769230171e-01
5.273820573651530896e-01 6.743589743589744057e-01
5.273852199398649798e-01 6.756410256410256832e-01
5.275484710182695158e-01 6.769230769230769607e-01
5.275677575557018439e-01 6.782051282051282382e-01
5.275823762350988488e-01 6.794871794871795156e-01
5.276007400852213980e-01 6.807692307692307931e-01
5.277901620101075331e-01 6.820512820512820706e-01
5.279535420507138754e-01 6.833333333333333481e-01
5.281054348760886308e-01 6.846153846153846256e-01
5.281238422914611430e-01 6.858974358974359031e-01
5.282091063357147176e-01 6.871794871794871806e-01
5.282161970263828943e-01 6.884615384615384581e-01
5.283796956006652223e-01 6.897435897435897356e-01
5.283869995905088324e-01 6.910256410256410131e-01
5.284912783872646180e-01 6.923076923076922906e-01
5.285407525121798011e-01 6.935897435897435681e-01
5.286088333830525343e-01 6.948717948717948456e-01
5.288664346138909345e-01 6.961538461538461231e-01
5.288891855877987380e-01 6.974358974358974006e-01
5.289533967178023932e-01 6.987179487179486781e-01
5.291020636209461392e-01 6.999999999999999556e-01
5.291474037666875629e-01 7.012820512820512331e-01
5.292556751162487139e-01 7.025641025641025106e-01
5.292790838379960450e-01 7.038461538461537881e-01
5.292894197389649280e-01 7.051282051282051766e-01
5.293395604646011776e-01 7.064102564102564541e-01
5.294185887012478053e-01 7.076923076923077316e-01
5.296594859713216197e-01 7.089743589743590091e-01
5.297324615302282380e-01 7.102564102564102866e-01
5.300409140853030721e-01 7.115384615384615641e-01
5.300903958293191609e-01 7.128205128205128416e-01
5.301244685254614675e-01 7.141025641025641191e-01
5.301255034919241105e-01 7.153846153846153966e-01
5.301277115159891418e-01 7.166666666666666741e-01
5.301410521816295462e-01 7.179487179487179516e-01
5.301747863819155082e-01 7.192307692307692291e-01
5.303148226503645590e-01 7.205128205128205066e-01
5.304078899291936322e-01 7.217948717948717841e-01
5.304388846689261916e-01 7.230769230769230616e-01
5.304703759011519804e-01 7.243589743589743390e-01
5.306896450375524488e-01 7.256410256410256165e-01
5.307795014929984623e-01 7.269230769230768940e-01
5.309090622277509164e-01 7.282051282051281715e-01
5.309822066475347047e-01 7.294871794871794490e-01
5.310744673873790678e-01 7.307692307692307265e-01
5.311496138834659320e-01 7.320512820512820040e-01
5.312009369472179277e-01 7.333333333333332815e-01
5.312228786053369012e-01 7.346153846153845590e-01
5.313233268974435486e-01 7.358974358974359475e-01
5.314018588468404358e-01 7.371794871794872250e-01
5.314152942708458838e-01 7.384615384615385025e-01
5.314777277334803429e-01 7.397435897435897800e-01
5.315128145515476410e-01 7.410256410256410575e-01
5.316358304892875308e-01 7.423076923076923350e-01
5.317194336225695706e-01 7.435897435897436125e-01
5.317857960097353009e-01 7.448717948717948900e-01
5.319180264504046463e-01 7.461538461538461675e-01
5.320187804618806693e-01 7.474358974358974450e-01
5.320233461960195420e-01 7.487179487179487225e-01
5.320313118354367266e-01 7.500000000000000000e-01
5.324242428865002541e-01 7.512820512820512775e-01
5.324411235526913533e-01 7.525641025641025550e-01
5.325665071975650422e-01 7.538461538461538325e-01
5.326875970500335455e-01 7.551282051282051100e-01
5.327459529710548702e-01 7.564102564102563875e-01
5.328240067825347204e-01 7.576923076923076650e-01
5.328831293640026168e-01 7.589743589743589425e-01
5.330729413666144278e-01 7.602564102564102200e-01
5.331196305357350784e-01 7.615384615384614975e-01
5.331766437973097794e-01 7.628205128205127750e-01
5.331900621226141057e-01 7.641025641025640525e-01
5.331969244041988576e-01 7.653846153846153300e-01
5.332565636708287427e-01 7.666666666666666075e-01
5.333012489569057824e-01 7.679487179487179960e-01
5.333963637438775551e-01 7.692307692307692735e-01
5.337081875315290436e-01 7.705128205128205510e-01
5.337259576542275896e-01 7.717948717948718285e-01
5.339056296273462232e-01 7.730769230769231060e-01
5.340246913973524245e-01 7.743589743589743835e-01
5.340584315693980288e-01 7.756410256410256610e-01
5.340904020886960701e-01 7.769230769230769384e-01
5.342385776262760233e-01 7.782051282051282159e-01
5.342970182458742778e-01 7.794871794871794934e-01
5.345032000060505606e-01 7.807692307692307709e-01
5.345665989345536051e-01 7.820512820512820484e-01
5.346537555363055638e-01 7.833333333333333259e-01
5.346791789137913531e-01 7.846153846153846034e-01
5.347155378709392837e-01 7.858974358974358809e-01
5.347875528333468909e-01 7.871794871794871584e-01
5.348182656452458161e-01 7.884615384615384359e-01
5.348279872229392273e-01 7.897435897435897134e-01
5.348402496253893412e-01 7.910256410256409909e-01
5.349582232027375595e-01 7.923076923076922684e-01
5.350223930743471801e-01 7.935897435897435459e-01
5.350238810817493640e-01 7.948717948717948234e-01
5.350269516749169840e-01 7.961538461538461009e-01
5.350376013565878441e-01 7.974358974358973784e-01
5.351456795650288978e-01 7.987179487179487669e-01
5.351856951801492457e-01 8.000000000000000444e-01
5.352195942390804984e-01 8.012820512820513219e-01
5.352743816960748857e-01 8.025641025641025994e-01
5.355503227817356438e-01 8.038461538461538769e-01
5.356482307375619589e-01 8.051282051282051544e-01
5.357026860734760421e-01 8.064102564102564319e-01
5.357236134135358041e-01 8.076923076923077094e-01
5.359900347648001162e-01 8.089743589743589869e-01
5.360180438762853772e-01 8.102564102564102644e-01
5.360190309223912264e-01 8.115384615384615419e-01
5.360316554014630253e-01 8.128205128205128194e-01
5.361107748461365619e-01 8.141025641025640969e-01
5.364749642267131469e-01 8.153846153846153744e-01
5.365290829071042156e-01 8.166666666666666519e-01
5.367976369422856608e-01 8.179487179487179294e-01
5.370319475208138460e-01 8.192307692307692069e-01
5.370963547363400981e-01 8.205128205128204844e-01
5.371945195746357093e-01 8.217948717948717618e-01
5.372122387583571079e-01 8.230769230769230393e-01
5.373947655405519885e-01 8.243589743589743168e-01
5.374695191133966876e-01 8.256410256410255943e-01
5.375235354547751587e-01 8.269230769230768718e-01
5.375718940994052009e-01 8.282051282051281493e-01
5.375862447397573574e-01 8.294871794871794268e-01
5.378465699554405566e-01 8.307692307692308153e-01
5.379583543108725774e-01 8.320512820512820928e-01
5.379725939120043599e-01 8.333333333333333703e-01
5.380579066814088485e-01 8.346153846153846478e-01
5.381565243415170618e-01 8.358974358974359253e-01
5.384979485579368674e-01 8.371794871794872028e-01
5.386801770204810991e-01 8.384615384615384803e-01
5.387055114278169743e-01 8.397435897435897578e-01
5.387923862553138932e-01 8.410256410256410353e-01
5.388780440087720391e-01 8.423076923076923128e-01
5.388921761674907440e-01 8.435897435897435903e-01
5.389672212661047457e-01 8.448717948717948678e-01
5.390134346018325973e-01 8.461538461538461453e-01
5.393984178732446066e-01 8.474358974358974228e-01
5.394148464587278369e-01 8.487179487179487003e-01
5.396120068578581508e-01 8.499999999999999778e-01
5.396244441561373062e-01 8.512820512820512553e-01
5.397763767145365987e-01 8.525641025641025328e-01
5.398389029802284078e-01 8.538461538461538103e-01
5.399209389588007779e-01 8.551282051282050878e-01
5.399442012983947103e-01 8.564102564102563653e-01
5.400137740977760670e-01 8.576923076923076428e-01
5.400143066528009239e-01 8.589743589743589203e-01
5.400835900221546693e-01 8.602564102564101978e-01
5.400975168315752528e-01 8.615384615384615863e-01
5.401889219896299776e-01 8.628205128205128638e-01
5.403115390308504962e-01 8.641025641025641413e-01
5.403564535759607379e-01 8.653846153846154188e-01
5.405225771162976978e-01 8.666666666666666963e-01
5.406622911748886207e-01 8.679487179487179738e-01
5.406841360906130545e-01 8.692307692307692513e-01
5.406930682289626811e-01 8.705128205128205288e-01
5.407459217421329845e-01 8.717948717948718063e-01
5.408616851077107102e-01 8.730769230769230838e-01
5.409581250548377573e-01 8.743589743589743613e-01
5.410544866428154132e-01 8.756410256410256387e-01
5.411379956333969288e-01 8.769230769230769162e-01
5.412983510999249681e-01 8.782051282051281937e-01
5.414744144129769454e-01 8.794871794871794712e-01
5.415903197019263926e-01 8.807692307692307487e-01
5.416492726462742713e-01 8.820512820512820262e-01
5.417850948504137065e-01 8.833333333333333037e-01
5.420111202988251442e-01 8.846153846153845812e-01
5.420985022449701374e-01 8.858974358974358587e-01
5.421627133639956853e-01 8.871794871794871362e-01
5.422270987414860022e-01 8.884615384615384137e-01
5.425097888654037970e-01 8.897435897435896912e-01
5.426263358960301542e-01 8.910256410256409687e-01
5.426804360910555403e-01 8.923076923076923572e-01
5.428459229254454232e-01 8.935897435897436347e-01
5.428920148467782925e-01 8.948717948717949122e-01
5.432105016731977321e-01 8.961538461538461897e-01
5.433935614197218378e-01 8.974358974358974672e-01
5.435552025385413932e-01 8.987179487179487447e-01
5.435678769245696484e-01 9.000000000000000222e-01
5.436355292067349687e-01 9.012820512820512997e-01
5.439380324985293447e-01 9.025641025641025772e-01
5.440752041381610171e-01 9.038461538461538547e-01
5.440862427660860812e-01 9.051282051282051322e-01
5.442289925392573835e-01 9.064102564102564097e-01
5.443358598451258912e-01 9.076923076923076872e-01
5.450719406886980201e-01 9.089743589743589647e-01
5.450985746133992782e-01 9.102564102564102422e-01
5.452670500082021920e-01 9.115384615384615197e-01
5.453509229929077717e-01 9.128205128205127972e-01
5.454404289257673843e-01 9.141025641025640747e-01
5.454649501044114279e-01 9.153846153846153522e-01
5.456824686173495920e-01 9.166666666666666297e-01
5.460304249821068545e-01 9.179487179487179072e-01
5.460414415633680907e-01 9.192307692307691847e-01
5.460866065648087853e-01 9.205128205128204621e-01
5.461176779332558295e-01 9.217948717948717396e-01
5.461810624307528172e-01 9.230769230769230171e-01
5.462374960609909236e-01 9.243589743589744057e-01
5.463813785608312434e-01 9.256410256410256832e-01
5.464225737205594680e-01 9.269230769230769607e-01
5.465065169016507518e-01 9.282051282051282382e-01
5.465484770689313931e-01 9.294871794871795156e-01
5.465700533872330791e-01 9.307692307692307931e-01
5.466541411140241058e-01 9.320512820512820706e-01
5.466918214545235521e-01 9.333333333333333481e-01
5.467623356401992707e-01 9.346153846153846256e-01
5.468875575176340709e-01 9.358974358974359031e-01
5.468980728847122608e-01 9.371794871794871806e-01
5.469288154199316576e-01 9.384615384615384581e-01
5.472032063479655983e-01 9.397435897435897356e-01
5.472864033813281681e-01 9.410256410256410131e-01
5.478544288190843048e-01 9.423076923076922906e-01
5.478565836988500415e-01 9.435897435897435681e-01
5.479732082570332174e-01 9.448717948717948456e-01
5.482145735408479048e-01 9.461538461538461231e-01
5.482697787390768962e-01 9.474358974358974006e-01
5.483215700972077222e-01 9.487179487179486781e-01
5.484145137038938245e-01 9.499999999999999556e-01
5.485123647087183363e-01 9.512820512820512331e-01
5.485366534062948718e-01 9.525641025641025106e-01
5.485753261184378449e-01 9.538461538461537881e-01
5.487131557110993541e-01 9.551282051282051766e-01
5.492375965865320397e-01 9.564102564102564541e-01
5.492938737410824057e-01 9.576923076923077316e-01
5.495588215098491380e-01 9.589743589743590091e-01
5.500651306533023144e-01 9.602564102564102866e-01
5.501274017512514103e-01 9.615384615384615641e-01
5.501706105534638347e-01 9.628205128205128416e-01
5.505735524334812725e-01 9.641025641025641191e-01
5.505991411901979271e-01 9.653846153846153966e-01
5.510256950267097276e-01 9.666666666666666741e-01
5.510618194222207666e-01 9.679487179487179516e-01
5.511126711966871650e-01 9.692307692307692291e-01
5.514825729961828626e-01 9.705128205128205066e-01
5.515716378432676814e-01 9.717948717948717841e-01
5.516700067234622251e-01 9.730769230769230616e-01
5.519187227374727778e-01 9.743589743589743390e-01
5.520740816148635988e-01 9.756410256410256165e-01
5.525457481674306282e-01 9.769230769230768940e-01
5.528051297911327211e-01 9.782051282051281715e-01
5.537563957515231339e-01 9.794871794871794490e-01
5.540581931101242752e-01 9.807692307692307265e-01
5.557089888454269655e-01 9.820512820512820040e-01
5.564452945684649210e-01 9.833333333333332815e-01
5.566154677387694649e-01 9.846153846153845590e-01
5.568419093948182574e-01 9.858974358974359475e-01
5.573718032734874539e-01 9.871794871794872250e-01
5.585414832428454712e-01 9.884615384615385025e-01
5.588080131605169809e-01 9.897435897435897800e-01
5.593884301787312996e-01 9.910256410256410575e-01
5.597781664199044105e-01 9.923076923076923350e-01
5.601159807765433429e-01 9.935897435897436125e-01
5.602359209503371407e-01 9.948717948717948900e-01
5.602488943145603750e-01 9.961538461538461675e-01
5.616294690913488097e-01 9.974358974358974450e-01
5.674656299327461850e-01 9.987179487179487225e-01
5.729281088094407837e-01 1.000000000000000000e+00
