# long range Heisenberg model
# L = 16, J = 1.0
# Heatmap of the projection of I1 on A2 (cf. Chapter V in the paper)
# Alpha, Delta, Projection

2.00 0 9.285341000467873807e-01
2.10 0 9.488204735557467240e-01
2.20 0 9.656106316301873438e-01
2.30 0 9.661600778461626460e-01
2.40 0 9.698006083048360537e-01
2.50 0 9.662552074468701013e-01
2.60 0 9.659217982301362415e-01
2.70 0 9.644698321368984084e-01
2.80 0 9.665171471712834528e-01
2.90 0 9.669681698812417903e-01
3.00 0 9.710924479097418072e-01
3.10 0 9.725480595503697145e-01
3.20 0 9.755769570418272307e-01
3.30 0 9.784831819081430959e-01
3.40 0 9.805692483746762944e-01
3.50 0 9.828685340328284781e-01
3.60 0 9.846333038617030020e-01
3.70 0 9.869933735015735676e-01
3.80 0 9.883558660293536580e-01
3.90 0 9.898167911777521200e-01
4.00 0 9.907649248143813869e-01
4.10 0 9.917074515246464550e-01
4.20 0 9.927944474201122471e-01
4.30 0 9.936332157364988760e-01
4.40 0 9.944009679790014600e-01
4.50 0 9.950746108820901492e-01
4.60 0 9.956835961586947281e-01
4.70 0 9.961979388817123748e-01
4.80 0 9.966390183785218682e-01
4.90 0 9.970189281316682584e-01
5.00 0 9.973465388892183148e-01
 
2.00 0.1 8.933884287693751869e-01
2.10 0.1 9.205553684485331400e-01
2.20 0.1 9.325650884037565147e-01
2.30 0.1 9.397628046548882619e-01
2.40 0.1 9.452063321715966637e-01
2.50 0.1 9.518471969586455028e-01
2.60 0.1 9.571338664392080586e-01
2.70 0.1 9.616178250798000926e-01
2.80 0.1 9.671153891915894585e-01
2.90 0.1 9.702229136383394570e-01
3.00 0.1 9.739275300930765322e-01
3.10 0.1 9.771566560201973006e-01
3.20 0.1 9.791977626373358223e-01
3.30 0.1 9.813512106303310389e-01
3.40 0.1 9.838740298902253212e-01
3.50 0.1 9.851964072319483456e-01
3.60 0.1 9.862625518879130082e-01
3.70 0.1 9.871572355694905321e-01
3.80 0.1 9.883289573259849137e-01
3.90 0.1 9.890209828343916598e-01
4.00 0.1 9.890926736225970073e-01
4.10 0.1 9.890463545880466834e-01
4.20 0.1 9.890611831045058588e-01
4.30 0.1 9.889024483506632102e-01
4.40 0.1 9.886719659585431197e-01
4.50 0.1 9.888690579758901977e-01
4.60 0.1 9.892105061963576418e-01
4.70 0.1 9.890186970617609319e-01
4.80 0.1 9.885568367414681035e-01
4.90 0.1 9.879486875464011941e-01
5.00 0.1 9.878038081286426575e-01
 
2.00 0.2 8.463601768609491094e-01
2.10 0.2 8.713194098548925348e-01
2.20 0.2 8.910036715111105954e-01
2.30 0.2 9.053948789163718258e-01
2.40 0.2 9.141821089036069603e-01
2.50 0.2 9.220451612252320572e-01
2.60 0.2 9.314608052387989279e-01
2.70 0.2 9.376364423789704805e-01
2.80 0.2 9.402106499710281007e-01
2.90 0.2 9.446448644005447370e-01
3.00 0.2 9.472949971392223834e-01
3.10 0.2 9.486298646856606842e-01
3.20 0.2 9.512933148619461265e-01
3.30 0.2 9.538707517495159660e-01
3.40 0.2 9.542999882219762586e-01
3.50 0.2 9.535257216590279361e-01
3.60 0.2 9.536067050327377004e-01
3.70 0.2 9.545162376294308304e-01
3.80 0.2 9.529391555845242445e-01
3.90 0.2 9.523506204633936933e-01
4.00 0.2 9.505212203508311974e-01
4.10 0.2 9.496034108217220604e-01
4.20 0.2 9.487057814530055477e-01
4.30 0.2 9.498903328416624658e-01
4.40 0.2 9.478518706663153770e-01
4.50 0.2 9.454271895076878929e-01
4.60 0.2 9.458264391366784096e-01
4.70 0.2 9.454872615272076342e-01
4.80 0.2 9.457581105015431255e-01
4.90 0.2 9.464891104600566818e-01
5.00 0.2 9.459123927837851387e-01
 
2.00 0.3 7.793353571166107274e-01
2.10 0.3 8.120189076449073617e-01
2.20 0.3 8.416852138503428948e-01
2.30 0.3 8.512948594684697223e-01
2.40 0.3 8.665611277841539506e-01
2.50 0.3 8.745881382469727905e-01
2.60 0.3 8.863886502246500765e-01
2.70 0.3 8.899673402070353845e-01
2.80 0.3 8.915059717801279149e-01
2.90 0.3 8.956100961314649167e-01
3.00 0.3 8.958903064283134654e-01
3.10 0.3 8.934332777448559249e-01
3.20 0.3 8.910287747165375194e-01
3.30 0.3 8.865398081512165795e-01
3.40 0.3 8.878923480560364512e-01
3.50 0.3 8.858691056520280327e-01
3.60 0.3 8.869987724844836663e-01
3.70 0.3 8.861650019582021365e-01
3.80 0.3 8.852201709347879977e-01
3.90 0.3 8.811808897867067225e-01
4.00 0.3 8.814830563943562014e-01
4.10 0.3 8.811855825946460774e-01
4.20 0.3 8.801221974114121771e-01
4.30 0.3 8.801973645020567671e-01
4.40 0.3 8.791325716214176689e-01
4.50 0.3 8.763419769388450797e-01
4.60 0.3 8.759787395501479335e-01
4.70 0.3 8.741290811617735690e-01
4.80 0.3 8.715117576105954056e-01
4.90 0.3 8.682241563174392107e-01
5.00 0.3 8.662554304760413659e-01
 
2.00 0.4 7.140388528353195374e-01
2.10 0.4 7.438968246452620781e-01
2.20 0.4 7.723329988249977296e-01
2.30 0.4 7.932490475321222201e-01
2.40 0.4 8.123894429158698971e-01
2.50 0.4 8.171777601654779399e-01
2.60 0.4 8.262906947733977825e-01
2.70 0.4 8.256114192910383176e-01
2.80 0.4 8.228784602274779036e-01
2.90 0.4 8.164829003748483860e-01
3.00 0.4 8.129132757240721263e-01
3.10 0.4 8.099596975655380948e-01
3.20 0.4 8.072201415513260425e-01
3.30 0.4 8.020835438977967913e-01
3.40 0.4 8.032513175860966914e-01
3.50 0.4 8.022137669673755633e-01
3.60 0.4 8.002890051985872555e-01
3.70 0.4 7.946139542142116596e-01
3.80 0.4 7.951929679193303624e-01
3.90 0.4 7.953135170575095225e-01
4.00 0.4 7.920884582599219126e-01
4.10 0.4 7.928416101995620080e-01
4.20 0.4 7.869300352940551413e-01
4.30 0.4 7.862152097967126663e-01
4.40 0.4 7.842732425195665380e-01
4.50 0.4 7.801286827666942258e-01
4.60 0.4 7.804886933570863716e-01
4.70 0.4 7.770545157481127951e-01
4.80 0.4 7.777491616012935927e-01
4.90 0.4 7.752826758890447589e-01
5.00 0.4 7.744206786587661817e-01
 
2.00 0.5 6.459781026517428248e-01
2.10 0.5 6.800949357490987390e-01
2.20 0.5 7.097057884306241515e-01
2.30 0.5 7.310259338396902784e-01
2.40 0.5 7.438874914080808587e-01
2.50 0.5 7.420471452038275295e-01
2.60 0.5 7.357399079093446259e-01
2.70 0.5 7.295459007953909447e-01
2.80 0.5 7.240954102080735533e-01
2.90 0.5 7.218334026130470704e-01
3.00 0.5 7.196605112139378146e-01
3.10 0.5 7.161138437762929465e-01
3.20 0.5 7.184188982458762363e-01
3.30 0.5 7.134283208456740910e-01
3.40 0.5 7.104937181728530060e-01
3.50 0.5 7.066741745984514989e-01
3.60 0.5 7.069389075666689948e-01
3.70 0.5 7.064042698373649287e-01
3.80 0.5 7.072789391382648949e-01
3.90 0.5 7.080854956829144564e-01
4.00 0.5 7.048039458801331758e-01
4.10 0.5 7.026387257522177521e-01
4.20 0.5 6.950097090598821303e-01
4.30 0.5 6.935476680514861547e-01
4.40 0.5 6.911783528890369510e-01
4.50 0.5 6.908489901279764034e-01
4.60 0.5 6.852183979247851164e-01
4.70 0.5 6.847373421369610247e-01
4.80 0.5 6.814569570616535454e-01
4.90 0.5 6.812080185774959107e-01
5.00 0.5 6.792475118795404665e-01
 
2.00 0.6 5.762288365166526871e-01
2.10 0.6 6.243558256289621911e-01
2.20 0.6 6.481504678165314060e-01
2.30 0.6 6.553042499785953767e-01
2.40 0.6 6.508749141325000931e-01
2.50 0.6 6.451109659361997650e-01
2.60 0.6 6.373959350667589563e-01
2.70 0.6 6.283440560224626825e-01
2.80 0.6 6.291028045213086228e-01
2.90 0.6 6.249854347728303061e-01
3.00 0.6 6.215019886495766199e-01
3.10 0.6 6.217911688266940518e-01
3.20 0.6 6.186781961346295988e-01
3.30 0.6 6.165728875892055871e-01
3.40 0.6 6.145556526274391640e-01
3.50 0.6 6.129996017679730791e-01
3.60 0.6 6.155714683922355324e-01
3.70 0.6 6.113415495295210222e-01
3.80 0.6 6.075009268044702093e-01
3.90 0.6 6.054681822939405045e-01
4.00 0.6 6.044665281271365265e-01
4.10 0.6 6.036998508256324891e-01
4.20 0.6 6.040657617144933322e-01
4.30 0.6 6.061203380542545816e-01
4.40 0.6 6.032385401591887630e-01
4.50 0.6 6.005159559939330371e-01
4.60 0.6 5.975242903384457849e-01
4.70 0.6 5.964253858253431018e-01
4.80 0.6 5.964935162714743999e-01
4.90 0.6 5.955180606864177717e-01
5.00 0.6 5.940292422892144986e-01
 
2.00 0.7 5.379618791397071664e-01
2.10 0.7 5.657412100170378100e-01
2.20 0.7 5.492552141694316825e-01
2.30 0.7 5.520336705228948704e-01
2.40 0.7 5.463055814033099811e-01
2.50 0.7 5.403346480043119682e-01
2.60 0.7 5.345982433259658384e-01
2.70 0.7 5.330764570929471535e-01
2.80 0.7 5.330908027282473816e-01
2.90 0.7 5.315375086207227984e-01
3.00 0.7 5.300390156721246360e-01
3.10 0.7 5.279706286031176088e-01
3.20 0.7 5.297512356879059414e-01
3.30 0.7 5.308316810939982533e-01
3.40 0.7 5.322402927194048727e-01
3.50 0.7 5.306345368686465891e-01
3.60 0.7 5.280175738650484396e-01
3.70 0.7 5.256167714849723227e-01
3.80 0.7 5.234058879819323273e-01
3.90 0.7 5.225042874993196529e-01
4.00 0.7 5.245586671672148871e-01
4.10 0.7 5.210930879555769613e-01
4.20 0.7 5.185956688064552456e-01
4.30 0.7 5.169992000091121476e-01
4.40 0.7 5.179935472957954978e-01
4.50 0.7 5.169835448216908436e-01
4.60 0.7 5.169861663522736794e-01
4.70 0.7 5.196948959108229626e-01
4.80 0.7 5.208375004384691032e-01
4.90 0.7 5.184544385321765425e-01
5.00 0.7 5.160423553368970184e-01
 
2.00 0.8 4.761985718875862972e-01
2.10 0.8 4.671906312196206223e-01
2.20 0.8 4.614891436958720727e-01
2.30 0.8 4.546204348798831840e-01
2.40 0.8 4.502298857766408591e-01
2.50 0.8 4.512368450077010595e-01
2.60 0.8 4.422938521795777289e-01
2.70 0.8 4.457137899590581376e-01
2.80 0.8 4.458299287441366832e-01
2.90 0.8 4.487449892125947026e-01
3.00 0.8 4.511024518991846310e-01
3.10 0.8 4.480312991606667516e-01
3.20 0.8 4.463639883405418063e-01
3.30 0.8 4.492225759338857594e-01
3.40 0.8 4.491670418122135078e-01
3.50 0.8 4.508445070074090233e-01
3.60 0.8 4.492577794952737347e-01
3.70 0.8 4.452202032482882599e-01
3.80 0.8 4.440099620491620436e-01
3.90 0.8 4.438399411220154689e-01
4.00 0.8 4.444389465846834142e-01
4.10 0.8 4.466625060647118062e-01
4.20 0.8 4.447974522176778023e-01
4.30 0.8 4.441344452928409625e-01
4.40 0.8 4.441776560314799616e-01
4.50 0.8 4.441634853144126871e-01
4.60 0.8 4.447976280323264753e-01
4.70 0.8 4.453708617079183418e-01
4.80 0.8 4.435354119162269182e-01
4.90 0.8 4.404056939428365736e-01
5.00 0.8 4.436944383879151688e-01
 
2.00 0.9 3.855918979964726989e-01
2.10 0.9 3.732388423163842672e-01
2.20 0.9 3.663027783059613074e-01
2.30 0.9 3.691092654988224475e-01
2.40 0.9 3.687710476015798600e-01
2.50 0.9 3.698257226457288827e-01
2.60 0.9 3.747313439432413129e-01
2.70 0.9 3.738044904585840489e-01
2.80 0.9 3.736692229554895439e-01
2.90 0.9 3.756660168143450274e-01
3.00 0.9 3.765265882024670385e-01
3.10 0.9 3.784861702512557491e-01
3.20 0.9 3.782985557892619699e-01
3.30 0.9 3.802668327670038484e-01
3.40 0.9 3.837399443972278057e-01
3.50 0.9 3.868062262434132648e-01
3.60 0.9 3.822051350961854777e-01
3.70 0.9 3.826458439288586977e-01
3.80 0.9 3.848534090089663073e-01
3.90 0.9 3.823413095624468294e-01
4.00 0.9 3.836981548458172075e-01
4.10 0.9 3.836804622604046422e-01
4.20 0.9 3.846230503206130025e-01
4.30 0.9 3.840014536766522268e-01
4.40 0.9 3.839769542596133678e-01
4.50 0.9 3.848012665414526356e-01
4.60 0.9 3.836535743577958457e-01
4.70 0.9 3.856836931908843025e-01
4.80 0.9 3.827420585969159017e-01
4.90 0.9 3.823972830992961591e-01
5.00 0.9 3.829245217016999381e-01
 
2.00 1 2.999199767747680601e-01
2.10 1 2.977393140457341714e-01
2.20 1 2.988367904348178672e-01
2.30 1 3.070228947273817011e-01
2.40 1 3.109161425002207046e-01
2.50 1 3.132802982038504491e-01
2.60 1 3.160442039382539980e-01
2.70 1 3.184851199893756202e-01
2.80 1 3.205145484863389238e-01
2.90 1 3.222345108705141903e-01
3.00 1 3.236554177259427512e-01
3.10 1 3.249090155487576181e-01
3.20 1 3.260072202378300199e-01
3.30 1 3.269739959007090246e-01
3.40 1 3.277090493178341224e-01
3.50 1 3.286300984745185727e-01
3.60 1 3.295686649561656023e-01
3.70 1 3.306523435453084248e-01
3.80 1 3.304917346906183773e-01
3.90 1 3.309946350830832995e-01
4.00 1 3.316362570199553605e-01
4.10 1 3.320267380455556028e-01
4.20 1 3.323204765504159663e-01
4.30 1 3.325495051205411556e-01
4.40 1 3.327313216108546690e-01
4.50 1 3.328929815282661853e-01
4.60 1 3.329886103993771052e-01
4.70 1 3.330781128244629796e-01
4.80 1 3.331491509383825433e-01
4.90 1 3.331995487655915467e-01
5.00 1 3.332301513928592196e-01
 
