# Long-range Heisenberg model
# L = 45, S_z^tot = -35/2, J = 1, Delta = 0.2, Alpha = 3.0
# Time dependence of center of mass, i.e. first density moment of <Sz_l(t)>
# time, center of mass

0.0000000000000000 3.0000000000000000
5.0000000000000003E-002 3.0001352062033888
0.10000000000000001 3.0005407772584176
0.15000000000000002 3.0012165709798500
0.20000000000000001 3.0021623519862124
0.25000000000000000 3.0033777940673803
0.29999999999999999 3.0048624834529432
0.34999999999999998 3.0066159229361848
0.39999999999999997 3.0086375367967064
0.44999999999999996 3.0109266764541340
0.49999999999999994 3.0134826267759243
0.54999999999999993 3.0163046129537632
0.59999999999999998 3.0193918078564677
0.65000000000000002 3.0227433397617780
0.70000000000000007 3.0263583003656747
0.75000000000000011 3.0302357529657762
0.80000000000000016 3.0343747407147399
0.85000000000000020 3.0387742948408012
0.90000000000000024 3.0434334427350995
0.95000000000000029 3.0483512158097334
1.0000000000000002 3.0535266570359889
1.0500000000000003 3.0589588280789024
1.1000000000000003 3.0646468159524987
1.1500000000000004 3.0705897391286410
1.2000000000000004 3.0767867530424433
1.2500000000000004 3.0832370549472299
1.3000000000000005 3.0899398880829279
1.3500000000000005 3.0968945451325802
1.4000000000000006 3.1041003709526174
1.4500000000000006 3.1115567645733879
1.5000000000000007 3.1192631804767390
1.5500000000000007 3.1272191291674591
1.6000000000000008 3.1354241770644413
1.6500000000000008 3.1438779457461812
1.7000000000000008 3.1525801105923064
1.7500000000000009 3.1615303988696359
1.8000000000000009 3.1707285873164732
1.8500000000000010 3.1801744992831700
1.9000000000000010 3.1898680014900420
1.9500000000000011 3.1998090004655837
2.0000000000000009 3.2099974387287382
2.0500000000000007 3.2204332907785354
2.1000000000000005 3.2311165589531292
2.1500000000000004 3.2420472692176241
2.2000000000000002 3.2532254669370939
2.2500000000000000 3.2646512126867808
2.2999999999999998 3.2763245781471309
2.3499999999999996 3.2882456421255521
2.3999999999999995 3.3004144867415741
2.4499999999999993 3.3128311938056285
2.4999999999999991 3.3254958414158007
2.5499999999999989 3.3384085007907287
2.5999999999999988 3.3515692333502285
2.6499999999999986 3.3649780880500058
2.6999999999999984 3.3786350989704514
2.7499999999999982 3.3925402831547227
2.7999999999999980 3.4066936386862205
2.8499999999999979 3.4210951429913470
2.8999999999999977 3.4357447513496453
2.9499999999999975 3.4506423955902963
2.9999999999999973 3.4657879829515270
3.0499999999999972 3.4811813950772659
3.0999999999999970 3.4968224871245086
3.1499999999999968 3.5127110869539768
3.1999999999999966 3.5288469943765337
3.2499999999999964 3.5452299804285419
3.2999999999999963 3.5618597866499697
3.3499999999999961 3.5787361243408085
3.3999999999999959 3.5958586737728941
3.4499999999999957 3.6132270833365863
3.4999999999999956 3.6308409686040899
3.5499999999999954 3.6486999112936744
3.5999999999999952 3.6668034581221520
3.6499999999999950 3.6851511195356181
3.6999999999999948 3.7037423683112580
3.7499999999999947 3.7225766380262071
3.7999999999999945 3.7416533213921226
3.8499999999999943 3.7609717684567578
3.8999999999999941 3.7805312846765240
3.9499999999999940 3.8003311288665760
3.9999999999999938 3.8203705110370616
4.0499999999999936 3.8406485901261362
4.0999999999999934 3.8611644716425535
4.1499999999999932 3.8819172052318569
4.1999999999999931 3.9029057821818349
4.2499999999999929 3.9241291328841124
4.2999999999999927 3.9455861242699424
4.3499999999999925 3.9672755572383527
4.3999999999999924 3.9891961640966103
4.4499999999999922 4.0113466060319993
4.4999999999999920 4.0337254706356847
4.5499999999999918 4.0563312694981573
4.5999999999999917 4.0791624358970040
4.6499999999999915 4.1022173225966974
4.6999999999999913 4.1254941997801584
4.7499999999999911 4.1489912531319391
4.7999999999999909 4.1727065820914557
4.8499999999999908 4.1966381982950356
4.8999999999999906 4.2207840242242858
4.9499999999999904 4.2451418920780961
4.9999999999999902 4.2697095428838283
5.0499999999999901 4.2944846258632525
5.0999999999999899 4.3194646980668310
5.1499999999999897 4.3446472242899619
5.1999999999999895 4.3700295772821889
5.2499999999999893 4.3956090382596127
5.2999999999999892 4.4213827977298914
5.3499999999999890 4.4473479566364809
5.3999999999999888 4.4735015278280947
5.4499999999999886 4.4998404378571308
5.4999999999999885 4.5263615291095922
5.5499999999999883 4.5530615622657633
5.5999999999999881 4.5799372190916934
5.6499999999999879 4.6069851055563307
5.6999999999999877 4.6342017552698120
5.7499999999999876 4.6615836332354448
5.7999999999999874 4.6891271399058541
5.8499999999999872 4.7168286155321333
5.8999999999999870 4.7446843447935754
5.9499999999999869 4.7726905616925368
5.9999999999999867 4.8008434546987377
6.0499999999999865 4.8291391721250161
6.0999999999999863 4.8575738277149423
6.1499999999999861 4.8861435064224530
6.1999999999999860 4.9148442703612218
6.2499999999999858 4.9436721649017770
6.2999999999999856 4.9726232248930264
6.3499999999999854 5.0016934809832403
6.3999999999999853 5.0308789660176290
6.4499999999999851 5.0601757214865613
6.4999999999999849 5.0895798039998246
6.5499999999999847 5.1190872917626571
6.5999999999999845 5.1486942910272919
6.6499999999999844 5.1783969424977663
6.6999999999999842 5.2081914276614638
6.7499999999999840 5.2380739750255554
6.7999999999999838 5.2680408662337763
6.8499999999999837 5.2980884420430172
6.8999999999999835 5.3282131081351700
6.9499999999999833 5.3584113407464775
6.9999999999999831 5.3886796920905002
7.0499999999999829 5.4190147955593897
7.0999999999999828 5.4494133706803831
7.1499999999999826 5.4798722278138570
7.1999999999999824 5.5103882725729729
7.2499999999999822 5.5409585099509435
7.2999999999999821 5.5715800481396522
7.3499999999999819 5.6022501020255246
7.3999999999999817 5.6329659963510066
7.4499999999999815 5.6637251685267040
7.4999999999999813 5.6945251710851634
7.5499999999999812 5.7253636737655444
7.5999999999999810 5.7562384652201004
7.6499999999999808 5.7871474543345283
7.6999999999999806 5.8180886711558877
7.7499999999999805 5.8490602674233214
7.7999999999999803 5.8800605166966431
7.8499999999999801 5.9110878140827019
7.8999999999999799 5.9421406755562529
7.9499999999999797 5.9732177368793060
7.9999999999999796 6.0043177521191327
8.0499999999999794 6.0354395917728381
8.0999999999999801 6.0665822405020942
8.1499999999999808 6.0977447944885661
8.1999999999999815 6.1289264584207555
8.2499999999999822 6.1601265421246971
8.2999999999999829 6.1913444568531322
8.3499999999999837 6.2225797112508490
8.3999999999999844 6.2538319070143542
8.4499999999999851 6.2851007342671874
8.4999999999999858 6.3163859666740807
8.5499999999999865 6.3476874563163115
8.5999999999999872 6.3790051283578952
8.6499999999999879 6.4103389755267406
8.6999999999999886 6.4416890524419728
8.7499999999999893 6.4730554698157752
8.7999999999999901 6.5044383885626633
8.8499999999999908 6.5358380138447014
8.8999999999999915 6.5672545890879395
8.9499999999999922 6.5986883900001372
8.9999999999999929 6.6301397186223250
9.0499999999999936 6.6616088974465164
9.0999999999999943 6.6930962636311611
9.1499999999999950 6.7246021633432855
9.1999999999999957 6.7561269462595499
9.2499999999999964 6.7876709602519689
9.2999999999999972 6.8192345462866921
9.3499999999999979 6.8508180335617652
9.3999999999999986 6.8824217349059493
9.4499999999999993 6.9140459424599836
9.5000000000000000 6.9456909236632693
9.5500000000000007 6.9773569175587289
9.6000000000000014 7.0090441314339378
9.6500000000000021 7.0407527378103820
9.7000000000000028 7.0724828717921921
9.7500000000000036 7.1042346287797420
9.8000000000000043 7.1360080625567894
9.8500000000000050 7.1678031837519969
9.9000000000000057 7.1996199586765561
9.9500000000000064 7.2314583085359097
10.000000000000007 7.2633181090109238
10.050000000000008 7.2951991902030660
10.100000000000009 7.3271013369357618
10.150000000000009 7.3590242893989330
10.200000000000010 7.3909677441268027
10.250000000000011 7.4229313552935094
10.300000000000011 7.4549147363102630
10.350000000000012 7.4869174617064429
10.400000000000013 7.5189390692761080
10.450000000000014 7.5509790624677198
10.500000000000014 7.5830369129969668
10.550000000000015 7.6151120636588434
10.600000000000016 7.6472039313162856
10.650000000000016 7.6793119100382903
10.700000000000017 7.7114353743657880
10.750000000000018 7.7435736826758639
10.800000000000018 7.7757261806225930
10.850000000000019 7.8078922046241868
10.900000000000020 7.8400710853736459
10.950000000000021 7.8722621513445379
11.000000000000021 7.9044647322689627
11.050000000000022 7.9366781625601739
11.100000000000023 7.9689017846579571
11.150000000000023 8.0011349522719044
11.200000000000024 8.0333770334984358
11.250000000000025 8.0656274137965394
11.300000000000026 8.0978854987943407
11.350000000000026 8.1301507169130822
11.400000000000027 8.1624225217915587
11.450000000000028 8.1947003944926706
11.500000000000028 8.2269838454820086
11.550000000000029 8.2592724163647571
11.600000000000030 8.2915656813730916
11.650000000000031 8.3238632485949520
11.700000000000031 8.3561647609398264
11.750000000000032 8.3884698968390321
11.800000000000033 8.4207783706766435
11.850000000000033 8.4530899329546383
11.900000000000034 8.4854043701949706
11.950000000000035 8.5177215045814378
12.000000000000036 8.5500411933512801
12.050000000000036 8.5823633279447620
12.100000000000037 8.6146878329212271
12.150000000000038 8.6470146646566572
12.200000000000038 8.6793438098363431
12.250000000000039 8.7116752837566889
12.300000000000040 8.7440091284548576
12.350000000000041 8.7763454106824295
12.400000000000041 8.8086842197418669
12.450000000000042 8.8410256652082193
12.500000000000043 8.8733698745514946
12.550000000000043 8.9057169906836595
12.600000000000044 8.9380671694513403
12.650000000000045 8.9704205770924439
12.700000000000045 9.0027773876814603
12.750000000000046 9.0351377805786157
12.800000000000047 9.0675019379092774
12.850000000000048 9.0998700420891616
12.900000000000048 9.1322422734134499
12.950000000000049 9.1646188077329249
13.000000000000050 9.1969998142269080
13.050000000000050 9.2293854532958175
13.100000000000051 9.2617758745833161
13.150000000000052 9.2941712151420646
13.200000000000053 9.3265715977594024
13.250000000000053 9.3589771294456661
13.300000000000054 9.3913879001026785
13.350000000000055 9.4238039813714938
13.400000000000055 9.4562254256728160
13.450000000000056 9.4886522654390788
13.500000000000057 9.5210845125439150
13.550000000000058 9.5535221579266540
13.600000000000058 9.5859651714145588
13.650000000000059 9.6184135017395960
13.700000000000060 9.6508670767444187
13.750000000000060 9.6833258037746237
13.800000000000061 9.7157895702475354
13.850000000000062 9.7482582443949859
13.900000000000063 9.7807316761618903
13.950000000000063 9.8132096982604811
14.000000000000064 9.8456921273610352
14.050000000000065 9.8781787654076414
14.100000000000065 9.9106694010496454
14.150000000000066 9.9431638111694198
14.200000000000067 9.9756617624947488
14.250000000000068 10.008163013278484
14.300000000000068 10.040667315032298
14.350000000000069 10.073174414294401
14.400000000000070 10.105684054421809
14.450000000000070 10.138195977382154
14.500000000000071 10.170709925537130
14.550000000000072 10.203225643399010
14.600000000000072 10.235742879342489
14.650000000000073 10.268261387263992
14.700000000000074 10.300780928166917
14.750000000000075 10.333301271665906
14.800000000000075 10.365822197394055
14.850000000000076 10.398343496305648
14.900000000000077 10.430864971861455
14.950000000000077 10.463386441087458
15.000000000000078 10.495907735505021
15.050000000000079 10.528428701917122
15.100000000000080 10.560949203054500
15.150000000000080 10.593469118074184
15.200000000000081 10.625988342906354
15.250000000000082 10.658506790454410
15.300000000000082 10.691024390641902
15.350000000000083 10.723541090314654
15.400000000000084 10.756056852996009
15.450000000000085 10.788571658505887
15.500000000000085 10.821085502439473
15.550000000000086 10.853598395525530
15.600000000000087 10.886110362858652
15.650000000000087 10.918621443024833
15.700000000000088 10.951131687123251
15.750000000000089 10.983641157698397
15.800000000000090 11.016149927592087
15.850000000000090 11.048658078727119
15.900000000000091 11.081165700834045
15.950000000000092 11.113672890135577
16.000000000000092 11.146179747997282
16.050000000000093 11.178686379561384
16.100000000000094 11.211192892374218
16.150000000000095 11.243699395019384
16.200000000000095 11.276205995769688
16.250000000000096 11.308712801270557
16.300000000000097 11.341219915262226
16.350000000000097 11.373727437358060
16.400000000000098 11.406235461885757
16.450000000000099 11.438744076796992
16.500000000000099 11.471253362663541
16.550000000000100 11.503763391758541
16.600000000000101 11.536274227236364
16.650000000000102 11.568785922414046
16.700000000000102 11.601298520156627
16.750000000000103 11.633812052380280
16.800000000000104 11.666326539662480
16.850000000000104 11.698841990970534
16.900000000000105 11.731358403508986
16.950000000000106 11.763875762678957
17.000000000000107 11.796394042154038
17.050000000000107 11.828913204069666
17.100000000000108 11.861433199319452
17.150000000000109 11.893953967956362
17.200000000000109 11.926475439693704
17.250000000000110 11.958997534499607
17.300000000000111 11.991520163274185
17.350000000000112 12.024043228610347
17.400000000000112 12.056566625619938
17.450000000000113 12.089090242824206
17.500000000000114 12.121613963094569
17.550000000000114 12.154137664638483
17.600000000000115 12.186661222012066
17.650000000000116 12.219184507162657
17.700000000000117 12.251707390477641
17.750000000000117 12.284229741837926
17.800000000000118 12.316751431663036
17.850000000000119 12.349272331938355
17.900000000000119 12.381792317213455
17.950000000000120 12.414311265567861
18.000000000000121 12.446829059527364
18.050000000000122 12.479345586929954
18.100000000000122 12.511860741729237
18.150000000000123 12.544374424731339
18.200000000000124 12.576886544255652
18.250000000000124 12.609397016722911
18.300000000000125 12.641905767151902
18.350000000000126 12.674412729574556
18.400000000000126 12.706917847358401
18.450000000000127 12.739421073438892
18.500000000000128 12.771922370459855
18.550000000000129 12.804421710819041
18.600000000000129 12.836919076624282
18.650000000000130 12.869414459557479
18.700000000000131 12.901907860654532
18.750000000000131 12.934399289996836
18.800000000000132 12.966888766327047
18.850000000000133 12.999376316587874
18.900000000000134 13.031861975390377
18.950000000000134 13.064345784420210
19.000000000000135 13.096827791788259
19.050000000000136 13.129308051327339
19.100000000000136 13.161786621848915
19.150000000000137 13.194263566367177
19.200000000000138 13.226738951292955
19.250000000000139 13.259212845610071
19.300000000000139 13.291685320042726
19.350000000000140 13.324156446217797
19.400000000000141 13.356626295836556
19.450000000000141 13.389094939857317
19.500000000000142 13.421562447700019
19.550000000000143 13.454028886479669
19.600000000000144 13.486494320278659
19.650000000000144 13.518958809455327
19.700000000000145 13.551422410006731
19.750000000000146 13.583885172981507
19.800000000000146 13.616347143954123
19.850000000000147 13.648808362562054
19.900000000000148 13.681268862108366
19.950000000000149 13.713728669234705
20.000000000000149 13.746187803667855
20.050000000000150 13.778646278039163
20.100000000000151 13.811104097775265
20.150000000000151 13.843561261068238
20.200000000000152 13.876017758915928
20.250000000000153 13.908473575236398
20.300000000000153 13.940928687050290
20.350000000000154 13.973383064735140
20.400000000000155 14.005836672337558
20.450000000000156 14.038289467952495
20.500000000000156 14.070741404151551
20.550000000000157 14.103192428467530
20.600000000000158 14.135642483920034
20.650000000000158 14.168091509581519
20.700000000000159 14.200539441180824
20.750000000000160 14.232986211727432
20.800000000000161 14.265431752159293
20.850000000000161 14.297875992004226
20.900000000000162 14.330318860048321
20.950000000000163 14.362760285003612
21.000000000000163 14.395200196170569
21.050000000000164 14.427638524087635
21.100000000000165 14.460075201158775
21.150000000000166 14.492510162260963
21.200000000000166 14.524943345317729
21.250000000000167 14.557374691834461
21.300000000000168 14.589804147396379
21.350000000000168 14.622231662120351
21.400000000000169 14.654657191056398
21.450000000000170 14.687080694534197
21.500000000000171 14.719502138461367
21.550000000000171 14.751921494554324
21.600000000000172 14.784338740516391
21.650000000000173 14.816753860154808
21.700000000000173 14.849166843434032
21.750000000000174 14.881577686471882
21.800000000000175 14.913986391473887
21.850000000000176 14.946392966609510
21.900000000000176 14.978797425834484
21.950000000000177 15.011199788653188
22.000000000000178 15.043600079839196
22.050000000000178 15.075998329100651
22.100000000000179 15.108394570706622
22.150000000000180 15.140788843071686
22.200000000000180 15.173181188307257
22.250000000000181 15.205571651745784
22.300000000000182 15.237960281433793
22.350000000000183 15.270347127612837
22.400000000000183 15.302732242182863
22.450000000000184 15.335115678157884
22.500000000000185 15.367497489119481
22.550000000000185 15.399877728673045
22.600000000000186 15.432256449912851
22.650000000000187 15.464633704897718
22.700000000000188 15.497009544149675
22.750000000000188 15.529384016172587
22.800000000000189 15.561757166998405
22.850000000000190 15.594129039769390
22.900000000000190 15.626499674349644
22.950000000000191 15.658869106982321
23.000000000000192 15.691237369985204
23.050000000000193 15.723604491491759
23.100000000000193 15.755970495240044
23.150000000000194 15.788335400408288
23.200000000000195 15.820699221501391
23.250000000000195 15.853061968286218
23.300000000000196 15.885423645776401
23.350000000000197 15.917784254270430
23.400000000000198 15.950143789431174
23.450000000000198 15.982502242420086
23.500000000000199 16.014859600072004
23.550000000000200 16.047215845111076
23.600000000000200 16.079570956414909
23.650000000000201 16.111924909305653
23.700000000000202 16.144277675881213
23.750000000000203 16.176629225375766
23.800000000000203 16.208979524542908
23.850000000000204 16.241328538061250
23.900000000000205 16.273676228962124
23.950000000000205 16.306022559061823
24.000000000000206 16.338367489407389
24.050000000000207 16.370710980724869
24.100000000000207 16.403052993867075
24.150000000000208 16.435393490252689
24.200000000000209 16.467732432299272
24.250000000000210 16.500069783837180
24.300000000000210 16.532405510512053
24.350000000000211 16.564739580155241
24.400000000000212 16.597071963138394
24.450000000000212 16.629402632693289
24.500000000000213 16.661731565199492
24.550000000000214 16.694058740439591
24.600000000000215 16.726384141815679
24.650000000000215 16.758707756531358
24.700000000000216 16.791029575727151
24.750000000000217 16.823349594580481
24.800000000000217 16.855667812360373
24.850000000000218 16.887984232445760
24.900000000000219 16.920298862294338
24.950000000000220 16.952611713382836
25.000000000000220 16.984922801095188
25.050000000000221 17.017232144579726
25.100000000000222 17.049539766571908
25.150000000000222 17.081845693179101
25.200000000000223 17.114149953636453
25.250000000000224 17.146452580033522
25.300000000000225 17.178753607017970
25.350000000000225 17.211053071473632
25.400000000000226 17.243351012183876
25.450000000000227 17.275647469478010
25.500000000000227 17.307942484868562
25.550000000000228 17.340236100676876
25.600000000000229 17.372528359662791
25.650000000000230 17.404819304648239
25.700000000000230 17.437108978148569
25.750000000000231 17.469397422012051
25.800000000000232 17.501684677070855
25.850000000000232 17.533970782802147
25.900000000000233 17.566255777016604
25.950000000000234 17.598539695560042
26.000000000000234 17.630822572044977
26.050000000000235 17.663104437604957
26.100000000000236 17.695385320680231
26.150000000000237 17.727665246831069
26.200000000000237 17.759944238586989
26.250000000000238 17.792222315326391
26.300000000000239 17.824499493190356
26.350000000000239 17.856775785035598
26.400000000000240 17.889051200416020
26.450000000000241 17.921325745604214
26.500000000000242 17.953599423640146
26.550000000000242 17.985872234421379
26.600000000000243 18.018144174822037
26.650000000000244 18.050415238836528
26.700000000000244 18.082685417758778
26.750000000000245 18.114954700384999
26.800000000000246 18.147223073239868
26.850000000000247 18.179490520824658
26.900000000000247 18.211757025883752
26.950000000000248 18.244022569686482
27.000000000000249 18.276287132320402
27.050000000000249 18.308550692996103
27.100000000000250 18.340813230356041
27.150000000000251 18.373074722786978
27.200000000000252 18.405335148732355
27.250000000000252 18.437594486999476
27.300000000000253 18.469852717061006
27.350000000000254 18.502109819345620
27.400000000000254 18.534365775518204
27.450000000000255 18.566620568740614
27.500000000000256 18.598874183916976
27.550000000000257 18.631126607920514
27.600000000000257 18.663377829790527
27.650000000000258 18.695627840912913
27.700000000000259 18.727876635172422
27.750000000000259 18.760124209075911
27.800000000000260 18.792370561845019
27.850000000000261 18.824615695487683
27.900000000000261 18.856859614835102
27.950000000000262 18.889102327548027
28.000000000000263 18.921343844096224
28.050000000000264 18.953584177710550
28.100000000000264 18.985823344303636
28.150000000000265 19.018061362365895
28.200000000000266 19.050298252836122
28.250000000000266 19.082534038950730
28.300000000000267 19.114768746063071
28.350000000000268 19.147002401450770
28.400000000000269 19.179235034103229
28.450000000000269 19.211466674492595
28.500000000000270 19.243697354332504
28.550000000000271 19.275927106325810
28.600000000000271 19.308155963905627
28.650000000000272 19.340383960972044
28.700000000000273 19.372611131627117
28.750000000000274 19.404837509907139
28.800000000000274 19.437063129523708
28.850000000000275 19.469288023608570
28.900000000000276 19.501512224461997
28.950000000000276 19.533735763324316
29.000000000000277 19.565958670148788
29.050000000000278 19.598180973398009
29.100000000000279 19.630402699850951
29.150000000000279 19.662623874439429
29.200000000000280 19.694844520095586
29.250000000000281 19.727064657625899
29.300000000000281 19.759284305608105
29.350000000000282 19.791503480316059
29.400000000000283 19.823722195660341
29.450000000000284 19.855940463161577
29.500000000000284 19.888158291946041
29.550000000000285 19.920375688768154
29.600000000000286 19.952592658053227
29.650000000000286 19.984809201965454
29.700000000000287 20.017025320503556
29.750000000000288 20.049241011609997
29.800000000000288 20.081456271305779
29.850000000000289 20.113671093841180
29.900000000000290 20.145885471862751
29.950000000000291 20.178099396599833
30.000000000000291 20.210312858056643
30.050000000000292 20.242525845221728
30.100000000000293 20.274738346281914
30.150000000000293 20.306950348840466
30.200000000000294 20.339161840144964
30.250000000000295 20.371372807311747
30.300000000000296 20.403583237550308
30.350000000000296 20.435793118383398
30.400000000000297 20.468002437862374
30.450000000000298 20.500211184777825
30.500000000000298 20.532419348852624
30.550000000000299 20.564626920932664
30.600000000000300 20.596833893152432
30.650000000000301 20.629040259096737
30.700000000000301 20.661246013935656
30.750000000000302 20.693451154550047
30.800000000000303 20.725655679630613
30.850000000000303 20.757859589761114
30.900000000000304 20.790062887477468
30.950000000000305 20.822265577309771
31.000000000000306 20.854467665798669
31.050000000000306 20.886669161494829
31.100000000000307 20.918870074930570
31.150000000000308 20.951070418576681
31.200000000000308 20.983270206779661
31.250000000000309 21.015469455673806
31.300000000000310 21.047668183078887
31.350000000000311 21.079866408381861
31.400000000000311 21.112064152401508
31.450000000000312 21.144261437238942
31.500000000000313 21.176458286117757
31.550000000000313 21.208654723208632
31.600000000000314 21.240850773454014
31.650000000000315 21.273046462376186
31.700000000000315 21.305241815887847
31.750000000000316 21.337436860099583
31.800000000000317 21.369631621121034
31.850000000000318 21.401826124869444
31.900000000000318 21.434020396879159
31.950000000000319 21.466214462118135
32.000000000000320 21.498408344809128
32.050000000000317 21.530602068261725
32.100000000000314 21.562795654713351
32.150000000000311 21.594989125185716
32.200000000000308 21.627182499351701
32.250000000000306 21.659375795417670
32.300000000000303 21.691569030021817
32.350000000000300 21.723762218151595
32.400000000000297 21.755955373074457
32.450000000000294 21.788148506289708
32.500000000000291 21.820341627494972
32.550000000000288 21.852534744578438
32.600000000000286 21.884727863619435
32.650000000000283 21.916920988915265
32.700000000000280 21.949114123022095
32.750000000000277 21.981307266812767
32.800000000000274 22.013500419552095
32.850000000000271 22.045693578984661
32.900000000000269 22.077886741439766
32.950000000000266 22.110079901949597
33.000000000000263 22.142273054371856
33.050000000000260 22.174466191533345
33.100000000000257 22.206659305371975
33.150000000000254 22.238852387090922
33.200000000000252 22.271045427315315
33.250000000000249 22.303238416253556
33.300000000000246 22.335431343857817
33.350000000000243 22.367624199985094
33.400000000000240 22.399816974558647
33.450000000000237 22.432009657720748
33.500000000000234 22.464202239982654
33.550000000000232 22.496394712365312
33.600000000000229 22.528587066534861
33.650000000000226 22.560779294925695
33.700000000000223 22.592971390847545
33.750000000000220 22.625163348588348
33.800000000000217 22.657355163496923
33.850000000000215 22.689546832053122
33.900000000000212 22.721738351921669
33.950000000000209 22.753929721991081
34.000000000000206 22.786120942396447
34.050000000000203 22.818312014522267
34.100000000000200 22.850502940991923
34.150000000000198 22.882693725638632
34.200000000000195 22.914884373459369
34.250000000000192 22.947074890554152
34.300000000000189 22.979265284049422
34.350000000000186 23.011455562006660
34.400000000000183 23.043645733314669
34.450000000000180 23.075835807572716
34.500000000000178 23.108025794956866
34.550000000000175 23.140215706080838
34.600000000000172 23.172405551844761
34.650000000000169 23.204595343270210
34.700000000000166 23.236785091342558
34.750000000000163 23.268974806833153
34.800000000000161 23.301164500123921
34.850000000000158 23.333354181031879
34.900000000000155 23.365543858628737
34.950000000000152 23.397733541062394
35.000000000000149 23.429923235379860
35.050000000000146 23.462112947356886
35.100000000000144 23.494302681323937
35.150000000000141 23.526492440008713
35.200000000000138 23.558682224376664
35.250000000000135 23.590872033483539
35.300000000000132 23.623061864335078
35.350000000000129 23.655251711758954
35.400000000000126 23.687441568284065
35.450000000000124 23.719631424030890
35.500000000000121 23.751821266613742
35.550000000000118 23.784011081051563
35.600000000000115 23.816200849694962
35.650000000000112 23.848390552161774
35.700000000000109 23.880580165278403
35.750000000000107 23.912769663040546
35.800000000000104 23.944959016575567
35.850000000000101 23.977148194121288
35.900000000000098 24.009337161008894
35.950000000000095 24.041525879651584
36.000000000000092 24.073714309542943
36.050000000000090 24.105902407260423
36.100000000000087 24.138090126471187
36.150000000000084 24.170277417940461
36.200000000000081 24.202464229542134
36.250000000000078 24.234650506269887
36.300000000000075 24.266836190245169
36.350000000000072 24.299021220719727
36.400000000000070 24.331205534083555
36.450000000000067 24.363389063852328
36.500000000000064 24.395571740658259
36.550000000000061 24.427753492229691
36.600000000000058 24.459934243357488
36.650000000000055 24.492113915851355
36.700000000000053 24.524292428487108
36.750000000000050 24.556469696932126
36.800000000000047 24.588645633667369
36.850000000000044 24.620820147880387
36.900000000000041 24.652993145353346
36.950000000000038 24.685164528326933
37.000000000000036 24.717334195347512
37.050000000000033 24.749502041100246
37.100000000000030 24.781667956217706
37.150000000000027 24.813831827075568
37.200000000000024 24.845993535563995
37.250000000000021 24.878152958847828
37.300000000000018 24.910309969099142
37.350000000000016 24.942464433222248
37.400000000000013 24.974616212554032
37.450000000000010 25.006765162551567
37.500000000000007 25.038911132460147
37.550000000000004 25.071053964971135
37.600000000000001 25.103193495862964
37.649999999999999 25.135329553627972
37.699999999999996 25.167461959089909
37.749999999999993 25.199590525009803
37.799999999999990 25.231715055681622
37.849999999999987 25.263835346520587
37.899999999999984 25.295951183643599
37.949999999999982 25.328062343444056
37.999999999999979 25.360168592164399
38.049999999999976 25.392269685461056
38.099999999999973 25.424365367971145
38.149999999999970 25.456455372879478
38.199999999999967 25.488539421481807
38.249999999999964 25.520617222754403
38.299999999999962 25.552688472922654
38.349999999999959 25.584752855034687
38.399999999999956 25.616810038542685
38.449999999999953 25.648859678885582
38.499999999999950 25.680901417079724
38.549999999999947 25.712934879317149
38.599999999999945 25.744959676572666
38.649999999999942 25.776975404214049
38.699999999999939 25.808981641629789
38.749999999999936 25.840977951856917
38.799999999999933 25.872963881221619
38.849999999999930 25.904938958991785
38.899999999999928 25.936902697032892
38.949999999999925 25.968854589479680
38.999999999999922 26.000794112412059
39.049999999999919 26.032720723545498
39.099999999999916 26.064633861925223
39.149999999999913 26.096532947631239
39.199999999999910 26.128417381493367
39.249999999999908 26.160286544814699
39.299999999999905 26.192139799095916
39.349999999999902 26.223976485780231
39.399999999999899 26.255795925993407
39.449999999999896 26.287597420299875
39.499999999999893 26.319380248458121
39.549999999999891 26.351143669188996
39.599999999999888 26.382886919947026
39.649999999999885 26.414609216699503
39.699999999999882 26.446309753709876
39.749999999999879 26.477987703333810
39.799999999999876 26.509642215810945
39.849999999999874 26.541272419073874
39.899999999999871 26.572877418557479
39.949999999999868 26.604456297018213
39.999999999999865 26.636008114363069
