# Heisenberg model
# L=16, J=1, W=1.5
# CDF of level statistics r_S
# r_S CDF
5.115135641839999581e-01 0.000000000000000000e+00
5.128979779960000096e-01 7.390982999999999841e-04
5.157168873759999661e-01 1.478196599999999968e-03
5.160912147139999906e-01 2.217294900000000169e-03
5.166324190579999476e-01 2.956393199999999936e-03
5.169128557009999847e-01 3.695491500000000137e-03
5.170697462919999765e-01 4.434589800000000338e-03
5.172372661520000525e-01 5.173688101000000102e-03
5.176211441039999528e-01 5.912786401000000303e-03
5.177214302670000157e-01 6.651884700999999636e-03
5.178704560889999531e-01 7.390983000999999837e-03
5.179678248660000150e-01 8.130081301000000038e-03
5.181201745300000328e-01 8.869179600999999372e-03
5.182153253700000350e-01 9.608277901000000440e-03
5.185918341549999866e-01 1.034737620099999977e-02
5.188688990449999983e-01 1.108647450100000084e-02
5.194033756679999891e-01 1.182557280100000018e-02
5.198090394790000346e-01 1.256467110099999951e-02
5.198365542159999464e-01 1.330376940100000058e-02
5.199929116179999866e-01 1.404286770099999991e-02
5.200794070669999547e-01 1.478196600099999924e-02
5.201613531040000238e-01 1.552106430200000074e-02
5.203490881510000055e-01 1.626016260200000008e-02
5.203650327459999891e-01 1.699926090200000114e-02
5.204139312319999711e-01 1.773835920199999874e-02
5.204841755750000409e-01 1.847745750199999981e-02
5.205136641990000257e-01 1.921655580200000088e-02
5.205547205899999641e-01 1.995565410199999848e-02
5.206302810320000418e-01 2.069475240199999955e-02
5.206751791329999879e-01 2.143385070200000062e-02
5.207005339469999994e-01 2.217294900200000168e-02
5.207791650969999520e-01 2.291204730199999928e-02
5.207828238360000528e-01 2.365114560200000035e-02
5.208100713569999707e-01 2.439024390200000142e-02
5.208220895790000027e-01 2.512934220300000118e-02
5.210471988139999677e-01 2.586844050299999878e-02
5.210903508559999731e-01 2.660753880299999985e-02
5.211098503100000112e-01 2.734663710300000092e-02
5.211320496610000186e-01 2.808573540299999852e-02
5.211611181149999883e-01 2.882483370299999959e-02
5.212915259920000155e-01 2.956393200300000065e-02
5.214153123160000236e-01 3.030303030300000172e-02
5.214733231649999468e-01 3.104212860299999932e-02
5.215090825489999693e-01 3.178122690299999692e-02
5.215542426189999636e-01 3.252032520300000146e-02
5.216270386500000411e-01 3.325942350299999906e-02
5.217241876720000171e-01 3.399852180299999665e-02
5.217494555070000262e-01 3.473762010300000119e-02
5.217737245389999501e-01 3.547671840399999749e-02
5.218807055890000157e-01 3.621581670400000202e-02
5.219114141980000232e-01 3.695491500399999962e-02
5.219304692959999548e-01 3.769401330399999722e-02
5.219550877349999896e-01 3.843311160400000176e-02
5.220201238880000094e-01 3.917220990399999936e-02
5.220714792749999722e-01 3.991130820399999696e-02
5.221362359079999571e-01 4.065040650400000150e-02
5.221436295069999955e-01 4.138950480399999909e-02
5.222075176339999736e-01 4.212860310399999669e-02
5.222395865790000480e-01 4.286770140400000123e-02
5.222725755379999946e-01 4.360679970399999883e-02
5.223242963290000151e-01 4.434589800400000337e-02
5.223352747189999867e-01 4.508499630499999966e-02
5.223670994519999944e-01 4.582409460499999726e-02
5.223760751739999764e-01 4.656319290500000180e-02
5.223873624349999467e-01 4.730229120499999940e-02
5.224701859029999840e-01 4.804138950499999700e-02
5.224888132780000083e-01 4.878048780500000153e-02
5.225301503500000555e-01 4.951958610499999913e-02
5.225526094979999758e-01 5.025868440499999673e-02
5.226363041839999779e-01 5.099778270500000127e-02
5.226789245770000480e-01 5.173688100499999887e-02
5.226995166160000039e-01 5.247597930500000341e-02
5.227655006850000508e-01 5.321507760500000100e-02
5.228615406080000527e-01 5.395417590499999860e-02
5.228710722339999784e-01 5.469327420500000314e-02
5.228868326650000231e-01 5.543237250599999943e-02
5.229251721740000303e-01 5.617147080599999703e-02
5.229999647509999683e-01 5.691056910600000157e-02
5.230608498340000301e-01 5.764966740599999917e-02
5.230703201419999449e-01 5.838876570599999677e-02
5.230783517860000398e-01 5.912786400600000131e-02
5.231725796909999504e-01 5.986696230599999891e-02
5.231772421050000510e-01 6.060606060600000344e-02
5.231909636329999946e-01 6.134515890600000104e-02
5.231993869850000145e-01 6.208425720599999864e-02
5.232017191940000478e-01 6.282335550600000318e-02
5.232028274569999748e-01 6.356245380599999384e-02
5.232309513930000211e-01 6.430155210599999838e-02
5.232631613679999960e-01 6.504065040699999467e-02
5.232937802610000411e-01 6.577974870699999921e-02
5.233037192589999886e-01 6.651884700700000375e-02
5.233126930260000309e-01 6.725794530699999441e-02
5.233138778279999848e-01 6.799704360699999894e-02
5.233291652829999974e-01 6.873614190700000348e-02
5.233452939049999530e-01 6.947524020699999414e-02
5.233759915279999619e-01 7.021433850699999868e-02
5.234176487280000067e-01 7.095343680700000322e-02
5.234271108650000448e-01 7.169253510699999388e-02
5.234274702660000056e-01 7.243163340699999841e-02
5.234448025519999881e-01 7.317073170700000295e-02
5.234880045559999751e-01 7.390983000699999361e-02
5.235416124730000176e-01 7.464892830699999815e-02
5.236039413859999714e-01 7.538802660799999444e-02
5.236080798200000164e-01 7.612712490799999898e-02
5.236152248140000243e-01 7.686622320800000352e-02
5.236203256139999596e-01 7.760532150799999418e-02
5.236638834319999880e-01 7.834441980799999872e-02
5.237052679949999456e-01 7.908351810800000325e-02
5.237790743179999708e-01 7.982261640799999391e-02
5.237961492379999973e-01 8.056171470799999845e-02
5.238042636049999867e-01 8.130081300800000299e-02
5.238323422489999937e-01 8.203991130799999365e-02
5.239697168489999557e-01 8.277900960799999819e-02
5.240141015000000513e-01 8.351810790800000273e-02
5.240224263730000054e-01 8.425720620799999339e-02
5.240773795290000203e-01 8.499630450799999792e-02
5.240824503790000310e-01 8.573540280899999422e-02
5.241199690240000431e-01 8.647450110899999876e-02
5.241209602559999681e-01 8.721359940900000329e-02
5.241263472099999543e-01 8.795269770899999395e-02
5.241650803089999977e-01 8.869179600899999849e-02
5.241913352699999473e-01 8.943089430900000303e-02
5.241996860509999800e-01 9.016999260899999369e-02
5.242111144550000157e-01 9.090909090899999823e-02
5.242334151919999519e-01 9.164818920900000276e-02
5.242581411219999765e-01 9.238728750899999342e-02
5.242640941199999682e-01 9.312638580899999796e-02
5.243069135729999664e-01 9.386548410900000250e-02
5.243277120379999934e-01 9.460458240899999316e-02
5.243590608420000132e-01 9.534368071000000333e-02
5.243617829969999811e-01 9.608277900999999399e-02
5.243860467409999782e-01 9.682187730999999853e-02
5.243982617489999498e-01 9.756097561000000307e-02
5.244095472869999552e-01 9.830007390999999373e-02
5.244117920959999735e-01 9.903917220999999826e-02
5.244119894359999812e-01 9.977827051000000280e-02
5.244225254850000129e-01 1.005173688099999935e-01
5.244235877970000459e-01 1.012564671099999980e-01
5.244320155810000550e-01 1.019955654100000025e-01
5.244337879199999497e-01 1.027346637099999932e-01
5.244341458100000297e-01 1.034737620099999977e-01
5.244378687780000270e-01 1.042128603100000023e-01
5.244475649130000416e-01 1.049519586100000068e-01
5.244500852460000084e-01 1.056910569110000031e-01
5.244851234780000260e-01 1.064301552109999938e-01
5.245241836239999955e-01 1.071692535109999983e-01
5.245290216750000400e-01 1.079083518110000028e-01
5.245311428069999726e-01 1.086474501109999935e-01
5.245358405159999959e-01 1.093865484109999980e-01
5.245359025200000413e-01 1.101256467110000026e-01
5.245661044439999809e-01 1.108647450109999932e-01
5.245805252830000320e-01 1.116038433109999978e-01
5.246036378709999504e-01 1.123429416110000023e-01
5.246078630480000005e-01 1.130820399110000068e-01
5.247017205220000369e-01 1.138211382109999975e-01
5.247218986860000545e-01 1.145602365110000020e-01
5.247226263569999549e-01 1.152993348119999983e-01
5.247661021270000337e-01 1.160384331120000029e-01
5.247802567799999540e-01 1.167775314119999935e-01
5.248046596350000037e-01 1.175166297119999981e-01
5.248092068170000513e-01 1.182557280120000026e-01
5.248098653320000251e-01 1.189948263119999933e-01
5.248484214540000137e-01 1.197339246119999978e-01
5.248623894060000517e-01 1.204730229120000023e-01
5.248853345989999974e-01 1.212121212120000069e-01
5.249159896439999917e-01 1.219512195119999975e-01
5.249374855709999510e-01 1.226903178120000021e-01
5.249441969849999445e-01 1.234294161120000066e-01
5.249696669329999565e-01 1.241685144119999973e-01
5.249893857480000259e-01 1.249076127120000018e-01
5.250500276189999926e-01 1.256467110130000120e-01
5.250614996950000446e-01 1.263858093130000027e-01
5.250740942530000011e-01 1.271249076129999933e-01
5.250967463090000509e-01 1.278640059130000117e-01
5.250979784979999954e-01 1.286031042130000024e-01
5.251060446319999464e-01 1.293422025129999930e-01
5.251108623700000422e-01 1.300813008130000115e-01
5.251149252560000091e-01 1.308203991130000021e-01
5.251496372310000549e-01 1.315594974129999928e-01
5.251501877730000434e-01 1.322985957130000112e-01
5.251554756559999593e-01 1.330376940130000019e-01
5.251597526810000138e-01 1.337767923129999925e-01
5.251638758379999494e-01 1.345158906130000109e-01
5.251757425580000360e-01 1.352549889140000072e-01
5.251823457030000419e-01 1.359940872139999979e-01
5.251947131599999929e-01 1.367331855139999885e-01
5.252280868830000449e-01 1.374722838140000070e-01
5.252371390369999782e-01 1.382113821139999976e-01
5.252494480170000202e-01 1.389504804139999883e-01
5.252663072250000065e-01 1.396895787140000067e-01
5.253105486510000199e-01 1.404286770139999974e-01
5.253278709709999772e-01 1.411677753139999880e-01
5.253415086349999541e-01 1.419068736140000064e-01
5.253707872509999488e-01 1.426459719139999971e-01
5.253810647040000337e-01 1.433850702139999878e-01
5.253913775749999848e-01 1.441241685140000062e-01
5.253995498360000127e-01 1.448632668139999968e-01
5.254160945370000002e-01 1.456023651149999931e-01
5.254395249700000159e-01 1.463414634150000115e-01
5.254402503989999973e-01 1.470805617150000022e-01
5.255208495790000267e-01 1.478196600149999929e-01
5.255270444390000018e-01 1.485587583150000113e-01
5.255281777789999609e-01 1.492978566150000019e-01
5.255305515629999924e-01 1.500369549149999926e-01
5.255436126450000467e-01 1.507760532150000110e-01
5.255439082480000135e-01 1.515151515150000017e-01
5.255480589950000114e-01 1.522542498149999923e-01
5.255510582489999472e-01 1.529933481150000107e-01
5.255513974050000092e-01 1.537324464150000014e-01
5.255536518900000287e-01 1.544715447149999921e-01
5.255918899189999660e-01 1.552106430159999884e-01
5.255985002380000326e-01 1.559497413160000068e-01
5.256109231940000459e-01 1.566888396159999974e-01
5.256159267740000418e-01 1.574279379159999881e-01
5.256214143980000308e-01 1.581670362160000065e-01
5.256287223319999757e-01 1.589061345159999972e-01
5.257057472270000309e-01 1.596452328159999878e-01
5.257156450850000162e-01 1.603843311160000062e-01
5.257190370169999571e-01 1.611234294159999969e-01
5.257311957800000490e-01 1.618625277159999876e-01
5.257339916809999902e-01 1.626016260160000060e-01
5.257463959960000377e-01 1.633407243159999966e-01
5.257621212080000328e-01 1.640798226159999873e-01
5.257718325600000409e-01 1.648189209160000057e-01
5.258217706119999724e-01 1.655580192170000020e-01
5.258283947090000021e-01 1.662971175169999927e-01
5.258585843309999674e-01 1.670362158170000111e-01
5.258604903589999546e-01 1.677753141170000017e-01
5.258689294899999700e-01 1.685144124169999924e-01
5.258894417470000304e-01 1.692535107170000108e-01
5.258939086830000109e-01 1.699926090170000015e-01
5.259219053020000034e-01 1.707317073169999921e-01
5.259379634240000101e-01 1.714708056170000106e-01
5.259538065400000129e-01 1.722099039170000012e-01
5.259673509019999749e-01 1.729490022169999919e-01
5.259694034070000468e-01 1.736881005170000103e-01
5.259809758929999690e-01 1.744271988170000010e-01
5.259894902639999925e-01 1.751662971179999972e-01
5.260090276029999456e-01 1.759053954179999879e-01
5.260307066430000011e-01 1.766444937180000063e-01
5.260407966329999629e-01 1.773835920179999970e-01
5.260634955090000009e-01 1.781226903179999876e-01
5.260872092809999456e-01 1.788617886180000061e-01
5.260912233690000495e-01 1.796008869179999967e-01
5.260967345960000374e-01 1.803399852179999874e-01
5.261532838179999727e-01 1.810790835180000058e-01
5.261691366370000456e-01 1.818181818179999965e-01
5.261917559630000518e-01 1.825572801179999871e-01
5.262010187300000252e-01 1.832963784180000055e-01
5.262066269289999987e-01 1.840354767179999962e-01
5.262076111569999881e-01 1.847745750179999868e-01
5.262134787409999959e-01 1.855136733190000109e-01
5.262457174179999697e-01 1.862527716190000016e-01
5.262459044130000096e-01 1.869918699189999922e-01
5.262471686990000119e-01 1.877309682190000106e-01
5.262841921740000206e-01 1.884700665190000013e-01
5.262914505119999919e-01 1.892091648189999920e-01
5.262958576709999559e-01 1.899482631190000104e-01
5.263356425330000254e-01 1.906873614190000010e-01
5.263369387890000084e-01 1.914264597189999917e-01
5.263463127590000123e-01 1.921655580190000101e-01
5.263517182879999812e-01 1.929046563190000008e-01
5.263970680759999521e-01 1.936437546189999914e-01
5.263986042849999603e-01 1.943828529190000098e-01
5.264076033719999881e-01 1.951219512200000061e-01
5.264163638130000544e-01 1.958610495199999968e-01
5.264304451210000124e-01 1.966001478199999875e-01
5.264385934549999924e-01 1.973392461200000059e-01
5.264443781369999575e-01 1.980783444199999965e-01
5.264461574190000270e-01 1.988174427199999872e-01
5.264461878060000544e-01 1.995565410200000056e-01
5.264620048100000504e-01 2.002956393199999963e-01
5.264792112349999664e-01 2.010347376199999869e-01
5.264929967250000509e-01 2.017738359200000053e-01
5.264991056009999948e-01 2.025129342199999960e-01
5.265003621680000023e-01 2.032520325199999867e-01
5.265034785159999897e-01 2.039911308200000051e-01
5.265066504490000243e-01 2.047302291199999957e-01
5.265192309620000399e-01 2.054693274209999920e-01
5.265393418020000160e-01 2.062084257210000104e-01
5.265416977950000410e-01 2.069475240210000011e-01
5.265595652060000020e-01 2.076866223209999918e-01
5.265711814269999902e-01 2.084257206210000102e-01
5.266110002549999614e-01 2.091648189210000008e-01
5.266113268050000018e-01 2.099039172209999915e-01
5.266196736060000383e-01 2.106430155210000099e-01
5.266212524519999771e-01 2.113821138210000006e-01
5.266374228419999914e-01 2.121212121209999912e-01
5.266689507230000178e-01 2.128603104210000097e-01
5.266703181130000244e-01 2.135994087210000003e-01
5.266720279590000331e-01 2.143385070209999910e-01
5.266920448299999835e-01 2.150776053219999873e-01
5.267099932859999889e-01 2.158167036220000057e-01
5.267241347559999953e-01 2.165558019219999963e-01
5.267501533209999476e-01 2.172949002219999870e-01
5.267787589760000166e-01 2.180339985220000054e-01
5.267886373429999658e-01 2.187730968219999961e-01
5.267986325290000549e-01 2.195121951219999867e-01
5.268238776079999797e-01 2.202512934220000052e-01
5.268252755769999851e-01 2.209903917219999958e-01
5.268360854810000271e-01 2.217294900219999865e-01
5.268415480120000050e-01 2.224685883220000049e-01
5.268482198539999883e-01 2.232076866219999955e-01
5.268577903019999731e-01 2.239467849219999862e-01
5.268610561969999662e-01 2.246858832220000046e-01
5.268744356890000535e-01 2.254249815230000009e-01
5.268762596999999603e-01 2.261640798229999916e-01
5.268848874120000136e-01 2.269031781230000100e-01
5.268979998449999647e-01 2.276422764230000007e-01
5.269033801960000263e-01 2.283813747229999913e-01
5.269090427529999898e-01 2.291204730230000097e-01
5.269106896740000101e-01 2.298595713230000004e-01
5.269213676530000168e-01 2.305986696229999910e-01
5.269249919159999518e-01 2.313377679230000095e-01
5.269290490139999505e-01 2.320768662230000001e-01
5.269347319139999763e-01 2.328159645229999908e-01
5.269432074100000030e-01 2.335550628230000092e-01
5.269461920089999474e-01 2.342941611229999999e-01
5.269660697089999513e-01 2.350332594239999962e-01
5.269911545919999663e-01 2.357723577239999868e-01
5.270397122540000368e-01 2.365114560240000052e-01
5.270512796609999606e-01 2.372505543239999959e-01
5.270574785460000466e-01 2.379896526239999865e-01
5.270602748820000238e-01 2.387287509240000050e-01
5.270702277709999883e-01 2.394678492239999956e-01
5.270843325909999599e-01 2.402069475239999863e-01
5.270853401130000115e-01 2.409460458240000047e-01
5.270897605019999599e-01 2.416851441239999954e-01
5.270997483880000001e-01 2.424242424240000138e-01
5.271387051279999847e-01 2.431633407240000044e-01
5.271443239809999737e-01 2.439024390239999951e-01
5.271743059960000144e-01 2.446415373240000135e-01
5.271837312970000244e-01 2.453806356250000098e-01
5.271858343359999699e-01 2.461197339250000005e-01
5.271875716410000523e-01 2.468588322249999911e-01
5.271906459039999993e-01 2.475979305250000095e-01
5.271928368739999815e-01 2.483370288250000002e-01
5.272092990590000472e-01 2.490761271249999909e-01
5.272096580320000392e-01 2.498152254250000093e-01
5.272127819590000097e-01 2.505543237250000277e-01
5.272159176709999562e-01 2.512934220249999906e-01
5.272282082689999649e-01 2.520325203250000090e-01
5.272321417949999978e-01 2.527716186250000274e-01
5.272487680070000460e-01 2.535107169249999903e-01
5.272490267349999593e-01 2.542498152250000087e-01
5.272492684870000446e-01 2.549889135250000272e-01
5.272688723209999484e-01 2.557280118260000235e-01
5.272873120519999679e-01 2.564671101259999864e-01
5.273051598819999963e-01 2.572062084260000048e-01
5.273145915629999791e-01 2.579453067260000232e-01
5.273449037520000493e-01 2.586844050259999861e-01
5.273567693949999802e-01 2.594235033260000045e-01
5.273583078569999971e-01 2.601626016260000229e-01
5.273675421069999869e-01 2.609016999259999858e-01
5.274152334839999900e-01 2.616407982260000042e-01
5.274200740590000436e-01 2.623798965260000227e-01
5.274350176609999830e-01 2.631189948259999856e-01
5.274510706310000518e-01 2.638580931260000040e-01
5.274687564029999498e-01 2.645971914260000224e-01
5.275027723620000497e-01 2.653362897270000187e-01
5.275218412969999715e-01 2.660753880269999816e-01
5.275506445450000026e-01 2.668144863270000000e-01
5.275613296409999986e-01 2.675535846270000184e-01
5.275661952889999506e-01 2.682926829269999813e-01
5.275722430970000154e-01 2.690317812269999997e-01
5.275747183369999815e-01 2.697708795270000182e-01
5.275899962790000508e-01 2.705099778269999811e-01
5.275922456199999555e-01 2.712490761269999995e-01
5.276218357559999683e-01 2.719881744270000179e-01
5.276371086240000396e-01 2.727272727269999808e-01
5.276551725560000294e-01 2.734663710269999992e-01
5.276681201689999989e-01 2.742054693270000176e-01
5.276700382190000482e-01 2.749445676269999805e-01
5.276730211069999843e-01 2.756836659279999768e-01
5.277000613610000057e-01 2.764227642279999952e-01
5.277152675249999758e-01 2.771618625280000137e-01
5.277166208450000395e-01 2.779009608279999766e-01
5.277183617559999540e-01 2.786400591279999950e-01
5.277220659139999492e-01 2.793791574280000134e-01
5.277595243980000017e-01 2.801182557279999763e-01
5.277602417850000283e-01 2.808573540279999947e-01
5.277819774690000187e-01 2.815964523280000131e-01
5.278034468029999537e-01 2.823355506279999760e-01
5.278291019549999907e-01 2.830746489279999945e-01
5.278517124260000415e-01 2.838137472280000129e-01
5.278579397799999517e-01 2.845528455279999758e-01
5.278604190310000055e-01 2.852919438290000276e-01
5.278616238550000173e-01 2.860310421289999905e-01
5.278982827829999946e-01 2.867701404290000089e-01
5.279053095369999893e-01 2.875092387290000273e-01
5.279131857690000373e-01 2.882483370289999902e-01
5.279291394139999927e-01 2.889874353290000086e-01
5.279293513809999450e-01 2.897265336290000270e-01
5.279478221879999600e-01 2.904656319289999900e-01
5.279611301779999488e-01 2.912047302290000084e-01
5.279655405530000456e-01 2.919438285290000268e-01
5.279683051810000194e-01 2.926829268289999897e-01
5.279754263779999901e-01 2.934220251290000081e-01
5.279757378789999844e-01 2.941611234290000265e-01
5.279770741020000102e-01 2.949002217289999894e-01
5.279830456590000054e-01 2.956393200299999857e-01
5.279923109090000066e-01 2.963784183300000041e-01
5.280046377870000196e-01 2.971175166300000225e-01
5.280103582070000412e-01 2.978566149299999855e-01
5.280194358809999766e-01 2.985957132300000039e-01
5.280209880420000390e-01 2.993348115300000223e-01
5.280240379420000352e-01 3.000739098299999852e-01
5.280246037550000437e-01 3.008130081300000036e-01
5.280407537319999900e-01 3.015521064300000220e-01
5.280408393019999647e-01 3.022912047299999849e-01
5.280535752520000292e-01 3.030303030300000033e-01
5.280564800960000360e-01 3.037694013300000218e-01
5.280689618760000537e-01 3.045084996299999847e-01
5.280803999299999996e-01 3.052475979309999810e-01
5.280903723909999847e-01 3.059866962309999994e-01
5.280920103849999769e-01 3.067257945310000178e-01
5.280921361070000097e-01 3.074648928309999807e-01
5.281017297560000046e-01 3.082039911309999991e-01
5.281137379120000030e-01 3.089430894310000175e-01
5.281204480640000476e-01 3.096821877309999804e-01
5.281229079139999616e-01 3.104212860309999988e-01
5.281267981680000112e-01 3.111603843310000173e-01
5.281300613339999783e-01 3.118994826309999802e-01
5.281469396010000095e-01 3.126385809309999986e-01
5.281481430400000177e-01 3.133776792310000170e-01
5.281582277259999625e-01 3.141167775309999799e-01
5.281669237920000315e-01 3.148558758309999983e-01
5.281789797660000341e-01 3.155949741319999946e-01
5.281838847109999735e-01 3.163340724320000130e-01
5.281900750200000383e-01 3.170731707319999759e-01
5.281958608160000068e-01 3.178122690319999943e-01
5.281993925119999878e-01 3.185513673320000128e-01
5.281996135480000465e-01 3.192904656319999757e-01
5.282090193430000191e-01 3.200295639319999941e-01
5.282211839079999915e-01 3.207686622320000125e-01
5.282245856809999474e-01 3.215077605319999754e-01
5.282251174090000223e-01 3.222468588319999938e-01
5.282268253730000307e-01 3.229859571320000122e-01
5.282556189299999483e-01 3.237250554319999751e-01
5.282565414740000298e-01 3.244641537319999935e-01
5.282660408929999996e-01 3.252032520329999898e-01
5.282692116460000475e-01 3.259423503330000083e-01
5.282926991699999908e-01 3.266814486330000267e-01
5.283025112460000283e-01 3.274205469329999896e-01
5.283098639019999654e-01 3.281596452330000080e-01
5.283163911689999770e-01 3.288987435330000264e-01
5.283278290309999514e-01 3.296378418329999893e-01
5.283366220130000235e-01 3.303769401330000077e-01
5.283433585140000499e-01 3.311160384330000261e-01
5.283450456739999801e-01 3.318551367329999890e-01
5.283481138309999992e-01 3.325942350330000075e-01
5.283564259099999827e-01 3.333333333330000259e-01
5.283682052960000375e-01 3.340724316329999888e-01
5.283827932189999466e-01 3.348115299330000072e-01
5.283881119600000176e-01 3.355506282340000035e-01
5.284022390720000129e-01 3.362897265340000219e-01
5.284024659649999567e-01 3.370288248339999848e-01
5.284110776649999508e-01 3.377679231340000032e-01
5.284140639330000555e-01 3.385070214340000216e-01
5.284181170409999462e-01 3.392461197339999845e-01
5.284189450239999974e-01 3.399852180340000030e-01
5.284401768390000198e-01 3.407243163340000214e-01
5.284431924189999519e-01 3.414634146339999843e-01
5.284622607500000235e-01 3.422025129340000027e-01
5.284667603379999967e-01 3.429416112340000211e-01
5.284721445409999996e-01 3.436807095339999840e-01
5.284905876350000087e-01 3.444198078340000024e-01
5.284970578180000489e-01 3.451589061349999987e-01
5.285020053869999845e-01 3.458980044350000171e-01
5.285125896569999870e-01 3.466371027349999800e-01
5.285384107460000536e-01 3.473762010349999985e-01
5.285408140609999528e-01 3.481152993350000169e-01
5.285509844819999969e-01 3.488543976349999798e-01
5.285588394610000185e-01 3.495934959349999982e-01
5.285644981310000379e-01 3.503325942350000166e-01
5.285680436420000516e-01 3.510716925349999795e-01
5.285728496980000024e-01 3.518107908349999979e-01
5.285740756840000554e-01 3.525498891350000163e-01
5.285775484450000450e-01 3.532889874349999793e-01
5.285804539830000204e-01 3.540280857349999977e-01
5.286021932700000203e-01 3.547671840350000161e-01
5.286047497420000019e-01 3.555062823360000124e-01
5.286062434289999779e-01 3.562453806359999753e-01
5.286103389480000248e-01 3.569844789359999937e-01
5.286134423789999870e-01 3.577235772360000121e-01
5.286157275480000139e-01 3.584626755359999750e-01
5.286386155600000247e-01 3.592017738359999934e-01
5.286420293760000222e-01 3.599408721360000118e-01
5.286444493469999450e-01 3.606799704359999748e-01
5.286511657410000176e-01 3.614190687359999932e-01
5.286664846449999899e-01 3.621581670360000116e-01
5.286903482570000090e-01 3.628972653359999745e-01
5.286966560220000000e-01 3.636363636359999929e-01
5.287099125640000175e-01 3.643754619360000113e-01
5.287305863510000092e-01 3.651145602370000076e-01
5.287387053059999786e-01 3.658536585370000260e-01
5.287475728410000464e-01 3.665927568369999889e-01
5.287543280299999982e-01 3.673318551370000073e-01
5.287561055420000322e-01 3.680709534370000258e-01
5.287581802819999455e-01 3.688100517369999887e-01
5.287606653980000404e-01 3.695491500370000071e-01
5.287664258940000250e-01 3.702882483370000255e-01
5.287892499930000323e-01 3.710273466369999884e-01
5.287915987789999495e-01 3.717664449370000068e-01
5.288022110660000052e-01 3.725055432370000252e-01
5.288046859299999625e-01 3.732446415369999881e-01
5.288236737689999689e-01 3.739837398370000066e-01
5.288304654280000516e-01 3.747228381370000250e-01
5.288317020399999624e-01 3.754619364380000213e-01
5.288335238610000211e-01 3.762010347379999842e-01
5.288456690180000086e-01 3.769401330380000026e-01
5.288589119159999852e-01 3.776792313380000210e-01
5.288613009449999458e-01 3.784183296379999839e-01
5.288702796309999732e-01 3.791574279380000023e-01
5.288706573229999819e-01 3.798965262380000207e-01
5.289050467800000543e-01 3.806356245379999836e-01
5.289278211989999479e-01 3.813747228380000021e-01
5.289564783769999945e-01 3.821138211380000205e-01
5.289590412919999984e-01 3.828529194379999834e-01
5.289604768100000243e-01 3.835920177380000018e-01
5.289673872410000088e-01 3.843311160380000202e-01
5.289932665619999641e-01 3.850702143390000165e-01
5.290028969350000221e-01 3.858093126389999794e-01
5.290111167459999875e-01 3.865484109389999978e-01
5.290186861490000503e-01 3.872875092390000162e-01
5.290208740580000235e-01 3.880266075389999791e-01
5.290290820190000076e-01 3.887657058389999976e-01
5.290788506410000203e-01 3.895048041390000160e-01
5.290854762590000426e-01 3.902439024389999789e-01
5.291066193610000079e-01 3.909830007389999973e-01
5.291078933970000397e-01 3.917220990390000157e-01
5.291086808999999613e-01 3.924611973389999786e-01
5.291190196799999690e-01 3.932002956389999970e-01
5.291271741299999887e-01 3.939393939390000154e-01
5.291291975030000261e-01 3.946784922389999783e-01
5.291339364729999994e-01 3.954175905399999746e-01
5.291415807289999718e-01 3.961566888399999931e-01
5.291565323210000171e-01 3.968957871400000115e-01
5.291588097980000072e-01 3.976348854399999744e-01
5.291638471520000442e-01 3.983739837399999928e-01
5.291646763409999510e-01 3.991130820400000112e-01
5.291808415059999771e-01 3.998521803399999741e-01
5.291874379669999628e-01 4.005912786399999925e-01
5.291947310050000297e-01 4.013303769400000109e-01
5.291970746849999907e-01 4.020694752399999738e-01
5.292023751459999925e-01 4.028085735399999923e-01
5.292036906979999955e-01 4.035476718400000107e-01
5.292040587230000259e-01 4.042867701399999736e-01
5.292102777549999582e-01 4.050258684399999920e-01
5.292427943170000537e-01 4.057649667409999883e-01
5.292535004639999929e-01 4.065040650410000067e-01
5.292609184180000481e-01 4.072431633410000251e-01
5.292691383450000009e-01 4.079822616409999880e-01
5.292745286140000394e-01 4.087213599410000064e-01
5.292846297729999483e-01 4.094604582410000249e-01
5.293085815189999543e-01 4.101995565409999878e-01
5.293166276059999564e-01 4.109386548410000062e-01
5.293182396319999761e-01 4.116777531410000246e-01
5.293379804640000463e-01 4.124168514409999875e-01
5.293380755359999856e-01 4.131559497410000059e-01
5.293621612479999516e-01 4.138950480410000243e-01
5.293756078829999767e-01 4.146341463409999872e-01
5.293806547389999784e-01 4.153732446419999835e-01
5.293852017589999459e-01 4.161123429420000019e-01
5.293872558940000417e-01 4.168514412420000204e-01
5.293983091299999666e-01 4.175905395419999833e-01
5.294059134999999916e-01 4.183296378420000017e-01
5.294112498819999457e-01 4.190687361420000201e-01
5.294196756160000072e-01 4.198078344419999830e-01
5.294304816370000166e-01 4.205469327420000014e-01
5.294310259969999821e-01 4.212860310420000198e-01
5.294409359409999460e-01 4.220251293419999827e-01
5.294541870350000234e-01 4.227642276420000012e-01
5.294615323289999509e-01 4.235033259420000196e-01
5.294672890239999763e-01 4.242424242419999825e-01
5.294833268619999478e-01 4.249815225420000009e-01
5.295194081020000443e-01 4.257206208429999972e-01
5.295348125919999704e-01 4.264597191430000156e-01
5.295374112620000462e-01 4.271988174429999785e-01
5.295492917280000267e-01 4.279379157429999969e-01
5.295500550249999661e-01 4.286770140430000153e-01
5.295545929430000021e-01 4.294161123429999782e-01
5.295607175409999812e-01 4.301552106429999967e-01
5.295878521429999708e-01 4.308943089430000151e-01
5.295898225709999574e-01 4.316334072429999780e-01
5.295970211339999789e-01 4.323725055429999964e-01
5.296004318689999657e-01 4.331116038430000148e-01
5.296005797720000352e-01 4.338507021429999777e-01
5.296070646680000049e-01 4.345898004429999961e-01
5.296258149289999606e-01 4.353288987439999924e-01
5.296269231529999733e-01 4.360679970440000108e-01
5.296408587409999758e-01 4.368070953439999737e-01
5.296411984219999702e-01 4.375461936439999922e-01
5.296418184950000274e-01 4.382852919440000106e-01
5.296514861650000183e-01 4.390243902439999735e-01
5.296610018720000479e-01 4.397634885439999919e-01
5.296655625020000313e-01 4.405025868440000103e-01
5.296736430359999526e-01 4.412416851439999732e-01
5.297113902310000011e-01 4.419807834439999916e-01
5.297136076899999768e-01 4.427198817440000100e-01
5.297412843759999879e-01 4.434589800439999729e-01
5.297504403920000327e-01 4.441980783439999914e-01
5.297560829680000305e-01 4.449371766440000098e-01
5.297612101269999485e-01 4.456762749450000061e-01
5.297817736859999904e-01 4.464153732450000245e-01
5.297989914899999819e-01 4.471544715449999874e-01
5.298272956080000151e-01 4.478935698450000058e-01
5.298298124970000078e-01 4.486326681450000242e-01
5.298309180810000241e-01 4.493717664449999871e-01
5.298517077419999666e-01 4.501108647450000055e-01
5.298623124710000187e-01 4.508499630450000240e-01
5.298649644339999965e-01 4.515890613449999869e-01
5.298739504749999663e-01 4.523281596450000053e-01
5.298740392759999640e-01 4.530672579450000237e-01
5.299057429610000147e-01 4.538063562449999866e-01
5.299174496709999627e-01 4.545454545450000050e-01
5.299177469529999795e-01 4.552845528460000013e-01
5.299224661939999637e-01 4.560236511460000197e-01
5.299581912359999647e-01 4.567627494459999826e-01
5.299603314740000126e-01 4.575018477460000010e-01
5.299612889979999908e-01 4.582409460460000195e-01
5.299710882420000102e-01 4.589800443459999824e-01
5.299769102429999768e-01 4.597191426460000008e-01
5.299790545689999632e-01 4.604582409460000192e-01
5.299875813659999935e-01 4.611973392459999821e-01
5.299956316310000526e-01 4.619364375460000005e-01
5.299980754890000201e-01 4.626755358460000189e-01
5.300122247630000283e-01 4.634146341459999818e-01
5.300206795359999612e-01 4.641537324460000002e-01
5.300212904390000368e-01 4.648928307460000187e-01
5.300221896450000303e-01 4.656319290470000150e-01
5.300233221469999867e-01 4.663710273469999779e-01
5.300246794770000491e-01 4.671101256469999963e-01
5.300385651310000057e-01 4.678492239470000147e-01
5.300436875770000444e-01 4.685883222469999776e-01
5.300527490699999955e-01 4.693274205469999960e-01
5.300717345409999837e-01 4.700665188470000144e-01
5.300750091749999449e-01 4.708056171469999773e-01
5.300830787620000040e-01 4.715447154469999957e-01
5.300895970200000251e-01 4.722838137470000142e-01
5.301055212630000346e-01 4.730229120469999771e-01
5.301109894090000330e-01 4.737620103469999955e-01
5.301231743800000062e-01 4.745011086470000139e-01
5.301285930929999779e-01 4.752402069480000102e-01
5.301506230939999620e-01 4.759793052479999731e-01
5.301514235299999989e-01 4.767184035479999915e-01
5.301543576239999833e-01 4.774575018480000099e-01
5.301553356689999719e-01 4.781966001479999728e-01
5.301653295820000222e-01 4.789356984479999912e-01
5.301757244389999624e-01 4.796747967480000097e-01
5.301986729400000042e-01 4.804138950479999726e-01
5.301989687300000531e-01 4.811529933479999910e-01
5.302179907620000465e-01 4.818920916480000094e-01
5.302212174520000154e-01 4.826311899479999723e-01
5.302229068099999498e-01 4.833702882479999907e-01
5.302424395089999631e-01 4.841093865480000091e-01
5.302488775189999615e-01 4.848484848480000275e-01
5.302508186150000080e-01 4.855875831490000238e-01
5.302551168400000403e-01 4.863266814489999867e-01
5.302601817309999799e-01 4.870657797490000052e-01
5.302682293849999562e-01 4.878048780490000236e-01
5.302693883389999474e-01 4.885439763489999865e-01
5.302705667689999736e-01 4.892830746490000049e-01
5.302768442409999672e-01 4.900221729490000233e-01
5.302806495570000500e-01 4.907612712489999862e-01
5.302976406330000003e-01 4.915003695490000046e-01
5.303081487159999607e-01 4.922394678490000230e-01
5.303138526680000187e-01 4.929785661489999860e-01
5.303423026239999505e-01 4.937176644490000044e-01
5.303475229230000254e-01 4.944567627490000228e-01
5.303689007170000469e-01 4.951958610500000191e-01
5.303885782380000080e-01 4.959349593499999820e-01
5.303974183420000488e-01 4.966740576500000004e-01
5.304056876510000462e-01 4.974131559500000188e-01
5.304064877859999694e-01 4.981522542499999817e-01
5.304197794230000040e-01 4.988913525500000001e-01
5.304237450959999878e-01 4.996304508500000185e-01
5.304349798570000551e-01 5.003695491499999815e-01
5.304502088620000055e-01 5.011086474500000554e-01
5.304597827129999832e-01 5.018477457500000183e-01
5.304619381020000413e-01 5.025868440499999812e-01
5.304950498039999740e-01 5.033259423500000551e-01
5.304994577280000012e-01 5.040650406500000180e-01
5.305202133449999913e-01 5.048041389499999809e-01
5.305232018759999946e-01 5.055432372510000327e-01
5.305326552439999510e-01 5.062823355509999956e-01
5.305351490180000296e-01 5.070214338509999585e-01
5.305401847439999985e-01 5.077605321510000325e-01
5.305500710599999614e-01 5.084996304509999954e-01
5.305523594809999910e-01 5.092387287509999583e-01
5.305565616230000225e-01 5.099778270510000322e-01
5.305576819359999474e-01 5.107169253509999951e-01
5.305783712060000434e-01 5.114560236509999580e-01
5.305813066379999610e-01 5.121951219510000319e-01
5.305828387530000523e-01 5.129342202509999948e-01
5.305881630090000245e-01 5.136733185509999577e-01
5.305913101529999842e-01 5.144124168510000317e-01
5.305953107530000379e-01 5.151515151519999725e-01
5.306021128240000495e-01 5.158906134520000464e-01
5.306038394369999578e-01 5.166297117520000093e-01
5.306055704180000498e-01 5.173688100519999722e-01
5.306079186590000329e-01 5.181079083520000461e-01
5.306305894520000344e-01 5.188470066520000090e-01
5.306389414409999894e-01 5.195861049519999719e-01
5.306443026510000438e-01 5.203252032520000459e-01
5.306474667570000303e-01 5.210643015520000088e-01
5.306575844069999492e-01 5.218033998519999717e-01
5.306678390200000317e-01 5.225424981520000456e-01
5.306725393279999592e-01 5.232815964520000085e-01
5.306726974650000095e-01 5.240206947519999714e-01
5.306789133579999929e-01 5.247597930520000453e-01
5.307164950489999811e-01 5.254988913529999861e-01
5.307355034809999594e-01 5.262379896529999490e-01
5.307623589350000115e-01 5.269770879530000229e-01
5.307646068360000191e-01 5.277161862529999858e-01
5.307738516779999527e-01 5.284552845529999487e-01
5.307824822579999546e-01 5.291943828530000227e-01
5.307913189520000463e-01 5.299334811529999856e-01
5.308072738060000129e-01 5.306725794529999485e-01
5.308099346210000125e-01 5.314116777530000224e-01
5.308125036469999447e-01 5.321507760529999853e-01
5.308140041000000142e-01 5.328898743529999482e-01
5.308148905470000400e-01 5.336289726530000221e-01
5.308156786769999691e-01 5.343680709529999850e-01
5.308224217229999820e-01 5.351071692540000369e-01
5.308246402280000220e-01 5.358462675539999998e-01
5.308246785379999721e-01 5.365853658539999627e-01
5.308285118609999964e-01 5.373244641540000366e-01
5.308486374980000422e-01 5.380635624539999995e-01
5.308507968690000522e-01 5.388026607539999624e-01
5.308548613189999488e-01 5.395417590540000363e-01
5.308655741090000380e-01 5.402808573539999992e-01
5.308666415389999838e-01 5.410199556539999621e-01
5.308731950820000378e-01 5.417590539540000361e-01
5.309050020960000005e-01 5.424981522539999990e-01
5.309079283149999995e-01 5.432372505539999619e-01
5.309107324309999543e-01 5.439763488540000358e-01
5.309267669499999620e-01 5.447154471539999987e-01
5.309311977549999728e-01 5.454545454550000505e-01
5.309330146089999980e-01 5.461936437550000134e-01
5.309393547549999814e-01 5.469327420549999763e-01
5.309512585200000245e-01 5.476718403550000502e-01
5.309530507199999860e-01 5.484109386550000131e-01
5.309603807920000307e-01 5.491500369549999760e-01
5.309657849640000427e-01 5.498891352550000500e-01
5.309691493839999721e-01 5.506282335550000129e-01
5.309711591089999461e-01 5.513673318549999758e-01
5.309754858609999628e-01 5.521064301550000497e-01
5.309774614519999769e-01 5.528455284550000126e-01
5.309827309300000353e-01 5.535846267549999755e-01
5.309889559460000408e-01 5.543237250550000494e-01
5.309972382059999774e-01 5.550628233559999902e-01
5.310024403180000352e-01 5.558019216559999531e-01
5.310073422779999497e-01 5.565410199560000271e-01
5.310121178150000176e-01 5.572801182559999900e-01
5.310291526299999454e-01 5.580192165559999529e-01
5.310399430419999733e-01 5.587583148560000268e-01
5.310502187350000236e-01 5.594974131559999897e-01
5.310804378400000303e-01 5.602365114559999526e-01
5.310813440530000040e-01 5.609756097560000265e-01
5.310886141370000368e-01 5.617147080559999894e-01
5.310938011529999780e-01 5.624538063559999523e-01
5.311078208949999713e-01 5.631929046560000263e-01
5.311320892980000430e-01 5.639320029559999892e-01
5.311336441670000408e-01 5.646711012559999521e-01
5.311738134269999856e-01 5.654101995570000039e-01
5.311746956620000404e-01 5.661492978569999668e-01
5.311884524179999456e-01 5.668883961570000407e-01
5.311905432800000382e-01 5.676274944570000036e-01
5.311911171240000229e-01 5.683665927569999665e-01
5.311977584679999920e-01 5.691056910570000404e-01
5.312002567050000401e-01 5.698447893570000033e-01
5.312007673430000354e-01 5.705838876569999663e-01
5.312052807960000456e-01 5.713229859570000402e-01
5.312254400210000282e-01 5.720620842570000031e-01
5.312268603880000439e-01 5.728011825569999660e-01
5.312285224830000097e-01 5.735402808570000399e-01
5.312345197290000431e-01 5.742793791570000028e-01
5.312366852580000520e-01 5.750184774569999657e-01
5.312388764530000529e-01 5.757575757580000175e-01
5.312457385829999490e-01 5.764966740579999804e-01
5.312571084020000223e-01 5.772357723580000544e-01
5.312727879040000101e-01 5.779748706580000173e-01
5.312768153860000231e-01 5.787139689579999802e-01
5.312814569779999996e-01 5.794530672580000541e-01
5.312838033369999824e-01 5.801921655580000170e-01
5.312943854370000274e-01 5.809312638579999799e-01
5.313009119429999982e-01 5.816703621580000538e-01
5.313188631830000341e-01 5.824094604580000167e-01
5.313221090419999459e-01 5.831485587579999796e-01
5.313288538499999492e-01 5.838876570580000536e-01
5.313396977169999591e-01 5.846267553580000165e-01
5.313609269750000363e-01 5.853658536589999573e-01
5.313865989239999754e-01 5.861049519590000312e-01
5.313893148089999796e-01 5.868440502589999941e-01
5.313916367950000108e-01 5.875831485589999570e-01
5.314132750169999753e-01 5.883222468590000309e-01
5.314158834519999708e-01 5.890613451589999938e-01
5.314184789879999871e-01 5.898004434589999567e-01
5.314308386670000273e-01 5.905395417590000307e-01
5.314421887579999781e-01 5.912786400589999936e-01
5.314425084439999836e-01 5.920177383589999565e-01
5.314524186610000145e-01 5.927568366590000304e-01
5.314607167770000196e-01 5.934959349589999933e-01
5.314632927529999717e-01 5.942350332589999562e-01
5.314677908220000191e-01 5.949741315590000301e-01
5.314677941019999574e-01 5.957132298599999709e-01
5.315067980609999854e-01 5.964523281600000448e-01
5.315076947879999736e-01 5.971914264600000077e-01
5.315139347099999689e-01 5.979305247599999706e-01
5.315306225700000553e-01 5.986696230600000446e-01
5.315415606940000481e-01 5.994087213600000075e-01
5.315482382289999919e-01 6.001478196599999704e-01
5.315641705979999854e-01 6.008869179600000443e-01
5.315748602450000027e-01 6.016260162600000072e-01
5.315800128869999641e-01 6.023651145599999701e-01
5.315859575639999557e-01 6.031042128600000440e-01
5.315890874540000199e-01 6.038433111600000069e-01
5.315904258860000287e-01 6.045824094599999698e-01
5.315919784429999906e-01 6.053215077610000217e-01
5.315928622150000171e-01 6.060606060609999846e-01
5.316036034779999531e-01 6.067997043609999475e-01
5.316037311629999706e-01 6.075388026610000214e-01
5.316051811469999500e-01 6.082779009609999843e-01
5.316087569490000053e-01 6.090169992609999472e-01
5.316260735640000457e-01 6.097560975610000211e-01
5.316380558590000360e-01 6.104951958609999840e-01
5.316394647100000093e-01 6.112342941609999469e-01
5.316577329420000275e-01 6.119733924610000209e-01
5.316660402830000187e-01 6.127124907609999838e-01
5.316685610929999806e-01 6.134515890609999467e-01
5.316833420380000508e-01 6.141906873610000206e-01
5.316948025230000541e-01 6.149297856609999835e-01
5.317029958400000256e-01 6.156688839620000353e-01
5.317085900050000369e-01 6.164079822619999982e-01
5.317265243469999625e-01 6.171470805619999611e-01
5.317268497889999779e-01 6.178861788620000350e-01
5.317307040530000473e-01 6.186252771619999979e-01
5.317398832619999460e-01 6.193643754619999608e-01
5.317407554790000157e-01 6.201034737620000348e-01
5.317411261779999565e-01 6.208425720619999977e-01
5.317510104520000169e-01 6.215816703619999606e-01
5.317588329189999463e-01 6.223207686620000345e-01
5.317752298029999602e-01 6.230598669619999974e-01
5.317845544560000359e-01 6.237989652619999603e-01
5.317911713199999779e-01 6.245380635620000342e-01
5.318188590660000159e-01 6.252771618629999750e-01
5.318269831590000107e-01 6.260162601630000490e-01
5.318350985380000395e-01 6.267553584630000119e-01
5.318371218549999835e-01 6.274944567629999748e-01
5.318386727320000285e-01 6.282335550630000487e-01
5.318418118109999870e-01 6.289726533630000116e-01
5.318429835419999918e-01 6.297117516629999745e-01
5.318488422649999547e-01 6.304508499630000484e-01
5.318666504100000303e-01 6.311899482630000113e-01
5.318718073529999923e-01 6.319290465629999742e-01
5.318763973610000084e-01 6.326681448630000482e-01
5.318996662070000214e-01 6.334072431630000111e-01
5.319264562579999467e-01 6.341463414629999740e-01
5.319394295699999553e-01 6.348854397630000479e-01
5.319461167640000543e-01 6.356245380639999887e-01
5.319472328040000253e-01 6.363636363639999516e-01
5.319493422990000386e-01 6.371027346640000255e-01
5.319622691340000209e-01 6.378418329639999884e-01
5.319671792750000350e-01 6.385809312639999513e-01
5.319703099250000511e-01 6.393200295640000252e-01
5.319737343620000170e-01 6.400591278639999882e-01
5.319785233439999761e-01 6.407982261639999511e-01
5.319795827319999670e-01 6.415373244640000250e-01
5.319833346229999593e-01 6.422764227639999879e-01
5.320007173930000333e-01 6.430155210639999508e-01
5.320053371370000450e-01 6.437546193640000247e-01
5.320235187120000431e-01 6.444937176639999876e-01
5.320340200880000481e-01 6.452328159650000394e-01
5.320358216649999639e-01 6.459719142650000023e-01
5.320439436760000529e-01 6.467110125649999652e-01
5.320519012140000337e-01 6.474501108650000392e-01
5.320647841860000060e-01 6.481892091650000021e-01
5.320759793570000173e-01 6.489283074649999650e-01
5.320898852190000250e-01 6.496674057650000389e-01
5.320940975119999861e-01 6.504065040650000018e-01
5.320997805079999976e-01 6.511456023649999647e-01
5.320999559989999517e-01 6.518847006650000386e-01
5.321154918999999595e-01 6.526237989650000015e-01
5.321435897390000003e-01 6.533628972649999644e-01
5.321477754590000497e-01 6.541019955650000384e-01
5.321624811280000200e-01 6.548410938650000013e-01
5.321816420499999589e-01 6.555801921660000531e-01
5.322197336989999972e-01 6.563192904660000160e-01
5.322201026249999689e-01 6.570583887659999789e-01
5.322212487349999854e-01 6.577974870660000528e-01
5.322300869280000013e-01 6.585365853660000157e-01
5.322522508089999604e-01 6.592756836659999786e-01
5.322540306030000279e-01 6.600147819660000525e-01
5.322596603489999634e-01 6.607538802660000155e-01
5.322618836729999803e-01 6.614929785659999784e-01
5.322731779989999801e-01 6.622320768660000523e-01
5.322954087800000345e-01 6.629711751660000152e-01
5.322976211700000126e-01 6.637102734659999781e-01
5.323135665039999687e-01 6.644493717660000520e-01
5.323214443260000373e-01 6.651884700669999928e-01
5.323606621199999944e-01 6.659275683669999557e-01
5.323756026260000329e-01 6.666666666670000296e-01
5.323845120919999951e-01 6.674057649669999925e-01
5.323862828750000054e-01 6.681448632669999554e-01
5.323980236709999758e-01 6.688839615670000294e-01
5.324076393100000137e-01 6.696230598669999923e-01
5.324097320380000165e-01 6.703621581669999552e-01
5.324166964230000465e-01 6.711012564670000291e-01
5.324342744850000253e-01 6.718403547669999920e-01
5.324436570099999599e-01 6.725794530669999549e-01
5.324694107820000522e-01 6.733185513670000288e-01
5.324719638379999953e-01 6.740576496669999917e-01
5.324725346299999940e-01 6.747967479669999546e-01
5.324761644569999675e-01 6.755358462680000065e-01
5.324805902050000483e-01 6.762749445679999694e-01
5.324827247200000224e-01 6.770140428680000433e-01
5.324847006249999737e-01 6.777531411680000062e-01
5.324867685690000130e-01 6.784922394679999691e-01
5.324869175549999945e-01 6.792313377680000430e-01
5.324888266309999452e-01 6.799704360680000059e-01
5.324944099299999678e-01 6.807095343679999688e-01
5.325001321919999864e-01 6.814486326680000428e-01
5.325268801860000289e-01 6.821877309680000057e-01
5.325502125879999493e-01 6.829268292679999686e-01
5.325949321009999515e-01 6.836659275680000425e-01
5.325994977239999484e-01 6.844050258680000054e-01
5.326068263119999591e-01 6.851441241689999462e-01
5.326107249129999888e-01 6.858832224690000201e-01
5.326205312389999946e-01 6.866223207689999830e-01
5.326229422210000397e-01 6.873614190689999459e-01
5.326278987379999830e-01 6.881005173690000198e-01
5.326351116680000386e-01 6.888396156689999827e-01
5.326494540770000397e-01 6.895787139689999456e-01
5.326496645560000465e-01 6.903178122690000196e-01
5.326739529449999733e-01 6.910569105689999825e-01
5.326827493760000198e-01 6.917960088689999454e-01
5.326901342990000288e-01 6.925351071690000193e-01
5.326977219990000068e-01 6.932742054689999822e-01
5.327222777740000526e-01 6.940133037689999451e-01
5.327267537909999850e-01 6.947524020690000190e-01
5.327372126310000455e-01 6.954915003699999598e-01
5.327427836289999608e-01 6.962305986700000338e-01
5.327520666480000111e-01 6.969696969699999967e-01
5.327725828029999944e-01 6.977087952699999596e-01
5.327736774000000342e-01 6.984478935700000335e-01
5.327751287049999895e-01 6.991869918699999964e-01
5.327769254409999711e-01 6.999260901699999593e-01
5.327846174589999650e-01 7.006651884700000332e-01
5.327874390800000359e-01 7.014042867699999961e-01
5.328230733929999463e-01 7.021433850699999590e-01
5.328758106509999815e-01 7.028824833700000330e-01
5.329196216170000167e-01 7.036215816699999959e-01
5.329222150839999506e-01 7.043606799699999588e-01
5.329324756319999690e-01 7.050997782710000106e-01
5.329336622120000033e-01 7.058388765709999735e-01
5.329357888200000337e-01 7.065779748710000474e-01
5.329409870579999708e-01 7.073170731710000103e-01
5.329540911510000090e-01 7.080561714709999732e-01
5.329741271750000342e-01 7.087952697710000471e-01
5.329932142359999903e-01 7.095343680710000100e-01
5.329991960300000109e-01 7.102734663709999730e-01
5.330007535840000088e-01 7.110125646710000469e-01
5.330086558400000118e-01 7.117516629710000098e-01
5.330103155530000469e-01 7.124907612709999727e-01
5.330224700840000551e-01 7.132298595710000466e-01
5.330261549570000090e-01 7.139689578710000095e-01
5.330285466090000090e-01 7.147080561709999724e-01
5.330358990129999697e-01 7.154471544720000242e-01
5.330538485050000386e-01 7.161862527719999871e-01
5.330714275069999841e-01 7.169253510719999500e-01
5.330739760520000203e-01 7.176644493720000240e-01
5.330777435139999465e-01 7.184035476719999869e-01
5.330946523170000395e-01 7.191426459719999498e-01
5.330955127030000407e-01 7.198817442720000237e-01
5.331146681759999506e-01 7.206208425719999866e-01
5.331229891330000470e-01 7.213599408719999495e-01
5.331252468439999781e-01 7.220990391720000234e-01
5.331376915209999900e-01 7.228381374719999863e-01
5.331453840650000053e-01 7.235772357719999492e-01
5.331454867999999570e-01 7.243163340720000232e-01
5.331742926660000270e-01 7.250554323729999640e-01
5.331775504179999681e-01 7.257945306730000379e-01
5.331812676770000259e-01 7.265336289730000008e-01
5.331834869049999481e-01 7.272727272729999637e-01
5.331967474819999664e-01 7.280118255730000376e-01
5.331988396669999908e-01 7.287509238730000005e-01
5.332039832730000040e-01 7.294900221729999634e-01
5.332155720960000123e-01 7.302291204730000374e-01
5.332207457690000263e-01 7.309682187730000003e-01
5.332259719559999667e-01 7.317073170729999632e-01
5.332422980500000076e-01 7.324464153730000371e-01
5.332549115779999793e-01 7.331855136730000000e-01
5.332567374440000396e-01 7.339246119729999629e-01
5.332641043770000033e-01 7.346637102730000368e-01
5.332662945810000554e-01 7.354028085739999776e-01
5.332734966400000109e-01 7.361419068740000515e-01
5.332853758550000212e-01 7.368810051740000144e-01
5.332954235079999661e-01 7.376201034739999773e-01
5.333126686469999989e-01 7.383592017740000513e-01
5.333288136399999546e-01 7.390983000740000142e-01
5.333608529929999564e-01 7.398373983739999771e-01
5.333650085429999521e-01 7.405764966740000510e-01
5.333845851790000037e-01 7.413155949740000139e-01
5.333902793139999599e-01 7.420546932739999768e-01
5.334228801720000135e-01 7.427937915740000507e-01
5.334288705909999706e-01 7.435328898740000136e-01
5.334360304999999913e-01 7.442719881739999765e-01
5.334408391999999610e-01 7.450110864740000505e-01
5.334448353670000476e-01 7.457501847749999913e-01
5.334600785559999725e-01 7.464892830749999542e-01
5.334917571080000087e-01 7.472283813750000281e-01
5.335081066560000140e-01 7.479674796749999910e-01
5.335173478760000254e-01 7.487065779749999539e-01
5.335311313980000136e-01 7.494456762750000278e-01
5.335447408350000309e-01 7.501847745749999907e-01
5.335864571720000393e-01 7.509238728749999536e-01
5.335921239640000202e-01 7.516629711750000276e-01
5.336000378580000314e-01 7.524020694749999905e-01
5.336118026999999708e-01 7.531411677749999534e-01
5.336143972189999474e-01 7.538802660750000273e-01
5.336266606980000216e-01 7.546193643749999902e-01
5.336309786230000185e-01 7.553584626760000420e-01
5.336519316940000479e-01 7.560975609760000049e-01
5.336524905949999731e-01 7.568366592759999678e-01
5.336565445540000230e-01 7.575757575760000417e-01
5.336570717869999481e-01 7.583148558760000046e-01
5.336642543859999588e-01 7.590539541759999675e-01
5.336704080669999462e-01 7.597930524760000415e-01
5.336903131700000413e-01 7.605321507760000044e-01
5.336970109049999911e-01 7.612712490759999673e-01
5.336975332969999819e-01 7.620103473760000412e-01
5.337041963009999668e-01 7.627494456760000041e-01
5.337131067029999842e-01 7.634885439759999670e-01
5.337384740430000107e-01 7.642276422760000409e-01
5.337658541599999973e-01 7.649667405760000038e-01
5.337862967259999758e-01 7.657058388769999446e-01
5.338004243820000383e-01 7.664449371770000186e-01
5.338597659149999508e-01 7.671840354769999815e-01
5.338632783250000235e-01 7.679231337770000554e-01
5.338800115949999814e-01 7.686622320770000183e-01
5.339028301149999489e-01 7.694013303769999812e-01
5.339032379970000131e-01 7.701404286770000551e-01
5.339079948870000258e-01 7.708795269770000180e-01
5.339108204660000245e-01 7.716186252769999809e-01
5.339115936010000452e-01 7.723577235770000549e-01
5.339223836409999757e-01 7.730968218770000178e-01
5.339289128819999508e-01 7.738359201769999807e-01
5.339574023919999579e-01 7.745750184770000546e-01
5.340043852200000440e-01 7.753141167779999954e-01
5.340073535930000004e-01 7.760532150779999583e-01
5.340082476690000135e-01 7.767923133780000322e-01
5.340086543259999763e-01 7.775314116779999951e-01
5.340093055869999938e-01 7.782705099779999580e-01
5.340214195560000210e-01 7.790096082780000319e-01
5.340309480830000011e-01 7.797487065779999948e-01
5.340398211579999721e-01 7.804878048779999578e-01
5.340515478570000418e-01 7.812269031780000317e-01
5.340544594189999827e-01 7.819660014779999946e-01
5.340671966150000172e-01 7.827050997779999575e-01
5.340740134360000280e-01 7.834441980780000314e-01
5.340745798579999981e-01 7.841832963779999943e-01
5.341007387920000404e-01 7.849223946779999572e-01
5.341025337970000120e-01 7.856614929790000090e-01
5.341352973930000303e-01 7.864005912789999719e-01
5.341384565419999841e-01 7.871396895790000459e-01
5.341451592670000137e-01 7.878787878790000088e-01
5.341466784010000524e-01 7.886178861789999717e-01
5.341536343330000047e-01 7.893569844790000456e-01
5.341617815089999555e-01 7.900960827790000085e-01
5.341885263119999783e-01 7.908351810789999714e-01
5.341992536520000501e-01 7.915742793790000453e-01
5.342082070770000080e-01 7.923133776790000082e-01
5.342539881850000283e-01 7.930524759789999711e-01
5.342580937390000173e-01 7.937915742790000451e-01
5.342662395299999645e-01 7.945306725790000080e-01
5.343008301870000309e-01 7.952697708799999488e-01
5.343060534079999702e-01 7.960088691800000227e-01
5.343127059240000420e-01 7.967479674799999856e-01
5.343253726800000214e-01 7.974870657799999485e-01
5.343323839129999753e-01 7.982261640800000224e-01
5.343381023400000096e-01 7.989652623799999853e-01
5.343655154530000395e-01 7.997043606799999482e-01
5.343666127970000401e-01 8.004434589800000222e-01
5.343790044920000426e-01 8.011825572799999851e-01
5.343797458379999643e-01 8.019216555799999480e-01
5.343837211270000553e-01 8.026607538800000219e-01
5.343842371600000529e-01 8.033998521799999848e-01
5.343915633419999978e-01 8.041389504799999477e-01
5.344282485369999947e-01 8.048780487800000216e-01
5.344372060609999808e-01 8.056171470809999624e-01
5.344502662690000516e-01 8.063562453810000363e-01
5.344558718190000057e-01 8.070953436809999992e-01
5.344688676250000103e-01 8.078344419809999621e-01
5.344881277499999861e-01 8.085735402810000361e-01
5.344956571360000019e-01 8.093126385809999990e-01
5.344979604580000210e-01 8.100517368809999619e-01
5.345145964099999869e-01 8.107908351810000358e-01
5.345578548239999783e-01 8.115299334809999987e-01
5.345634792910000099e-01 8.122690317809999616e-01
5.345670415619999671e-01 8.130081300810000355e-01
5.345752933340000013e-01 8.137472283809999984e-01
5.345879424649999656e-01 8.144863266809999613e-01
5.345931559130000510e-01 8.152254249820000132e-01
5.345988015879999944e-01 8.159645232819999761e-01
5.346146249059999800e-01 8.167036215820000500e-01
5.346231077890000183e-01 8.174427198820000129e-01
5.346377744389999576e-01 8.181818181819999758e-01
5.346587421389999983e-01 8.189209164820000497e-01
5.346733274870000274e-01 8.196600147820000126e-01
5.346737403850000403e-01 8.203991130819999755e-01
5.347135892769999677e-01 8.211382113820000495e-01
5.347220710950000289e-01 8.218773096820000124e-01
5.347233207960000456e-01 8.226164079819999753e-01
5.347622330969999949e-01 8.233555062820000492e-01
5.348494666749999960e-01 8.240946045820000121e-01
5.348793827869999795e-01 8.248337028819999750e-01
5.348913225950000516e-01 8.255728011830000268e-01
5.349103321610000350e-01 8.263118994829999897e-01
5.349195351859999947e-01 8.270509977829999526e-01
5.349251998680000231e-01 8.277900960830000265e-01
5.349753073030000250e-01 8.285291943829999894e-01
5.349784278239999580e-01 8.292682926829999523e-01
5.349785004639999730e-01 8.300073909830000263e-01
5.349833663140000084e-01 8.307464892829999892e-01
5.350222850260000218e-01 8.314855875829999521e-01
5.350232864670000366e-01 8.322246858830000260e-01
5.350254387980000192e-01 8.329637841829999889e-01
5.350333816740000525e-01 8.337028824829999518e-01
5.350364328969999805e-01 8.344419807830000257e-01
5.350874491899999530e-01 8.351810790839999665e-01
5.350903520269999492e-01 8.359201773840000405e-01
5.351002774299999931e-01 8.366592756840000034e-01
5.351039721400000504e-01 8.373983739839999663e-01
5.351423146570000178e-01 8.381374722840000402e-01
5.351582136560000258e-01 8.388765705840000031e-01
5.351955175289999644e-01 8.396156688839999660e-01
5.352124373940000401e-01 8.403547671840000399e-01
5.352275569229999475e-01 8.410938654840000028e-01
5.352382809110000084e-01 8.418329637839999657e-01
5.352684448400000239e-01 8.425720620840000397e-01
5.352739890559999880e-01 8.433111603840000026e-01
5.352957216570000121e-01 8.440502586839999655e-01
5.353368489850000023e-01 8.447893569840000394e-01
5.353791511630000555e-01 8.455284552849999802e-01
5.353994830270000227e-01 8.462675535850000541e-01
5.354073163100000476e-01 8.470066518850000170e-01
5.354142549239999660e-01 8.477457501849999799e-01
5.354175233329999672e-01 8.484848484850000538e-01
5.354358715600000540e-01 8.492239467850000167e-01
5.354794207580000354e-01 8.499630450849999797e-01
5.354913824999999461e-01 8.507021433850000536e-01
5.354952129109999959e-01 8.514412416850000165e-01
5.355044931010000120e-01 8.521803399849999794e-01
5.355272522980000227e-01 8.529194382850000533e-01
5.355350755040000355e-01 8.536585365850000162e-01
5.355394938749999945e-01 8.543976348849999791e-01
5.355446740810000383e-01 8.551367331860000309e-01
5.355586528489999498e-01 8.558758314859999938e-01
5.355732581969999684e-01 8.566149297859999567e-01
5.356075816530000422e-01 8.573540280860000307e-01
5.356462290739999466e-01 8.580931263859999936e-01
5.356514941919999773e-01 8.588322246859999565e-01
5.356615991430000445e-01 8.595713229860000304e-01
5.356955330899999534e-01 8.603104212859999933e-01
5.357064783460000479e-01 8.610495195859999562e-01
5.357186354330000233e-01 8.617886178860000301e-01
5.357296016029999830e-01 8.625277161859999930e-01
5.357651803940000068e-01 8.632668144859999559e-01
5.357852696270000159e-01 8.640059127860000299e-01
5.357970097230000395e-01 8.647450110859999928e-01
5.358070708119999637e-01 8.654841093870000446e-01
5.358146342709999566e-01 8.662232076870000075e-01
5.358453450010000063e-01 8.669623059869999704e-01
5.358992823220000146e-01 8.677014042870000443e-01
5.359084236690000447e-01 8.684405025870000072e-01
5.359161124650000385e-01 8.691796008869999701e-01
5.359259895210000124e-01 8.699186991870000440e-01
5.359366292189999825e-01 8.706577974870000070e-01
5.359453965289999733e-01 8.713968957869999699e-01
5.359650276930000290e-01 8.721359940870000438e-01
5.359673945509999538e-01 8.728750923870000067e-01
5.359729299859999907e-01 8.736141906869999696e-01
5.359969320930000336e-01 8.743532889870000435e-01
5.360001185070000229e-01 8.750923872879999843e-01
5.360294213870000490e-01 8.758314855879999472e-01
5.360294224910000516e-01 8.765705838880000211e-01
5.360376451170000278e-01 8.773096821879999840e-01
5.360418758680000062e-01 8.780487804879999469e-01
5.360463243359999685e-01 8.787878787880000209e-01
5.360491944609999670e-01 8.795269770879999838e-01
5.361060041499999818e-01 8.802660753879999467e-01
5.361162272699999676e-01 8.810051736880000206e-01
5.361176737120000313e-01 8.817442719879999835e-01
5.361223287880000354e-01 8.824833702879999464e-01
5.361752834899999876e-01 8.832224685880000203e-01
5.362065977940000394e-01 8.839615668879999832e-01
5.362220883739999833e-01 8.847006651879999461e-01
5.362249379689999484e-01 8.854397634889999980e-01
5.362536795169999815e-01 8.861788617889999609e-01
5.362960217400000174e-01 8.869179600890000348e-01
5.363109224819999632e-01 8.876570583889999977e-01
5.363223590740000546e-01 8.883961566889999606e-01
5.363273474949999953e-01 8.891352549890000345e-01
5.363319213899999660e-01 8.898743532889999974e-01
5.363367993059999783e-01 8.906134515889999603e-01
5.363439173309999530e-01 8.913525498890000343e-01
5.363520283389999754e-01 8.920916481889999972e-01
5.364077894580000505e-01 8.928307464889999601e-01
5.364161954749999683e-01 8.935698447890000340e-01
5.364171584569999984e-01 8.943089430889999969e-01
5.364375146130000438e-01 8.950480413889999598e-01
5.364487053530000438e-01 8.957871396900000116e-01
5.364964272119999711e-01 8.965262379899999745e-01
5.365063431779999448e-01 8.972653362900000484e-01
5.365167782980000410e-01 8.980044345900000113e-01
5.365436652180000099e-01 8.987435328899999742e-01
5.365629027970000298e-01 8.994826311900000482e-01
5.365700174099999886e-01 9.002217294900000111e-01
5.366174068800000363e-01 9.009608277899999740e-01
5.366551746850000137e-01 9.016999260900000479e-01
5.366706671350000013e-01 9.024390243900000108e-01
5.366782141860000355e-01 9.031781226899999737e-01
5.366916338330000036e-01 9.039172209900000476e-01
5.366952957699999693e-01 9.046563192900000105e-01
5.366959302579999980e-01 9.053954175909999513e-01
5.367341539759999947e-01 9.061345158910000253e-01
5.367727722020000369e-01 9.068736141909999882e-01
5.368120227020000135e-01 9.076127124909999511e-01
5.368397623649999728e-01 9.083518107910000250e-01
5.368556807979999457e-01 9.090909090909999879e-01
5.368927026530000424e-01 9.098300073909999508e-01
5.369285641990000357e-01 9.105691056910000247e-01
5.369461196110000278e-01 9.113082039909999876e-01
5.369484127889999625e-01 9.120473022909999505e-01
5.369623659890000456e-01 9.127864005910000245e-01
5.370184504299999606e-01 9.135254988909999874e-01
5.370261132529999815e-01 9.142645971909999503e-01
5.370435981360000000e-01 9.150036954910000242e-01
5.370465370550000506e-01 9.157427937919999650e-01
5.370475484240000430e-01 9.164818920920000389e-01
5.370692484989999516e-01 9.172209903920000018e-01
5.370707108890000470e-01 9.179600886919999647e-01
5.370790134539999983e-01 9.186991869920000386e-01
5.371420896359999642e-01 9.194382852920000015e-01
5.371884758160000439e-01 9.201773835919999645e-01
5.372049029740000314e-01 9.209164818920000384e-01
5.372423230909999514e-01 9.216555801920000013e-01
5.372570938540000007e-01 9.223946784919999642e-01
5.373240047380000162e-01 9.231337767920000381e-01
5.373377929729999947e-01 9.238728750920000010e-01
5.373740596020000204e-01 9.246119733919999639e-01
5.374069322040000429e-01 9.253510716930000157e-01
5.374276733709999476e-01 9.260901699929999786e-01
5.374413462049999479e-01 9.268292682930000526e-01
5.374467763879999804e-01 9.275683665930000155e-01
5.374730873220000538e-01 9.283074648929999784e-01
5.374958102550000394e-01 9.290465631930000523e-01
5.375092720649999878e-01 9.297856614930000152e-01
5.375098946309999626e-01 9.305247597929999781e-01
5.375177930910000068e-01 9.312638580930000520e-01
5.375282910909999767e-01 9.320029563930000149e-01
5.375432057190000501e-01 9.327420546929999778e-01
5.375469090079999512e-01 9.334811529930000518e-01
5.375653258470000084e-01 9.342202512930000147e-01
5.375844924339999720e-01 9.349593495929999776e-01
5.376281200370000013e-01 9.356984478940000294e-01
5.376292097089999666e-01 9.364375461939999923e-01
5.376385670900000191e-01 9.371766444939999552e-01
5.376623310750000551e-01 9.379157427940000291e-01
5.376721715400000212e-01 9.386548410939999920e-01
5.377152962519999857e-01 9.393939393939999549e-01
5.377367458359999519e-01 9.401330376940000288e-01
5.377497502889999614e-01 9.408721359939999918e-01
5.377881129470000188e-01 9.416112342939999547e-01
5.378017450249999998e-01 9.423503325940000286e-01
5.378039914229999496e-01 9.430894308939999915e-01
5.378221405259999699e-01 9.438285291939999544e-01
5.378440866589999647e-01 9.445676274940000283e-01
5.378898833340000074e-01 9.453067257949999691e-01
5.379058902279999499e-01 9.460458240950000430e-01
5.379132434519999784e-01 9.467849223950000059e-01
5.379265005429999524e-01 9.475240206949999688e-01
5.379374507730000365e-01 9.482631189950000428e-01
5.379384882219999664e-01 9.490022172950000057e-01
5.379962792700000440e-01 9.497413155949999686e-01
5.380269689500000174e-01 9.504804138950000425e-01
5.381086619830000028e-01 9.512195121950000054e-01
5.381553111269999912e-01 9.519586104949999683e-01
5.381743591840000285e-01 9.526977087950000422e-01
5.381817859780000379e-01 9.534368070950000051e-01
5.381881837949999969e-01 9.541759053949999680e-01
5.382143895900000086e-01 9.549150036950000420e-01
5.382212489730000549e-01 9.556541019959999828e-01
5.382347168079999467e-01 9.563932002959999457e-01
5.383157878500000049e-01 9.571322985960000196e-01
5.383375709109999852e-01 9.578713968959999825e-01
5.383550508669999735e-01 9.586104951959999454e-01
5.383731833089999697e-01 9.593495934960000193e-01
5.384672964840000464e-01 9.600886917959999822e-01
5.385178085220000410e-01 9.608277900959999451e-01
5.388839502329999531e-01 9.615668883960000191e-01
5.389075288979999767e-01 9.623059866959999820e-01
5.389084087419999669e-01 9.630450849959999449e-01
5.389439024419999669e-01 9.637841832960000188e-01
5.390187311240000057e-01 9.645232815959999817e-01
5.390776375720000013e-01 9.652623798970000335e-01
5.391696389050000260e-01 9.660014781969999964e-01
5.392597126079999859e-01 9.667405764969999593e-01
5.392649450869999583e-01 9.674796747970000332e-01
5.392862233870000521e-01 9.682187730969999961e-01
5.393850661879999731e-01 9.689578713969999590e-01
5.394123481639999662e-01 9.696969696970000330e-01
5.394611751910000086e-01 9.704360679969999959e-01
5.396010437589999764e-01 9.711751662969999588e-01
5.396577848760000240e-01 9.719142645970000327e-01
5.396755136840000189e-01 9.726533628969999956e-01
5.397775312429999861e-01 9.733924611969999585e-01
5.398979435590000042e-01 9.741315594970000324e-01
5.399275602449999933e-01 9.748706577969999953e-01
5.400108131709999704e-01 9.756097560980000472e-01
5.401523549650000255e-01 9.763488543980000101e-01
5.402721763319999759e-01 9.770879526979999730e-01
5.403325511419999616e-01 9.778270509980000469e-01
5.403797939540000428e-01 9.785661492980000098e-01
5.404292545059999897e-01 9.793052475979999727e-01
5.404355261990000381e-01 9.800443458980000466e-01
5.404646673830000303e-01 9.807834441980000095e-01
5.405073075420000484e-01 9.815225424979999724e-01
5.406007037369999768e-01 9.822616407980000464e-01
5.406171157979999808e-01 9.830007390980000093e-01
5.407426521739999714e-01 9.837398373979999722e-01
5.408556644049999917e-01 9.844789356980000461e-01
5.409300222949999792e-01 9.852180339989999869e-01
5.410625548209999636e-01 9.859571322989999498e-01
5.410681562369999975e-01 9.866962305990000237e-01
5.412915545850000010e-01 9.874353288989999866e-01
5.413844287789999488e-01 9.881744271989999495e-01
5.414645606919999965e-01 9.889135254990000234e-01
5.415761678539999791e-01 9.896526237989999863e-01
5.416145414020000493e-01 9.903917220989999493e-01
5.417531631349999932e-01 9.911308203990000232e-01
5.417731123090000489e-01 9.918699186989999861e-01
5.419110276330000309e-01 9.926090169989999490e-01
5.420102994900000137e-01 9.933481152990000229e-01
5.427205033219999475e-01 9.940872135989999858e-01
5.427466258919999564e-01 9.948263118989999487e-01
5.430073528719999709e-01 9.955654102000000005e-01
5.430709989080000355e-01 9.963045084999999634e-01
5.431808188260000003e-01 9.970436068000000374e-01
5.440425956729999513e-01 9.977827051000000003e-01
5.452371038000000114e-01 9.985218033999999632e-01
5.458164990539999817e-01 9.992609017000000371e-01
