# Heisenberg model
# L=16, J=1, W=1.0
# CDF of level statistics r_S
# r_S CDF
5.123121189379999940e-01 0.000000000000000000e+00
5.137099065039999468e-01 8.833922259999999523e-04
5.157583934649999646e-01 1.766784451999999905e-03
5.161537367940000065e-01 2.650176678000000074e-03
5.170087086889999517e-01 3.533568904999999805e-03
5.170757232560000416e-01 4.416961131000000408e-03
5.172124607179999778e-01 5.300353356999999710e-03
5.176493289929999797e-01 6.183745582999999879e-03
5.176912974880000240e-01 7.067137809000000048e-03
5.182539376200000492e-01 7.950530035000000217e-03
5.182582123029999543e-01 8.833922261000000387e-03
5.186178469129999469e-01 9.717314487999999251e-03
5.187859888700000477e-01 1.060070671399999942e-02
5.188551270069999832e-01 1.148409893999999959e-02
5.196390490550000241e-01 1.236749116599999976e-02
5.197989116350000272e-01 1.325088339199999993e-02
5.202861793349999875e-01 1.413427561800000010e-02
5.205024665149999841e-01 1.501766784500000070e-02
5.206563182150000246e-01 1.590106007099999913e-02
5.207174457709999871e-01 1.678445229699999930e-02
5.207422339160000524e-01 1.766784452299999947e-02
5.207914025169999572e-01 1.855123674899999964e-02
5.208318381309999801e-01 1.943462897499999981e-02
5.208450304649999696e-01 2.031802120099999998e-02
5.209110607260000192e-01 2.120141342799999884e-02
5.209897048510000461e-01 2.208480565399999901e-02
5.212020393059999535e-01 2.296819787999999918e-02
5.213193060890000119e-01 2.385159010599999935e-02
5.213331815459999463e-01 2.473498233199999952e-02
5.215230188210000506e-01 2.561837455799999969e-02
5.215456331340000418e-01 2.650176678399999985e-02
5.217024218960000237e-01 2.738515901099999872e-02
5.217363770599999784e-01 2.826855123699999889e-02
5.218367452390000327e-01 2.915194346299999906e-02
5.219373080960000300e-01 3.003533568899999923e-02
5.219480587389999648e-01 3.091872791499999940e-02
5.220356306340000474e-01 3.180212014099999956e-02
5.220429504210000182e-01 3.268551236699999973e-02
5.220511269609999783e-01 3.356890459399999860e-02
5.221619727930000288e-01 3.445229681999999877e-02
5.221921625659999844e-01 3.533568904599999894e-02
5.222237455939999773e-01 3.621908127199999911e-02
5.223021492410000466e-01 3.710247349799999927e-02
5.223754668660000045e-01 3.798586572399999944e-02
5.223975848209999606e-01 3.886925795099999831e-02
5.224719640930000075e-01 3.975265017699999848e-02
5.226205064610000006e-01 4.063604240299999865e-02
5.226254741279999783e-01 4.151943462899999882e-02
5.226652607799999739e-01 4.240282685499999898e-02
5.226815256810000143e-01 4.328621908099999915e-02
5.227837834680000295e-01 4.416961130699999932e-02
5.227953570169999731e-01 4.505300353399999819e-02
5.228060652629999971e-01 4.593639575999999836e-02
5.228343517519999928e-01 4.681978798599999853e-02
5.229160724750000488e-01 4.770318021199999869e-02
5.229276387389999448e-01 4.858657243799999886e-02
5.229649245170000516e-01 4.946996466399999903e-02
5.229763795220000455e-01 5.035335688999999920e-02
5.229861433379999758e-01 5.123674911699999807e-02
5.230069403239999692e-01 5.212014134299999824e-02
5.230109163880000134e-01 5.300353356899999840e-02
5.230310701699999454e-01 5.388692579499999857e-02
5.230339639319999678e-01 5.477031802099999874e-02
5.230835219539999859e-01 5.565371024699999891e-02
5.231124218010000382e-01 5.653710247299999908e-02
5.231167562030000218e-01 5.742049469999999795e-02
5.231366166880000446e-01 5.830388692599999811e-02
5.231382465030000040e-01 5.918727915199999828e-02
5.232404225219999816e-01 6.007067137799999845e-02
5.232613813869999575e-01 6.095406360399999862e-02
5.232779840619999900e-01 6.183745582999999879e-02
5.233395023179999717e-01 6.272084805699999766e-02
5.233456043299999916e-01 6.360424028300000476e-02
5.233624388900000035e-01 6.448763250899999799e-02
5.234580772710000218e-01 6.537102473500000510e-02
5.235337970210000025e-01 6.625441696099999833e-02
5.235341510859999881e-01 6.713780918700000544e-02
5.235610115119999630e-01 6.802120141299999867e-02
5.236030705090000126e-01 6.890459363999999753e-02
5.237029412739999668e-01 6.978798586600000464e-02
5.237693105139999972e-01 7.067137809199999787e-02
5.238782263419999863e-01 7.155477031800000498e-02
5.238931670049999934e-01 7.243816254399999821e-02
5.238984856989999939e-01 7.332155477000000532e-02
5.239057794439999638e-01 7.420494699599999855e-02
5.239872784700000397e-01 7.508833922299999741e-02
5.240367481730000554e-01 7.597173144900000452e-02
5.240459787560000082e-01 7.685512367499999775e-02
5.241784518269999582e-01 7.773851590100000486e-02
5.242243267039999877e-01 7.862190812699999809e-02
5.242453804190000399e-01 7.950530035300000520e-02
5.242515847780000460e-01 8.038869258000000406e-02
5.242740289959999522e-01 8.127208480599999729e-02
5.243378982099999863e-01 8.215547703200000440e-02
5.243391004459999616e-01 8.303886925799999763e-02
5.243399595359999887e-01 8.392226148400000474e-02
5.243600021240000242e-01 8.480565370999999797e-02
5.243713985660000132e-01 8.568904593600000508e-02
5.243749655670000287e-01 8.657243816300000394e-02
5.244060268110000145e-01 8.745583038899999717e-02
5.244153783589999840e-01 8.833922261500000428e-02
5.244281986480000546e-01 8.922261484099999751e-02
5.244409895680000044e-01 9.010600706700000462e-02
5.244496877680000502e-01 9.098939929299999785e-02
5.244501652390000102e-01 9.187279151900000496e-02
5.244895347439999522e-01 9.275618374600000382e-02
5.245075237640000054e-01 9.363957597199999705e-02
5.245350261500000277e-01 9.452296819800000416e-02
5.246054150690000473e-01 9.540636042399999739e-02
5.246062357199999804e-01 9.628975265000000450e-02
5.246639984909999832e-01 9.717314487599999773e-02
5.247047119629999479e-01 9.805653710200000484e-02
5.247778425019999915e-01 9.893992932900000370e-02
5.247975975440000163e-01 9.982332155499999693e-02
5.248085166110000310e-01 1.007067137810000040e-01
5.248443811580000284e-01 1.015901060069999973e-01
5.248616065200000236e-01 1.024734982330000044e-01
5.248669348879999585e-01 1.033568904589999976e-01
5.248676114900000522e-01 1.042402826859999965e-01
5.248826761170000132e-01 1.051236749120000036e-01
5.249164218340000021e-01 1.060070671379999968e-01
5.249425626710000348e-01 1.068904593640000039e-01
5.249473153070000064e-01 1.077738515899999971e-01
5.250003899209999547e-01 1.086572438160000043e-01
5.250180193500000314e-01 1.095406360419999975e-01
5.250925332670000056e-01 1.104240282689999963e-01
5.251488988770000033e-01 1.113074204950000035e-01
5.251651637699999986e-01 1.121908127209999967e-01
5.251659477869999870e-01 1.130742049470000038e-01
5.251876148640000075e-01 1.139575971729999970e-01
5.252032611789999583e-01 1.148409893990000041e-01
5.252177674810000196e-01 1.157243816249999974e-01
5.253607778929999528e-01 1.166077738519999962e-01
5.254297525579999517e-01 1.174911660780000033e-01
5.254401176259999584e-01 1.183745583039999966e-01
5.254563347680000218e-01 1.192579505300000037e-01
5.254891123949999576e-01 1.201413427559999969e-01
5.254940885900000191e-01 1.210247349820000040e-01
5.254974641999999863e-01 1.219081272079999972e-01
5.255022082839999609e-01 1.227915194349999961e-01
5.255074757809999886e-01 1.236749116610000032e-01
5.255280342560000317e-01 1.245583038869999964e-01
5.255688362149999460e-01 1.254416961129999897e-01
5.255786212830000359e-01 1.263250883389999968e-01
5.255895653190000294e-01 1.272084805650000039e-01
5.256061316369999847e-01 1.280918727919999889e-01
5.256217585619999966e-01 1.289752650179999960e-01
5.256284856899999802e-01 1.298586572440000031e-01
5.256315601929999470e-01 1.307420494700000102e-01
5.256582250560000169e-01 1.316254416959999896e-01
5.256762203829999924e-01 1.325088339219999967e-01
5.257028730370000291e-01 1.333922261480000038e-01
5.257036898879999809e-01 1.342756183749999888e-01
5.257111191579999510e-01 1.351590106009999959e-01
5.257175921460000012e-01 1.360424028270000030e-01
5.257288190140000372e-01 1.369257950530000101e-01
5.257652440019999762e-01 1.378091872789999894e-01
5.257659053300000052e-01 1.386925795049999965e-01
5.258294817019999456e-01 1.395759717310000037e-01
5.258403491730000434e-01 1.404593639579999886e-01
5.258505509069999473e-01 1.413427561839999957e-01
5.258513404260000135e-01 1.422261484100000029e-01
5.258642163669999814e-01 1.431095406360000100e-01
5.258815859750000099e-01 1.439929328619999893e-01
5.258986908810000527e-01 1.448763250879999964e-01
5.259055029250000457e-01 1.457597173140000035e-01
5.259092514130000451e-01 1.466431095409999885e-01
5.259204431430000160e-01 1.475265017669999956e-01
5.259587041450000111e-01 1.484098939930000027e-01
5.259734789129999477e-01 1.492932862190000098e-01
5.259790069909999755e-01 1.501766784449999892e-01
5.259792742409999944e-01 1.510600706709999963e-01
5.259826682539999743e-01 1.519434628980000090e-01
5.259942176349999832e-01 1.528268551239999884e-01
5.260310491630000307e-01 1.537102473499999955e-01
5.260457229310000482e-01 1.545936395760000026e-01
5.260808350790000532e-01 1.554770318020000097e-01
5.260839187319999999e-01 1.563604240279999891e-01
5.260851967040000021e-01 1.572438162539999962e-01
5.260888254340000403e-01 1.581272084810000089e-01
5.261037274519999585e-01 1.590106007069999883e-01
5.261255010040000180e-01 1.598939929329999954e-01
5.261313585589999509e-01 1.607773851590000025e-01
5.261352986739999960e-01 1.616607773850000096e-01
5.261411930360000433e-01 1.625441696109999890e-01
5.261444372160000160e-01 1.634275618369999961e-01
5.261686270490000261e-01 1.643109540640000088e-01
5.261773721319999986e-01 1.651943462899999882e-01
5.261829314670000146e-01 1.660777385159999953e-01
5.262156773920000363e-01 1.669611307420000024e-01
5.262599806080000553e-01 1.678445229680000095e-01
5.262726134059999561e-01 1.687279151939999888e-01
5.262934524460000096e-01 1.696113074199999959e-01
5.263012421889999848e-01 1.704946996470000087e-01
5.263160138619999984e-01 1.713780918729999880e-01
5.263184834330000283e-01 1.722614840989999951e-01
5.263538945510000122e-01 1.731448763250000022e-01
5.263901871999999704e-01 1.740282685510000094e-01
5.264021016200000069e-01 1.749116607769999887e-01
5.264085792460000413e-01 1.757950530040000015e-01
5.264207401229999972e-01 1.766784452300000086e-01
5.264214240400000300e-01 1.775618374559999879e-01
5.264524259449999688e-01 1.784452296819999950e-01
5.264585212250000312e-01 1.793286219080000021e-01
5.265114706350000340e-01 1.802120141340000092e-01
5.265207928099999712e-01 1.810954063599999886e-01
5.265240801789999869e-01 1.819787985870000013e-01
5.265336644170000024e-01 1.828621908130000084e-01
5.265407460950000118e-01 1.837455830389999878e-01
5.265414636520000524e-01 1.846289752649999949e-01
5.265435354420000547e-01 1.855123674910000020e-01
5.265465970579999988e-01 1.863957597170000091e-01
5.265626224899999652e-01 1.872791519429999885e-01
5.265767327970000133e-01 1.881625441700000012e-01
5.265887624570000369e-01 1.890459363960000083e-01
5.266067500819999747e-01 1.899293286219999877e-01
5.266135459999999879e-01 1.908127208479999948e-01
5.266162566459999805e-01 1.916961130740000019e-01
5.266291826390000486e-01 1.925795053000000090e-01
5.266585722669999692e-01 1.934628975269999940e-01
5.266591266400000304e-01 1.943462897530000011e-01
5.266860400430000144e-01 1.952296819790000082e-01
5.266868815999999898e-01 1.961130742049999875e-01
5.266971625790000111e-01 1.969964664309999947e-01
5.267024900910000085e-01 1.978798586570000018e-01
5.267152995330000032e-01 1.987632508830000089e-01
5.267241399209999786e-01 1.996466431099999939e-01
5.267277156259999593e-01 2.005300353360000010e-01
5.267296721230000367e-01 2.014134275620000081e-01
5.267464583009999757e-01 2.022968197879999874e-01
5.267635234109999676e-01 2.031802120139999945e-01
5.267684343009999548e-01 2.040636042400000016e-01
5.267697117570000476e-01 2.049469964660000088e-01
5.267944186599999856e-01 2.058303886929999937e-01
5.268150637249999768e-01 2.067137809190000008e-01
5.268532714779999848e-01 2.075971731450000080e-01
5.269218471940000370e-01 2.084805653709999873e-01
5.269260485019999773e-01 2.093639575969999944e-01
5.269446741800000167e-01 2.102473498230000015e-01
5.269509787830000125e-01 2.111307420490000086e-01
5.270106063070000291e-01 2.120141342759999936e-01
5.270115356079999591e-01 2.128975265020000007e-01
5.270123345549999616e-01 2.137809187280000078e-01
5.270524150700000021e-01 2.146643109539999872e-01
5.270642996269999658e-01 2.155477031799999943e-01
5.270702248280000335e-01 2.164310954060000014e-01
5.270863205770000004e-01 2.173144876329999864e-01
5.270921012870000144e-01 2.181978798589999935e-01
5.271051730000000379e-01 2.190812720850000006e-01
5.271060420859999818e-01 2.199646643110000077e-01
5.271121441149999587e-01 2.208480565369999871e-01
5.271235601729999942e-01 2.217314487629999942e-01
5.271532858380000297e-01 2.226148409890000013e-01
5.271609307219999874e-01 2.234982332159999863e-01
5.271825868080000088e-01 2.243816254419999934e-01
5.271958587839999932e-01 2.252650176680000005e-01
5.272026726230000238e-01 2.261484098940000076e-01
5.272196775090000065e-01 2.270318021199999869e-01
5.272349741940000056e-01 2.279151943459999941e-01
5.272377658660000188e-01 2.287985865720000012e-01
5.272464081909999933e-01 2.296819787989999861e-01
5.272644524070000394e-01 2.305653710249999933e-01
5.272726334149999694e-01 2.314487632510000004e-01
5.272960342060000194e-01 2.323321554770000075e-01
5.272965251269999820e-01 2.332155477029999868e-01
5.273064919990000377e-01 2.340989399289999939e-01
5.273095677750000432e-01 2.349823321550000010e-01
5.273506840880000102e-01 2.358657243820000138e-01
5.273592205549999523e-01 2.367491166079999931e-01
5.273621006830000457e-01 2.376325088340000002e-01
5.273643072500000528e-01 2.385159010600000073e-01
5.273643229429999524e-01 2.393992932859999867e-01
5.273664788359999633e-01 2.402826855119999938e-01
5.273724818399999625e-01 2.411660777390000066e-01
5.273750342259999613e-01 2.420494699650000137e-01
5.273897129489999447e-01 2.429328621909999930e-01
5.273947261510000262e-01 2.438162544170000001e-01
5.273952622630000420e-01 2.446996466430000072e-01
5.273975026460000493e-01 2.455830388689999866e-01
5.274019274800000323e-01 2.464664310949999937e-01
5.274174860470000059e-01 2.473498233220000064e-01
5.274261648470000008e-01 2.482332155480000135e-01
5.274696613810000434e-01 2.491166077739999929e-01
5.274949069319999628e-01 2.500000000000000000e-01
5.275047274380000317e-01 2.508833922259999794e-01
5.275172090469999464e-01 2.517667844520000142e-01
5.275247267320000155e-01 2.526501766779999936e-01
5.275331310699999943e-01 2.535335689050000063e-01
5.275505864709999493e-01 2.544169611309999857e-01
5.275656157639999622e-01 2.553003533570000205e-01
5.275660113860000111e-01 2.561837455829999999e-01
5.276007780370000066e-01 2.570671378089999792e-01
5.276145339829999559e-01 2.579505300350000141e-01
5.276263202740000269e-01 2.588339222609999934e-01
5.276425751000000108e-01 2.597173144880000062e-01
5.276489136549999959e-01 2.606007067139999855e-01
5.276531638579999850e-01 2.614840989400000204e-01
5.276709075959999939e-01 2.623674911659999998e-01
5.276722187340000536e-01 2.632508833919999791e-01
5.276790588880000410e-01 2.641342756180000140e-01
5.276793160449999576e-01 2.650176678450000267e-01
5.276873991129999997e-01 2.659010600710000061e-01
5.276947479710000222e-01 2.667844522969999854e-01
5.277051058530000116e-01 2.676678445230000203e-01
5.277096844899999972e-01 2.685512367489999996e-01
5.277531303629999782e-01 2.694346289749999790e-01
5.277669320710000056e-01 2.703180212010000139e-01
5.277891140210000387e-01 2.712014134280000266e-01
5.277935507509999846e-01 2.720848056540000059e-01
5.278026503939999836e-01 2.729681978799999853e-01
5.278039912630000385e-01 2.738515901060000202e-01
5.278235812620000189e-01 2.747349823319999995e-01
5.278332991830000376e-01 2.756183745579999789e-01
5.278485893959999897e-01 2.765017667840000137e-01
5.278603012720000098e-01 2.773851590110000265e-01
5.278743705889999971e-01 2.782685512370000058e-01
5.278777541250000427e-01 2.791519434629999852e-01
5.278795533679999652e-01 2.800353356890000200e-01
5.278798054840000420e-01 2.809187279149999994e-01
5.278819252699999964e-01 2.818021201409999787e-01
5.278920294510000000e-01 2.826855123670000136e-01
5.278971756789999636e-01 2.835689045940000264e-01
5.279233978709999553e-01 2.844522968200000057e-01
5.279248151900000074e-01 2.853356890459999851e-01
5.279256471080000512e-01 2.862190812720000199e-01
5.279348045749999718e-01 2.871024734979999993e-01
5.279488779130000475e-01 2.879858657239999786e-01
5.279842018439999674e-01 2.888692579509999914e-01
5.279867684110000070e-01 2.897526501770000262e-01
5.279977596849999566e-01 2.906360424030000056e-01
5.280038129740000086e-01 2.915194346289999849e-01
5.280174581459999850e-01 2.924028268550000198e-01
5.280379176360000537e-01 2.932862190809999992e-01
5.280488451079999868e-01 2.941696113069999785e-01
5.280661675619999773e-01 2.950530035339999912e-01
5.280681284220000160e-01 2.959363957600000261e-01
5.280829911069999660e-01 2.968197879860000055e-01
5.280906600410000262e-01 2.977031802119999848e-01
5.280990335109999601e-01 2.985865724380000197e-01
5.280996539140000445e-01 2.994699646639999990e-01
5.281056610440000298e-01 3.003533568899999784e-01
5.281339245809999472e-01 3.012367491169999911e-01
5.281372654479999929e-01 3.021201413430000260e-01
5.281606184939999782e-01 3.030035335690000053e-01
5.281781203090000210e-01 3.038869257949999847e-01
5.281817446230000490e-01 3.047703180210000196e-01
5.281882549830000384e-01 3.056537102469999989e-01
5.281983512410000081e-01 3.065371024729999783e-01
5.282030165490000373e-01 3.074204946999999910e-01
5.282073988879999460e-01 3.083038869260000259e-01
5.282093674579999565e-01 3.091872791520000052e-01
5.282160952029999468e-01 3.100706713779999846e-01
5.282182596969999810e-01 3.109540636040000194e-01
5.282237484070000377e-01 3.118374558299999988e-01
5.282415478949999965e-01 3.127208480570000115e-01
5.282466485150000279e-01 3.136042402829999909e-01
5.282644906200000268e-01 3.144876325090000257e-01
5.282764282209999607e-01 3.153710247350000051e-01
5.283079968130000026e-01 3.162544169609999845e-01
5.283202335429999508e-01 3.171378091870000193e-01
5.283329342989999677e-01 3.180212014129999987e-01
5.283492821959999697e-01 3.189045936400000114e-01
5.283506512229999563e-01 3.197879858659999908e-01
5.283747999079999591e-01 3.206713780920000256e-01
5.283824934990000166e-01 3.215547703180000050e-01
5.283954253329999906e-01 3.224381625439999843e-01
5.284031234170000202e-01 3.233215547700000192e-01
5.284101402619999499e-01 3.242049469959999985e-01
5.284313131840000510e-01 3.250883392230000113e-01
5.284431609769999483e-01 3.259717314489999906e-01
5.284553929580000364e-01 3.268551236750000255e-01
5.284688266179999871e-01 3.277385159010000049e-01
5.284761736240000118e-01 3.286219081269999842e-01
5.284780927279999485e-01 3.295053003530000191e-01
5.284961913219999863e-01 3.303886925799999763e-01
5.285032132910000291e-01 3.312720848060000112e-01
5.285370718170000481e-01 3.321554770319999905e-01
5.285457733399999691e-01 3.330388692580000254e-01
5.285744447560000170e-01 3.339222614840000047e-01
5.285756261409999546e-01 3.348056537099999841e-01
5.285882383169999699e-01 3.356890459360000190e-01
5.286023102269999940e-01 3.365724381629999762e-01
5.286201311649999512e-01 3.374558303890000110e-01
5.286261253520000425e-01 3.383392226149999904e-01
5.286346449369999645e-01 3.392226148410000253e-01
5.286397708329999556e-01 3.401060070670000046e-01
5.286406674689999585e-01 3.409893992929999840e-01
5.286450689189999830e-01 3.418727915190000188e-01
5.286595891800000002e-01 3.427561837459999761e-01
5.286608165299999662e-01 3.436395759720000109e-01
5.286663589490000481e-01 3.445229681979999903e-01
5.286671327259999664e-01 3.454063604240000251e-01
5.286702866979999804e-01 3.462897526500000045e-01
5.286703475770000438e-01 3.471731448759999838e-01
5.286749095399999598e-01 3.480565371020000187e-01
5.286947425560000191e-01 3.489399293289999759e-01
5.287124114229999616e-01 3.498233215550000108e-01
5.287280696839999905e-01 3.507067137809999902e-01
5.287297428339999827e-01 3.515901060070000250e-01
5.287541020729999985e-01 3.524734982330000044e-01
5.287567230090000070e-01 3.533568904589999837e-01
5.287636807309999964e-01 3.542402826859999965e-01
5.287657967750000187e-01 3.551236749119999758e-01
5.287730260599999843e-01 3.560070671380000107e-01
5.287744752559999650e-01 3.568904593639999900e-01
5.287962296479999935e-01 3.577738515900000249e-01
5.288677200189999539e-01 3.586572438160000043e-01
5.288714671319999505e-01 3.595406360419999836e-01
5.288750845409999624e-01 3.604240282689999963e-01
5.288757897229999783e-01 3.613074204949999757e-01
5.288787778800000394e-01 3.621908127210000106e-01
5.289076109579999851e-01 3.630742049469999899e-01
5.289284192050000000e-01 3.639575971730000248e-01
5.289566087720000143e-01 3.648409893990000041e-01
5.289660019759999665e-01 3.657243816249999835e-01
5.289680994940000325e-01 3.666077738519999962e-01
5.290059035120000530e-01 3.674911660779999756e-01
5.290160703930000263e-01 3.683745583040000104e-01
5.290247631750000235e-01 3.692579505299999898e-01
5.290770984749999517e-01 3.701413427560000247e-01
5.291183088349999952e-01 3.710247349820000040e-01
5.291392785749999828e-01 3.719081272079999834e-01
5.291566529019999798e-01 3.727915194349999961e-01
5.291865989840000006e-01 3.736749116609999755e-01
5.292030548830000125e-01 3.745583038870000103e-01
5.292088115090000100e-01 3.754416961129999897e-01
5.292172208730000493e-01 3.763250883390000245e-01
5.292222347560000539e-01 3.772084805650000039e-01
5.292265593699999604e-01 3.780918727920000166e-01
5.292425143219999795e-01 3.789752650179999960e-01
5.292482382369999572e-01 3.798586572439999753e-01
5.292613480569999806e-01 3.807420494700000102e-01
5.292760514680000528e-01 3.816254416959999896e-01
5.292800365619999559e-01 3.825088339220000244e-01
5.292883875839999863e-01 3.833922261480000038e-01
5.293224515919999762e-01 3.842756183750000165e-01
5.293344922170000189e-01 3.851590106009999959e-01
5.293349300240000055e-01 3.860424028269999752e-01
5.293481417380000442e-01 3.869257950530000101e-01
5.293576051489999879e-01 3.878091872789999894e-01
5.293837919310000473e-01 3.886925795050000243e-01
5.293983822559999997e-01 3.895759717310000037e-01
5.294246485169999961e-01 3.904593639580000164e-01
5.294292935750000151e-01 3.913427561839999957e-01
5.294477776920000212e-01 3.922261484099999751e-01
5.294502627999999600e-01 3.931095406360000100e-01
5.294529068500000157e-01 3.939929328619999893e-01
5.294676966889999559e-01 3.948763250880000242e-01
5.294785210029999689e-01 3.957597173140000035e-01
5.294943165890000358e-01 3.966431095410000163e-01
5.294949235129999821e-01 3.975265017669999956e-01
5.295267318840000126e-01 3.984098939929999750e-01
5.295438081000000130e-01 3.992932862190000098e-01
5.295454107339999661e-01 4.001766784449999892e-01
5.295456052250000489e-01 4.010600706710000241e-01
5.295500901590000087e-01 4.019434628979999813e-01
5.295531154539999674e-01 4.028268551240000162e-01
5.295567961249999511e-01 4.037102473499999955e-01
5.295736959450000336e-01 4.045936395759999749e-01
5.295918585619999730e-01 4.054770318020000097e-01
5.295922776910000351e-01 4.063604240279999891e-01
5.295947627270000124e-01 4.072438162540000239e-01
5.296032027510000351e-01 4.081272084809999812e-01
5.296052960970000223e-01 4.090106007070000160e-01
5.296055722139999533e-01 4.098939929329999954e-01
5.296076993449999604e-01 4.107773851589999747e-01
5.296189341589999655e-01 4.116607773850000096e-01
5.296244667909999482e-01 4.125441696109999890e-01
5.296273631219999833e-01 4.134275618370000238e-01
5.296353504199999840e-01 4.143109540639999810e-01
5.296570024250000230e-01 4.151943462900000159e-01
5.296738244080000380e-01 4.160777385159999953e-01
5.296982480399999860e-01 4.169611307419999746e-01
5.297055171169999799e-01 4.178445229680000095e-01
5.297149405850000159e-01 4.187279151939999888e-01
5.297234164359999609e-01 4.196113074200000237e-01
5.297526423160000553e-01 4.204946996469999809e-01
5.297712162690000337e-01 4.213780918730000158e-01
5.297880273559999464e-01 4.222614840989999951e-01
5.297974834980000436e-01 4.231448763249999745e-01
5.298098137179999556e-01 4.240282685510000094e-01
5.298164621850000033e-01 4.249116607769999887e-01
5.298287741989999855e-01 4.257950530040000015e-01
5.298452103840000094e-01 4.266784452299999808e-01
5.298471621329999826e-01 4.275618374560000157e-01
5.298494989430000413e-01 4.284452296819999950e-01
5.298562803409999633e-01 4.293286219079999744e-01
5.298595489640000045e-01 4.302120141340000092e-01
5.298648838580000131e-01 4.310954063599999886e-01
5.298678576809999763e-01 4.319787985870000013e-01
5.298688753439999566e-01 4.328621908129999807e-01
5.298835498830000157e-01 4.337455830390000155e-01
5.298869972259999672e-01 4.346289752649999949e-01
5.298897063530000340e-01 4.355123674909999743e-01
5.298902694420000170e-01 4.363957597170000091e-01
5.299055343970000553e-01 4.372791519429999885e-01
5.299125390819999781e-01 4.381625441700000012e-01
5.299138689910000144e-01 4.390459363959999806e-01
5.299144890929999852e-01 4.399293286220000154e-01
5.299165550059999896e-01 4.408127208479999948e-01
5.299177418320000221e-01 4.416961130739999741e-01
5.299201216690000438e-01 4.425795053000000090e-01
5.299225463369999778e-01 4.434628975270000217e-01
5.299515494569999596e-01 4.443462897530000011e-01
5.299586998299999907e-01 4.452296819789999804e-01
5.299600040490000108e-01 4.461130742050000153e-01
5.299700056060000497e-01 4.469964664309999947e-01
5.299722164810000136e-01 4.478798586569999740e-01
5.299760402569999584e-01 4.487632508830000089e-01
5.299927152929999608e-01 4.496466431100000216e-01
5.299962912619999855e-01 4.505300353360000010e-01
5.300181166880000294e-01 4.514134275619999803e-01
5.300212817930000098e-01 4.522968197880000152e-01
5.300229530569999792e-01 4.531802120139999945e-01
5.300248942180000311e-01 4.540636042399999739e-01
5.300366539349999906e-01 4.549469964660000088e-01
5.300391372880000063e-01 4.558303886930000215e-01
5.300446672220000544e-01 4.567137809190000008e-01
5.300471511909999878e-01 4.575971731449999802e-01
5.300493499739999947e-01 4.584805653710000151e-01
5.300748929309999635e-01 4.593639575969999944e-01
5.300800844390000099e-01 4.602473498229999738e-01
5.301031767910000525e-01 4.611307420490000086e-01
5.301076252230000341e-01 4.620141342760000214e-01
5.301100343300000350e-01 4.628975265020000007e-01
5.301118647489999613e-01 4.637809187279999801e-01
5.301229788250000352e-01 4.646643109540000149e-01
5.301277475410000051e-01 4.655477031799999943e-01
5.301401225980000298e-01 4.664310954059999736e-01
5.301418774489999874e-01 4.673144876329999864e-01
5.301439068169999658e-01 4.681978798590000213e-01
5.301490678860000250e-01 4.690812720850000006e-01
5.301498093390000221e-01 4.699646643109999800e-01
5.301504841140000091e-01 4.708480565370000148e-01
5.301770852970000281e-01 4.717314487629999942e-01
5.301830283449999737e-01 4.726148409889999735e-01
5.301903714079999608e-01 4.734982332159999863e-01
5.301911596630000112e-01 4.743816254420000211e-01
5.302146107999999858e-01 4.752650176680000005e-01
5.302463273690000145e-01 4.761484098939999798e-01
5.302563258839999571e-01 4.770318021200000147e-01
5.302574092909999592e-01 4.779151943459999941e-01
5.302586147940000494e-01 4.787985865719999734e-01
5.302619592199999676e-01 4.796819787989999861e-01
5.302693838040000163e-01 4.805653710250000210e-01
5.302749307030000248e-01 4.814487632510000004e-01
5.302821391740000223e-01 4.823321554769999797e-01
5.302935483840000019e-01 4.832155477030000146e-01
5.303049106170000249e-01 4.840989399289999939e-01
5.303209452820000225e-01 4.849823321549999733e-01
5.303283392159999776e-01 4.858657243819999860e-01
5.303401118089999811e-01 4.867491166080000209e-01
5.303497501410000536e-01 4.876325088340000002e-01
5.303652478999999476e-01 4.885159010599999796e-01
5.303823357079999745e-01 4.893992932860000145e-01
5.303896110979999801e-01 4.902826855119999938e-01
5.303952611090000380e-01 4.911660777390000066e-01
5.304041079060000108e-01 4.920494699649999859e-01
5.304057815930000030e-01 4.929328621910000208e-01
5.304170116099999888e-01 4.938162544170000001e-01
5.304379946380000099e-01 4.946996466429999795e-01
5.304435878119999614e-01 4.955830388690000143e-01
5.304656091439999832e-01 4.964664310949999937e-01
5.304675398589999702e-01 4.973498233220000064e-01
5.304790438459999757e-01 4.982332155479999858e-01
5.304809193430000125e-01 4.991166077740000206e-01
5.304835825070000066e-01 5.000000000000000000e-01
5.305000689279999460e-01 5.008833922259999794e-01
5.305064736519999880e-01 5.017667844519999587e-01
5.305272893389999522e-01 5.026501766780000491e-01
5.305341805059999860e-01 5.035335689050000063e-01
5.305485982740000273e-01 5.044169611309999857e-01
5.305503014460000166e-01 5.053003533569999650e-01
5.305560821039999597e-01 5.061837455830000554e-01
5.305641899049999832e-01 5.070671378090000347e-01
5.305678154259999557e-01 5.079505300350000141e-01
5.305862761139999995e-01 5.088339222609999934e-01
5.306088062579999987e-01 5.097173144879999507e-01
5.306108222869999613e-01 5.106007067140000411e-01
5.306152871829999951e-01 5.114840989400000204e-01
5.306169175149999528e-01 5.123674911659999998e-01
5.306372536129999595e-01 5.132508833919999791e-01
5.306740918690000530e-01 5.141342756179999585e-01
5.306769466720000494e-01 5.150176678450000267e-01
5.306796579120000024e-01 5.159010600710000061e-01
5.306969784989999939e-01 5.167844522969999854e-01
5.307185561480000091e-01 5.176678445229999648e-01
5.307539569460000273e-01 5.185512367490000551e-01
5.307600800939999974e-01 5.194346289750000345e-01
5.307610081850000494e-01 5.203180212010000139e-01
5.307631838599999874e-01 5.212014134279999711e-01
5.307680169530000214e-01 5.220848056539999504e-01
5.307739554649999469e-01 5.229681978800000408e-01
5.307844205339999899e-01 5.238515901060000202e-01
5.308061306200000384e-01 5.247349823319999995e-01
5.308103909850000468e-01 5.256183745579999789e-01
5.308117346099999745e-01 5.265017667839999582e-01
5.308122221769999705e-01 5.273851590110000265e-01
5.308603116769999852e-01 5.282685512370000058e-01
5.308688263930000373e-01 5.291519434629999852e-01
5.308690436490000053e-01 5.300353356889999645e-01
5.309013166970000253e-01 5.309187279150000549e-01
5.309057637199999791e-01 5.318021201410000343e-01
5.309132489390000487e-01 5.326855123670000136e-01
5.309154394920000408e-01 5.335689045939999708e-01
5.309186433529999860e-01 5.344522968199999502e-01
5.309491112119999467e-01 5.353356890460000406e-01
5.309529046319999557e-01 5.362190812720000199e-01
5.309741490870000247e-01 5.371024734979999993e-01
5.309776591649999489e-01 5.379858657239999786e-01
5.309840367879999912e-01 5.388692579510000469e-01
5.310004155449999930e-01 5.397526501770000262e-01
5.310043018510000046e-01 5.406360424030000056e-01
5.310103707859999966e-01 5.415194346289999849e-01
5.310349569000000214e-01 5.424028268549999643e-01
5.310826824959999914e-01 5.432862190810000547e-01
5.310839121760000392e-01 5.441696113070000340e-01
5.311122150370000128e-01 5.450530035339999912e-01
5.311153432770000515e-01 5.459363957599999706e-01
5.311238057049999517e-01 5.468197879859999500e-01
5.311312208249999722e-01 5.477031802120000403e-01
5.311475170049999583e-01 5.485865724380000197e-01
5.311494467959999577e-01 5.494699646639999990e-01
5.311561982339999544e-01 5.503533568899999784e-01
5.311750811900000091e-01 5.512367491170000466e-01
5.311763359369999771e-01 5.521201413430000260e-01
5.311876642530000137e-01 5.530035335690000053e-01
5.311978844539999578e-01 5.538869257949999847e-01
5.312025855709999744e-01 5.547703180209999640e-01
5.312190471259999880e-01 5.556537102470000544e-01
5.312249529300000495e-01 5.565371024740000117e-01
5.312423874020000270e-01 5.574204946999999910e-01
5.312537292290000490e-01 5.583038869259999704e-01
5.312573496970000031e-01 5.591872791519999497e-01
5.312594621489999946e-01 5.600706713780000401e-01
5.312856874970000032e-01 5.609540636040000194e-01
5.312890843290000165e-01 5.618374558299999988e-01
5.312929619890000010e-01 5.627208480569999560e-01
5.313024791849999540e-01 5.636042402830000464e-01
5.313189307160000041e-01 5.644876325090000257e-01
5.313352786049999610e-01 5.653710247350000051e-01
5.313602891030000386e-01 5.662544169609999845e-01
5.313614723739999990e-01 5.671378091869999638e-01
5.313618514600000342e-01 5.680212014130000542e-01
5.313698030479999668e-01 5.689045936400000114e-01
5.313788840319999540e-01 5.697879858659999908e-01
5.313925564189999617e-01 5.706713780919999701e-01
5.313969002530000152e-01 5.715547703179999495e-01
5.313990363920000348e-01 5.724381625440000398e-01
5.314023613780000099e-01 5.733215547700000192e-01
5.314051025949999563e-01 5.742049469959999985e-01
5.314505523139999577e-01 5.750883392229999558e-01
5.314553090820000048e-01 5.759717314490000462e-01
5.314647824489999728e-01 5.768551236750000255e-01
5.314765569239999765e-01 5.777385159010000049e-01
5.314811633810000435e-01 5.786219081269999842e-01
5.314842221759999985e-01 5.795053003529999636e-01
5.314920111209999742e-01 5.803886925800000318e-01
5.315646233499999873e-01 5.812720848060000112e-01
5.316019082780000238e-01 5.821554770319999905e-01
5.316090945539999613e-01 5.830388692579999699e-01
5.316258431270000084e-01 5.839222614839999492e-01
5.316282511069999606e-01 5.848056537100000396e-01
5.316298252629999554e-01 5.856890459360000190e-01
5.316345063259999559e-01 5.865724381629999762e-01
5.316383908870000452e-01 5.874558303889999555e-01
5.316405248140000372e-01 5.883392226150000459e-01
5.317084830989999844e-01 5.892226148410000253e-01
5.317121563519999761e-01 5.901060070670000046e-01
5.317135225629999740e-01 5.909893992929999840e-01
5.317153016690000511e-01 5.918727915189999633e-01
5.317307385959999522e-01 5.927561837460000316e-01
5.317309016210000072e-01 5.936395759720000109e-01
5.317370455200000068e-01 5.945229681979999903e-01
5.317373130010000226e-01 5.954063604239999696e-01
5.317425864400000535e-01 5.962897526499999490e-01
5.317460240260000193e-01 5.971731448760000394e-01
5.317480542160000212e-01 5.980565371020000187e-01
5.317589249869999479e-01 5.989399293289999759e-01
5.317622468239999733e-01 5.998233215549999553e-01
5.317671753889999797e-01 6.007067137810000457e-01
5.317729646769999707e-01 6.015901060070000250e-01
5.317805469730000345e-01 6.024734982330000044e-01
5.317923616280000321e-01 6.033568904589999837e-01
5.318138698130000508e-01 6.042402826860000520e-01
5.318157037180000213e-01 6.051236749120000313e-01
5.318400381429999602e-01 6.060070671380000107e-01
5.318667870469999670e-01 6.068904593639999900e-01
5.318691881199999472e-01 6.077738515899999694e-01
5.318705650199999635e-01 6.086572438159999487e-01
5.318744617870000413e-01 6.095406360420000391e-01
5.318755310260000480e-01 6.104240282689999963e-01
5.318849110990000462e-01 6.113074204949999757e-01
5.318999438779999922e-01 6.121908127209999551e-01
5.319016980099999792e-01 6.130742049470000454e-01
5.319053785470000406e-01 6.139575971730000248e-01
5.319150716080000008e-01 6.148409893990000041e-01
5.319164579799999792e-01 6.157243816249999835e-01
5.319203717470000203e-01 6.166077738520000517e-01
5.319261594490000133e-01 6.174911660780000311e-01
5.319443596370000416e-01 6.183745583040000104e-01
5.319462493829999472e-01 6.192579505299999898e-01
5.319545993950000051e-01 6.201413427559999691e-01
5.319692894609999723e-01 6.210247349819999485e-01
5.319959703080000546e-01 6.219081272080000389e-01
5.319991849259999572e-01 6.227915194349999961e-01
5.320014054470000309e-01 6.236749116609999755e-01
5.320093247480000009e-01 6.245583038869999548e-01
5.320245317130000151e-01 6.254416961130000452e-01
5.320754889690000322e-01 6.263250883390000245e-01
5.320940268439999787e-01 6.272084805650000039e-01
5.321036800830000191e-01 6.280918727919999611e-01
5.321230067500000160e-01 6.289752650180000515e-01
5.321678223529999752e-01 6.298586572440000309e-01
5.321689283189999786e-01 6.307420494700000102e-01
5.321913989400000045e-01 6.316254416959999896e-01
5.322204129740000234e-01 6.325088339219999689e-01
5.322205010249999590e-01 6.333922261479999483e-01
5.322231572190000426e-01 6.342756183750000165e-01
5.322667113969999919e-01 6.351590106009999959e-01
5.322771680910000081e-01 6.360424028269999752e-01
5.323016434649999740e-01 6.369257950529999546e-01
5.323079983170000418e-01 6.378091872790000449e-01
5.323139060310000392e-01 6.386925795050000243e-01
5.323295331089999971e-01 6.395759717310000037e-01
5.323352855599999822e-01 6.404593639579999609e-01
5.323433000939999937e-01 6.413427561840000513e-01
5.323483264689999883e-01 6.422261484100000306e-01
5.323507235029999451e-01 6.431095406360000100e-01
5.323597333759999550e-01 6.439929328619999893e-01
5.323655083080000017e-01 6.448763250879999687e-01
5.323898993579999628e-01 6.457597173139999480e-01
5.323943278789999844e-01 6.466431095410000163e-01
5.324474242969999827e-01 6.475265017669999956e-01
5.324477804660000535e-01 6.484098939929999750e-01
5.324676295710000229e-01 6.492932862189999543e-01
5.324763808579999758e-01 6.501766784450000447e-01
5.324836605820000290e-01 6.510600706710000241e-01
5.324850187049999795e-01 6.519434628979999813e-01
5.324937026210000424e-01 6.528268551239999606e-01
5.324941699370000503e-01 6.537102473500000510e-01
5.325162284490000397e-01 6.545936395760000304e-01
5.325228114109999966e-01 6.554770318020000097e-01
5.325356080819999560e-01 6.563604240279999891e-01
5.325371743860000118e-01 6.572438162539999684e-01
5.325383193110000413e-01 6.581272084810000367e-01
5.325418934650000269e-01 6.590106007070000160e-01
5.325835997800000277e-01 6.598939929329999954e-01
5.325981598429999631e-01 6.607773851589999747e-01
5.326064258760000447e-01 6.616607773849999541e-01
5.326178524439999507e-01 6.625441696110000445e-01
5.326364648119999989e-01 6.634275618370000238e-01
5.326546830699999679e-01 6.643109540639999810e-01
5.326737676749999650e-01 6.651943462899999604e-01
5.326739541120000254e-01 6.660777385160000508e-01
5.326880121289999659e-01 6.669611307420000301e-01
5.326907527559999744e-01 6.678445229680000095e-01
5.326984392119999967e-01 6.687279151939999888e-01
5.327025551709999585e-01 6.696113074199999682e-01
5.327099336689999909e-01 6.704946996470000364e-01
5.327165894240000199e-01 6.713780918730000158e-01
5.327181193279999505e-01 6.722614840989999951e-01
5.327214164500000404e-01 6.731448763249999745e-01
5.327407100130000517e-01 6.740282685509999538e-01
5.327809445929999610e-01 6.749116607770000442e-01
5.327854857020000168e-01 6.757950530040000015e-01
5.327872439430000329e-01 6.766784452299999808e-01
5.327891609089999703e-01 6.775618374559999602e-01
5.327915827229999790e-01 6.784452296820000505e-01
5.328098796689999528e-01 6.793286219080000299e-01
5.328268544009999719e-01 6.802120141340000092e-01
5.328275603340000277e-01 6.810954063599999886e-01
5.328312187360000340e-01 6.819787985869999458e-01
5.328375997040000200e-01 6.828621908130000362e-01
5.328432738070000285e-01 6.837455830390000155e-01
5.328455151159999792e-01 6.846289752649999949e-01
5.328560806340000289e-01 6.855123674909999743e-01
5.328826647869999711e-01 6.863957597169999536e-01
5.328856573689999543e-01 6.872791519430000440e-01
5.328940493229999964e-01 6.881625441700000012e-01
5.328968478059999958e-01 6.890459363959999806e-01
5.329072772130000191e-01 6.899293286219999599e-01
5.329208019429999554e-01 6.908127208480000503e-01
5.329273360909999591e-01 6.916961130740000296e-01
5.329378126670000215e-01 6.925795053000000090e-01
5.329418815090000150e-01 6.934628975269999662e-01
5.329507959200000533e-01 6.943462897529999456e-01
5.329530147879999458e-01 6.952296819790000360e-01
5.329615792499999838e-01 6.961130742050000153e-01
5.329701290099999600e-01 6.969964664309999947e-01
5.329713929599999567e-01 6.978798586569999740e-01
5.329998688120000105e-01 6.987632508829999534e-01
5.330071548860000341e-01 6.996466431100000216e-01
5.330285035280000194e-01 7.005300353360000010e-01
5.330331623520000450e-01 7.014134275619999803e-01
5.330488766869999617e-01 7.022968197879999597e-01
5.330543946379999731e-01 7.031802120140000500e-01
5.330783768210000106e-01 7.040636042400000294e-01
5.330845691679999554e-01 7.049469964660000088e-01
5.330976370669999742e-01 7.058303886929999660e-01
5.330991309829999913e-01 7.067137809189999453e-01
5.331238904270000356e-01 7.075971731450000357e-01
5.331508544280000317e-01 7.084805653710000151e-01
5.331852327999999641e-01 7.093639575969999944e-01
5.331866813260000004e-01 7.102473498229999738e-01
5.331907949869999497e-01 7.111307420489999531e-01
5.332108178909999996e-01 7.120141342760000214e-01
5.332506152370000141e-01 7.128975265020000007e-01
5.332611752270000061e-01 7.137809187279999801e-01
5.333225277340000181e-01 7.146643109539999594e-01
5.333395360249999495e-01 7.155477031800000498e-01
5.333844660109999802e-01 7.164310954060000292e-01
5.334180639340000418e-01 7.173144876329999864e-01
5.334427863940000014e-01 7.181978798589999657e-01
5.334454274909999905e-01 7.190812720849999451e-01
5.334614576039999889e-01 7.199646643110000355e-01
5.334652693070000007e-01 7.208480565370000148e-01
5.334664061439999827e-01 7.217314487629999942e-01
5.334667622500000039e-01 7.226148409889999735e-01
5.334751500479999464e-01 7.234982332160000418e-01
5.334808471109999672e-01 7.243816254420000211e-01
5.334838488559999758e-01 7.252650176680000005e-01
5.335126012409999730e-01 7.261484098939999798e-01
5.335130681030000321e-01 7.270318021199999592e-01
5.335203026310000318e-01 7.279151943460000496e-01
5.335274711020000504e-01 7.287985865720000289e-01
5.335303743549999478e-01 7.296819787989999861e-01
5.335334701010000513e-01 7.305653710249999655e-01
5.335508118459999505e-01 7.314487632509999449e-01
5.335646476109999758e-01 7.323321554770000352e-01
5.335647964320000547e-01 7.332155477030000146e-01
5.335794528670000370e-01 7.340989399289999939e-01
5.336265111150000351e-01 7.349823321549999733e-01
5.336349954289999475e-01 7.358657243820000415e-01
5.336453522620000500e-01 7.367491166080000209e-01
5.336585459489999739e-01 7.376325088340000002e-01
5.336599052260000420e-01 7.385159010599999796e-01
5.336636794419999941e-01 7.393992932859999589e-01
5.336662329050000375e-01 7.402826855120000493e-01
5.336718319000000044e-01 7.411660777390000066e-01
5.336850015440000039e-01 7.420494699649999859e-01
5.337254551929999646e-01 7.429328621909999653e-01
5.337356978039999866e-01 7.438162544169999446e-01
5.337361411550000101e-01 7.446996466430000350e-01
5.337420830150000350e-01 7.455830388690000143e-01
5.337572776950000319e-01 7.464664310949999937e-01
5.337788227009999664e-01 7.473498233219999509e-01
5.337817908980000414e-01 7.482332155480000413e-01
5.337930383769999843e-01 7.491166077740000206e-01
5.337939330569999585e-01 7.500000000000000000e-01
5.337958180420000476e-01 7.508833922259999794e-01
5.338001013600000011e-01 7.517667844519999587e-01
5.338097610859999786e-01 7.526501766780000491e-01
5.338239028210000070e-01 7.535335689050000063e-01
5.338410761449999820e-01 7.544169611309999857e-01
5.338515688960000505e-01 7.553003533569999650e-01
5.338518393100000203e-01 7.561837455830000554e-01
5.338598234489999594e-01 7.570671378090000347e-01
5.338954548950000101e-01 7.579505300350000141e-01
5.339029643460000418e-01 7.588339222609999934e-01
5.339086273790000226e-01 7.597173144879999507e-01
5.339091065979999495e-01 7.606007067140000411e-01
5.339226413219999579e-01 7.614840989400000204e-01
5.339263677540000419e-01 7.623674911659999998e-01
5.339391823429999739e-01 7.632508833919999791e-01
5.339475068610000097e-01 7.641342756179999585e-01
5.339571635959999840e-01 7.650176678450000267e-01
5.339655735520000279e-01 7.659010600710000061e-01
5.339700881409999988e-01 7.667844522969999854e-01
5.340018979820000400e-01 7.676678445229999648e-01
5.340123536409999705e-01 7.685512367490000551e-01
5.340278582769999449e-01 7.694346289750000345e-01
5.340349845799999828e-01 7.703180212010000139e-01
5.340370498180000425e-01 7.712014134279999711e-01
5.340394314840000156e-01 7.720848056539999504e-01
5.340440296990000002e-01 7.729681978800000408e-01
5.340617870299999570e-01 7.738515901060000202e-01
5.341015587190000025e-01 7.747349823319999995e-01
5.341075925670000224e-01 7.756183745579999789e-01
5.341149682979999813e-01 7.765017667839999582e-01
5.341160704399999792e-01 7.773851590110000265e-01
5.341338197060000459e-01 7.782685512370000058e-01
5.341361516749999483e-01 7.791519434629999852e-01
5.341483004820000158e-01 7.800353356889999645e-01
5.341642634200000073e-01 7.809187279150000549e-01
5.341754589189999791e-01 7.818021201410000343e-01
5.342000460629999781e-01 7.826855123670000136e-01
5.342441613939999945e-01 7.835689045939999708e-01
5.342452502969999850e-01 7.844522968199999502e-01
5.342537212339999453e-01 7.853356890460000406e-01
5.342546443369999842e-01 7.862190812720000199e-01
5.342793522700000075e-01 7.871024734979999993e-01
5.342851650300000088e-01 7.879858657239999786e-01
5.343238620410000195e-01 7.888692579510000469e-01
5.343308520880000190e-01 7.897526501770000262e-01
5.343406771459999760e-01 7.906360424030000056e-01
5.343484839469999637e-01 7.915194346289999849e-01
5.343500041440000237e-01 7.924028268549999643e-01
5.343549999719999777e-01 7.932862190810000547e-01
5.343599458779999534e-01 7.941696113070000340e-01
5.343626684840000474e-01 7.950530035339999912e-01
5.343628335019999787e-01 7.959363957599999706e-01
5.343707015899999968e-01 7.968197879859999500e-01
5.343840761229999847e-01 7.977031802120000403e-01
5.344022243329999977e-01 7.985865724380000197e-01
5.344431216520000305e-01 7.994699646639999990e-01
5.344495850120000169e-01 8.003533568899999784e-01
5.344554557709999543e-01 8.012367491170000466e-01
5.345295044119999783e-01 8.021201413430000260e-01
5.345509898570000029e-01 8.030035335690000053e-01
5.345555287740000328e-01 8.038869257949999847e-01
5.345761234260000272e-01 8.047703180209999640e-01
5.345769906139999916e-01 8.056537102470000544e-01
5.345931066069999904e-01 8.065371024740000117e-01
5.346269906799999694e-01 8.074204946999999910e-01
5.346677547570000133e-01 8.083038869259999704e-01
5.347227316799999519e-01 8.091872791519999497e-01
5.347411725270000415e-01 8.100706713780000401e-01
5.347771941179999544e-01 8.109540636040000194e-01
5.347809253980000399e-01 8.118374558299999988e-01
5.348071481759999468e-01 8.127208480569999560e-01
5.348298119469999667e-01 8.136042402830000464e-01
5.348445054110000374e-01 8.144876325090000257e-01
5.348586219430000455e-01 8.153710247350000051e-01
5.348881682089999812e-01 8.162544169609999845e-01
5.349204081530000154e-01 8.171378091869999638e-01
5.350081823650000290e-01 8.180212014130000542e-01
5.350316643139999551e-01 8.189045936400000114e-01
5.350338112320000006e-01 8.197879858659999908e-01
5.350363064030000393e-01 8.206713780919999701e-01
5.350626809959999619e-01 8.215547703179999495e-01
5.351165644249999964e-01 8.224381625440000398e-01
5.351185042410000481e-01 8.233215547700000192e-01
5.351249600749999891e-01 8.242049469959999985e-01
5.351271757709999966e-01 8.250883392229999558e-01
5.351287258610000208e-01 8.259717314490000462e-01
5.351310250909999677e-01 8.268551236750000255e-01
5.351326929320000536e-01 8.277385159010000049e-01
5.351402212429999805e-01 8.286219081269999842e-01
5.351688399930000228e-01 8.295053003529999636e-01
5.351978820149999594e-01 8.303886925800000318e-01
5.352028620319999597e-01 8.312720848060000112e-01
5.352190389890000288e-01 8.321554770319999905e-01
5.352564636879999505e-01 8.330388692579999699e-01
5.352648857489999967e-01 8.339222614839999492e-01
5.352785048120000111e-01 8.348056537100000396e-01
5.353055793769999626e-01 8.356890459360000190e-01
5.353127932929999666e-01 8.365724381629999762e-01
5.353220276019999835e-01 8.374558303889999555e-01
5.353297482759999948e-01 8.383392226150000459e-01
5.353451122469999879e-01 8.392226148410000253e-01
5.353465781609999530e-01 8.401060070670000046e-01
5.353496861540000262e-01 8.409893992929999840e-01
5.353611302680000295e-01 8.418727915189999633e-01
5.353821584850000370e-01 8.427561837460000316e-01
5.353946365999999735e-01 8.436395759720000109e-01
5.354051696970000274e-01 8.445229681979999903e-01
5.354080788489999909e-01 8.454063604239999696e-01
5.354421511720000026e-01 8.462897526499999490e-01
5.354523961160000400e-01 8.471731448760000394e-01
5.354785431549999863e-01 8.480565371020000187e-01
5.354809766989999664e-01 8.489399293289999759e-01
5.354971537299999529e-01 8.498233215549999553e-01
5.355116761220000132e-01 8.507067137810000457e-01
5.355240158620000468e-01 8.515901060070000250e-01
5.355344526349999912e-01 8.524734982330000044e-01
5.355609776590000148e-01 8.533568904589999837e-01
5.355677847769999556e-01 8.542402826860000520e-01
5.355782381210000276e-01 8.551236749120000313e-01
5.355815987609999773e-01 8.560070671380000107e-01
5.355912077650000214e-01 8.568904593639999900e-01
5.355963630929999608e-01 8.577738515899999694e-01
5.355991382989999661e-01 8.586572438159999487e-01
5.356062866709999648e-01 8.595406360420000391e-01
5.356075447370000076e-01 8.604240282689999963e-01
5.356232552170000494e-01 8.613074204949999757e-01
5.356350431749999919e-01 8.621908127209999551e-01
5.356684340489999974e-01 8.630742049470000454e-01
5.356689718699999547e-01 8.639575971730000248e-01
5.356720199029999518e-01 8.648409893990000041e-01
5.356900266909999653e-01 8.657243816249999835e-01
5.357245426519999798e-01 8.666077738520000517e-01
5.357282766980000499e-01 8.674911660780000311e-01
5.357434362720000509e-01 8.683745583040000104e-01
5.358125812539999977e-01 8.692579505299999898e-01
5.358178316060000501e-01 8.701413427559999691e-01
5.358400329389999550e-01 8.710247349819999485e-01
5.358659007739999813e-01 8.719081272080000389e-01
5.358694513709999496e-01 8.727915194349999961e-01
5.359427508620000502e-01 8.736749116609999755e-01
5.359572894749999872e-01 8.745583038869999548e-01
5.360089028229999553e-01 8.754416961130000452e-01
5.360150472500000429e-01 8.763250883390000245e-01
5.360395589749999967e-01 8.772084805650000039e-01
5.360558445730000399e-01 8.780918727919999611e-01
5.360631337869999902e-01 8.789752650180000515e-01
5.360700482710000214e-01 8.798586572440000309e-01
5.360827490759999536e-01 8.807420494700000102e-01
5.360971409550000510e-01 8.816254416959999896e-01
5.361302220289999587e-01 8.825088339219999689e-01
5.361312067819999916e-01 8.833922261479999483e-01
5.361313335049999740e-01 8.842756183750000165e-01
5.361386732170000391e-01 8.851590106009999959e-01
5.361731725849999686e-01 8.860424028269999752e-01
5.361945176950000391e-01 8.869257950529999546e-01
5.362276116940000170e-01 8.878091872790000449e-01
5.362388902400000434e-01 8.886925795050000243e-01
5.362691645529999995e-01 8.895759717310000037e-01
5.362790045419999485e-01 8.904593639579999609e-01
5.362792950810000292e-01 8.913427561840000513e-01
5.363338489990000513e-01 8.922261484100000306e-01
5.363513072559999983e-01 8.931095406360000100e-01
5.363634429939999615e-01 8.939929328619999893e-01
5.363869629569999464e-01 8.948763250879999687e-01
5.363910294970000159e-01 8.957597173139999480e-01
5.363937233859999987e-01 8.966431095410000163e-01
5.363999089080000449e-01 8.975265017669999956e-01
5.364071833710000181e-01 8.984098939929999750e-01
5.364250257279999934e-01 8.992932862189999543e-01
5.365424348059999460e-01 9.001766784450000447e-01
5.365812174209999563e-01 9.010600706710000241e-01
5.366521505000000358e-01 9.019434628979999813e-01
5.366667178149999717e-01 9.028268551239999606e-01
5.366940041690000385e-01 9.037102473500000510e-01
5.367014036980000125e-01 9.045936395760000304e-01
5.367425500760000245e-01 9.054770318020000097e-01
5.368426179199999870e-01 9.063604240279999891e-01
5.368974521070000172e-01 9.072438162539999684e-01
5.369007032110000299e-01 9.081272084810000367e-01
5.369077775120000284e-01 9.090106007070000160e-01
5.369357519870000539e-01 9.098939929329999954e-01
5.369886001489999616e-01 9.107773851589999747e-01
5.370069471470000355e-01 9.116607773849999541e-01
5.370071271790000100e-01 9.125441696110000445e-01
5.370389948129999924e-01 9.134275618370000238e-01
5.370577387780000045e-01 9.143109540639999810e-01
5.371186841839999948e-01 9.151943462899999604e-01
5.371792723049999552e-01 9.160777385160000508e-01
5.371864202049999593e-01 9.169611307420000301e-01
5.372370776199999476e-01 9.178445229680000095e-01
5.372763886439999581e-01 9.187279151939999888e-01
5.372928655569999545e-01 9.196113074209999461e-01
5.372953090819999611e-01 9.204946996470000364e-01
5.373113189789999744e-01 9.213780918730000158e-01
5.373367837439999573e-01 9.222614840989999951e-01
5.373438018670000371e-01 9.231448763249999745e-01
5.373482054549999498e-01 9.240282685509999538e-01
5.373793036859999539e-01 9.249116607770000442e-01
5.373826796599999733e-01 9.257950530040000015e-01
5.374049520920000100e-01 9.266784452299999808e-01
5.374721323850000232e-01 9.275618374559999602e-01
5.375212564779999758e-01 9.284452296820000505e-01
5.375323338580000332e-01 9.293286219080000299e-01
5.376214958959999457e-01 9.302120141340000092e-01
5.376419555210000256e-01 9.310954063599999886e-01
5.376580399720000125e-01 9.319787985869999458e-01
5.376813172200000102e-01 9.328621908130000362e-01
5.376898867489999789e-01 9.337455830390000155e-01
5.377143916440000337e-01 9.346289752649999949e-01
5.378788366660000042e-01 9.355123674909999743e-01
5.378828458119999656e-01 9.363957597169999536e-01
5.379441372530000542e-01 9.372791519430000440e-01
5.379592469549999700e-01 9.381625441700000012e-01
5.380015259789999726e-01 9.390459363959999806e-01
5.380444478079999815e-01 9.399293286219999599e-01
5.380609210769999873e-01 9.408127208480000503e-01
5.380773556860000140e-01 9.416961130740000296e-01
5.380891301079999689e-01 9.425795053000000090e-01
5.381177607560000409e-01 9.434628975269999662e-01
5.381306814020000440e-01 9.443462897529999456e-01
5.382603287439999828e-01 9.452296819790000360e-01
5.382832199060000322e-01 9.461130742050000153e-01
5.382869454390000197e-01 9.469964664309999947e-01
5.383252635599999891e-01 9.478798586569999740e-01
5.384156327510000173e-01 9.487632508829999534e-01
5.384286306840000425e-01 9.496466431100000216e-01
5.384733190830000016e-01 9.505300353360000010e-01
5.385062340180000184e-01 9.514134275619999803e-01
5.385687460739999599e-01 9.522968197879999597e-01
5.386426371310000238e-01 9.531802120140000500e-01
5.386921478420000353e-01 9.540636042400000294e-01
5.387825988840000413e-01 9.549469964660000088e-01
5.387998859660000361e-01 9.558303886929999660e-01
5.388385726609999926e-01 9.567137809189999453e-01
5.388659947820000351e-01 9.575971731450000357e-01
5.388670376690000152e-01 9.584805653710000151e-01
5.389047157480000294e-01 9.593639575969999944e-01
5.389213081779999914e-01 9.602473498229999738e-01
5.389473034109999450e-01 9.611307420489999531e-01
5.389740406340000067e-01 9.620141342760000214e-01
5.390190725689999462e-01 9.628975265020000007e-01
5.390658629869999885e-01 9.637809187279999801e-01
5.392358586480000548e-01 9.646643109539999594e-01
5.392404333050000442e-01 9.655477031800000498e-01
5.393290147739999707e-01 9.664310954060000292e-01
5.393681479849999905e-01 9.673144876329999864e-01
5.394669083490000183e-01 9.681978798589999657e-01
5.395258115459999892e-01 9.690812720849999451e-01
5.395882161430000101e-01 9.699646643110000355e-01
5.396300207949999983e-01 9.708480565370000148e-01
5.396564422530000238e-01 9.717314487629999942e-01
5.399190293440000454e-01 9.726148409889999735e-01
5.400441070870000138e-01 9.734982332160000418e-01
5.400940212789999695e-01 9.743816254420000211e-01
5.401436345600000299e-01 9.752650176680000005e-01
5.401451634370000310e-01 9.761484098939999798e-01
5.401869272420000145e-01 9.770318021199999592e-01
5.402284174320000076e-01 9.779151943460000496e-01
5.405020816710000009e-01 9.787985865720000289e-01
5.405493237770000459e-01 9.796819787989999861e-01
5.406752212440000260e-01 9.805653710249999655e-01
5.407905752970000313e-01 9.814487632509999449e-01
5.408128159439999916e-01 9.823321554770000352e-01
5.408603273030000436e-01 9.832155477030000146e-01
5.409364960639999609e-01 9.840989399289999939e-01
5.409830188080000379e-01 9.849823321549999733e-01
5.409999016659999826e-01 9.858657243820000415e-01
5.410590667900000428e-01 9.867491166080000209e-01
5.414195605770000252e-01 9.876325088340000002e-01
5.421011586730000165e-01 9.885159010599999796e-01
5.422863676689999579e-01 9.893992932859999589e-01
5.423735122349999660e-01 9.902826855120000493e-01
5.424547696189999657e-01 9.911660777390000066e-01
5.426411834780000554e-01 9.920494699649999859e-01
5.426779784130000284e-01 9.929328621909999653e-01
5.426897422959999773e-01 9.938162544169999446e-01
5.429453109680000278e-01 9.946996466430000350e-01
5.431567621720000405e-01 9.955830388690000143e-01
5.431685148839999755e-01 9.964664310949999937e-01
5.437422080910000455e-01 9.973498233219999509e-01
5.443920584270000029e-01 9.982332155480000413e-01
5.454447336000000091e-01 9.991166077740000206e-01
