# Heisenberg model
# L=16, J=1, W=2.0
# CDF of level statistics r_S
# r_S CDF
4.367747992159999870e-01 0.000000000000000000e+00
4.368867792650000248e-01 5.820721770000000447e-04
4.374660532119999945e-01 1.164144354000000089e-03
4.377630419549999874e-01 1.746216530999999917e-03
4.380410365210000156e-01 2.328288708000000179e-03
4.447275662130000251e-01 2.910360884999999790e-03
4.448337737520000057e-01 3.492433061999999835e-03
4.451513569400000203e-01 4.074505239000000313e-03
4.470281697430000256e-01 4.656577416000000358e-03
4.474666921620000237e-01 5.238649593000000403e-03
4.493288507529999976e-01 5.820721769000000018e-03
4.495319666179999896e-01 6.402793946000000062e-03
4.501377534639999789e-01 6.984866123000000107e-03
4.536232054329999985e-01 7.566938300000000152e-03
4.541910326829999844e-01 8.149010477000000197e-03
4.556490755159999795e-01 8.731082653999999374e-03
4.559574750859999859e-01 9.313154831000000286e-03
4.560479013389999725e-01 9.895227007999999463e-03
4.565781142259999759e-01 1.047729918500000038e-02
4.566136215239999796e-01 1.105937136199999955e-02
4.571261790500000255e-01 1.164144353900000046e-02
4.578347803500000257e-01 1.222351571599999964e-02
4.580525627690000268e-01 1.280558789300000055e-02
4.580830568789999724e-01 1.338766006999999973e-02
4.581315198950000056e-01 1.396973224700000064e-02
4.584136478070000020e-01 1.455180442399999982e-02
4.586916516439999980e-01 1.513387660100000073e-02
4.587008448589999787e-01 1.571594877800000165e-02
4.592516527109999913e-01 1.629802095499999909e-02
4.603275138060000105e-01 1.688009313200000000e-02
4.606720813449999841e-01 1.746216530799999875e-02
4.608516053460000039e-01 1.804423748499999966e-02
4.609229876709999840e-01 1.862630966200000057e-02
4.625937327690000100e-01 1.920838183900000148e-02
4.631760119910000029e-01 1.979045401599999893e-02
4.635851860719999995e-01 2.037252619299999984e-02
4.636100665649999786e-01 2.095459837000000075e-02
4.636891216760000156e-01 2.153667054700000166e-02
4.645031997619999964e-01 2.211874272399999911e-02
4.645275770189999931e-01 2.270081490100000002e-02
4.647270563609999794e-01 2.328288707800000093e-02
4.649074163740000154e-01 2.386495925499999837e-02
4.649853506389999835e-01 2.444703143199999928e-02
4.650218958069999853e-01 2.502910360900000020e-02
4.652848376450000045e-01 2.561117578600000111e-02
4.654093355669999821e-01 2.619324796299999855e-02
4.662476898110000101e-01 2.677532013999999946e-02
4.662770848689999914e-01 2.735739231700000038e-02
4.664740881730000122e-01 2.793946449400000129e-02
4.670879858800000006e-01 2.852153667099999873e-02
4.673897885109999928e-01 2.910360884700000095e-02
4.674508179169999944e-01 2.968568102399999839e-02
4.676321960559999824e-01 3.026775320099999930e-02
4.679833420639999964e-01 3.084982537800000021e-02
4.686098772449999728e-01 3.143189755499999766e-02
4.691417560780000162e-01 3.201396973199999857e-02
4.692492092289999861e-01 3.259604190899999948e-02
4.698985356259999802e-01 3.317811408600000039e-02
4.700943701220000048e-01 3.376018626300000131e-02
4.701355066980000275e-01 3.434225844000000222e-02
4.701604691210000131e-01 3.492433061700000313e-02
4.705675957279999988e-01 3.550640279399999710e-02
4.708415531299999790e-01 3.608847497099999801e-02
4.709975353260000275e-01 3.667054714799999893e-02
4.712376735189999777e-01 3.725261932499999984e-02
4.712703346830000029e-01 3.783469150200000075e-02
4.714549483359999904e-01 3.841676367900000166e-02
4.714615995940000248e-01 3.899883585600000258e-02
4.717658127229999998e-01 3.958090803299999655e-02
4.720227720249999814e-01 4.016298020999999746e-02
4.730062614950000244e-01 4.074505238599999968e-02
4.730590090760000144e-01 4.132712456300000059e-02
4.736233667940000225e-01 4.190919674000000150e-02
4.737037683670000110e-01 4.249126891700000241e-02
4.737112118940000061e-01 4.307334109400000333e-02
4.741025360760000029e-01 4.365541327099999730e-02
4.750774065989999961e-01 4.423748544799999821e-02
4.752650596410000206e-01 4.481955762499999912e-02
4.753312738430000017e-01 4.540162980200000004e-02
4.756458665919999773e-01 4.598370197900000095e-02
4.756813950880000030e-01 4.656577415600000186e-02
4.757398408390000055e-01 4.714784633300000277e-02
4.760718176639999744e-01 4.772991850999999675e-02
4.761689581110000180e-01 4.831199068699999766e-02
4.762176558539999993e-01 4.889406286399999857e-02
4.764862993760000109e-01 4.947613504099999948e-02
4.765054309869999893e-01 5.005820721800000039e-02
4.765622621169999795e-01 5.064027939500000131e-02
4.765643859170000107e-01 5.122235157200000222e-02
4.766442107489999858e-01 5.180442374900000313e-02
4.767120521680000000e-01 5.238649592499999841e-02
4.768466651539999823e-01 5.296856810199999932e-02
4.769987151719999874e-01 5.355064027900000023e-02
4.771753843620000213e-01 5.413271245600000114e-02
4.773710605059999779e-01 5.471478463300000206e-02
4.780057165900000182e-01 5.529685681000000297e-02
4.780218248940000247e-01 5.587892898699999694e-02
4.782819197870000205e-01 5.646100116399999785e-02
4.783567878919999794e-01 5.704307334099999877e-02
4.786185096980000164e-01 5.762514551799999968e-02
4.787118491890000049e-01 5.820721769500000059e-02
4.790011024379999816e-01 5.878928987200000150e-02
4.790104502409999743e-01 5.937136204900000241e-02
4.791727183980000193e-01 5.995343422600000333e-02
4.791885863209999763e-01 6.053550640299999730e-02
4.795896697850000057e-01 6.111757857999999821e-02
4.798843097270000246e-01 6.169965075699999912e-02
4.799595621070000262e-01 6.228172293400000004e-02
4.799922126989999982e-01 6.286379511100000095e-02
4.800937237410000114e-01 6.344586728800000186e-02
4.801845961000000274e-01 6.402793946399999714e-02
4.802048526650000149e-01 6.461001164099999805e-02
4.802075749240000135e-01 6.519208381799999896e-02
4.804055601269999753e-01 6.577415599499999987e-02
4.805166783559999821e-01 6.635622817200000079e-02
4.807346790329999897e-01 6.693830034900000170e-02
4.807382988869999818e-01 6.752037252600000261e-02
4.807896018280000128e-01 6.810244470300000352e-02
4.808935601809999905e-01 6.868451688000000444e-02
4.809013160910000084e-01 6.926658905700000535e-02
4.809202355900000225e-01 6.984866123400000626e-02
4.810537818419999834e-01 7.043073341099999329e-02
4.810649852900000245e-01 7.101280558799999421e-02
4.810766646279999725e-01 7.159487776499999512e-02
4.811947612840000166e-01 7.217694994199999603e-02
4.815483251959999933e-01 7.275902211899999694e-02
4.817403921280000167e-01 7.334109429599999785e-02
4.818505313040000182e-01 7.392316647299999877e-02
4.818623611980000221e-01 7.450523864999999968e-02
4.823996972199999789e-01 7.508731082700000059e-02
4.826197337900000051e-01 7.566938300299999587e-02
4.826683321269999993e-01 7.625145517999999678e-02
4.828694060739999738e-01 7.683352735699999769e-02
4.830263003620000051e-01 7.741559953399999860e-02
4.832482765989999929e-01 7.799767171099999952e-02
4.833104306500000114e-01 7.857974388800000043e-02
4.834187922909999879e-01 7.916181606500000134e-02
4.834242824889999901e-01 7.974388824200000225e-02
4.834891124540000029e-01 8.032596041900000317e-02
4.837267453369999970e-01 8.090803259600000408e-02
4.838775447479999881e-01 8.149010477300000499e-02
4.839700347950000037e-01 8.207217695000000590e-02
4.839980359859999970e-01 8.265424912700000681e-02
4.840338663439999745e-01 8.323632130399999385e-02
4.841437833839999927e-01 8.381839348099999476e-02
4.843338777930000227e-01 8.440046565799999567e-02
4.843781025969999821e-01 8.498253783499999658e-02
4.844919044129999963e-01 8.556461001199999750e-02
4.848494168479999811e-01 8.614668218899999841e-02
4.849223782129999938e-01 8.672875436599999932e-02
4.849921894459999772e-01 8.731082654199999460e-02
4.852005884059999996e-01 8.789289871899999551e-02
4.852116590969999810e-01 8.847497089599999642e-02
4.852626393219999779e-01 8.905704307299999734e-02
4.853747979249999900e-01 8.963911524999999825e-02
4.853871377119999830e-01 9.022118742699999916e-02
4.854208482580000261e-01 9.080325960400000007e-02
4.854259944820000228e-01 9.138533178100000098e-02
4.855374750329999878e-01 9.196740395800000190e-02
4.855741793789999927e-01 9.254947613500000281e-02
4.857706377520000229e-01 9.313154831200000372e-02
4.858473888779999972e-01 9.371362048900000463e-02
4.861643403729999924e-01 9.429569266600000554e-02
4.863821866199999899e-01 9.487776484300000646e-02
4.865885050259999844e-01 9.545983701999999349e-02
4.866786737689999809e-01 9.604190919699999440e-02
4.867271771330000107e-01 9.662398137399999531e-02
4.868635754810000105e-01 9.720605355099999623e-02
4.868669708980000177e-01 9.778812572799999714e-02
4.868816447520000201e-01 9.837019790499999805e-02
4.870283318579999854e-01 9.895227008099999333e-02
4.870630261159999974e-01 9.953434225799999424e-02
4.873615500069999884e-01 1.001164144349999952e-01
4.875401443210000130e-01 1.006984866119999961e-01
4.876328193469999794e-01 1.012805587889999970e-01
4.878931880040000002e-01 1.018626309659999979e-01
4.879334092729999961e-01 1.024447031429999988e-01
4.879837874510000173e-01 1.030267753199999997e-01
4.881071953209999981e-01 1.036088474970000006e-01
4.881713294719999818e-01 1.041909196740000015e-01
4.884433401370000261e-01 1.047729918510000025e-01
4.884523007639999803e-01 1.053550640280000034e-01
4.884588094030000160e-01 1.059371362050000043e-01
4.884946449670000135e-01 1.065192083820000052e-01
4.885971253040000128e-01 1.071012805590000061e-01
4.889164008249999860e-01 1.076833527359999931e-01
4.890424997260000017e-01 1.082654249129999940e-01
4.890880735790000267e-01 1.088474970899999950e-01
4.891826877839999810e-01 1.094295692669999959e-01
4.893011034520000080e-01 1.100116414439999968e-01
4.893014974039999743e-01 1.105937136200000059e-01
4.893082831930000154e-01 1.111757857970000068e-01
4.893237587570000158e-01 1.117578579739999939e-01
4.893490718999999878e-01 1.123399301509999948e-01
4.895705292320000068e-01 1.129220023279999957e-01
4.896156680759999880e-01 1.135040745049999966e-01
4.896404779299999843e-01 1.140861466819999975e-01
4.897164552270000248e-01 1.146682188589999984e-01
4.898700442100000219e-01 1.152502910359999994e-01
4.899473844410000001e-01 1.158323632130000003e-01
4.901109269489999920e-01 1.164144353900000012e-01
4.901962500450000038e-01 1.169965075670000021e-01
4.902255608309999957e-01 1.175785797440000030e-01
4.905545697559999807e-01 1.181606519210000039e-01
4.907437376450000110e-01 1.187427240980000048e-01
4.908078952130000006e-01 1.193247962750000057e-01
4.909839124009999778e-01 1.199068684520000067e-01
4.912292979549999772e-01 1.204889406289999937e-01
4.912299313610000162e-01 1.210710128059999946e-01
4.913497235909999872e-01 1.216530849829999955e-01
4.914533488160000019e-01 1.222351571590000047e-01
4.915743181069999745e-01 1.228172293360000056e-01
4.916458182080000183e-01 1.233993015130000065e-01
4.917798648300000242e-01 1.239813736899999935e-01
4.919433347359999931e-01 1.245634458669999944e-01
4.922856478329999952e-01 1.251455180440000092e-01
4.923234972139999832e-01 1.257275902209999963e-01
4.924652742919999882e-01 1.263096623980000111e-01
4.925096944219999884e-01 1.268917345749999981e-01
4.928112720400000257e-01 1.274738067520000129e-01
4.928539056340000002e-01 1.280558789289999999e-01
4.930009361900000164e-01 1.286379511059999869e-01
4.930916906439999914e-01 1.292200232830000017e-01
4.932001823080000014e-01 1.298020954599999888e-01
4.932818398730000053e-01 1.303841676370000036e-01
4.933946018320000126e-01 1.309662398139999906e-01
4.934384754739999934e-01 1.315483119910000054e-01
4.934791746020000258e-01 1.321303841679999924e-01
4.936083591709999885e-01 1.327124563450000072e-01
4.938496144969999890e-01 1.332945285219999942e-01
4.939614606339999825e-01 1.338766006980000034e-01
4.941894083619999822e-01 1.344586728749999904e-01
4.941918602529999927e-01 1.350407450520000052e-01
4.941991150069999783e-01 1.356228172289999923e-01
4.943638505660000182e-01 1.362048894060000070e-01
4.943879296859999828e-01 1.367869615829999941e-01
4.946599820079999876e-01 1.373690337600000089e-01
4.947105240810000248e-01 1.379511059369999959e-01
4.947297743779999757e-01 1.385331781140000107e-01
4.948962939909999914e-01 1.391152502909999977e-01
4.952385161000000258e-01 1.396973224680000125e-01
4.952869933810000180e-01 1.402793946449999996e-01
4.953958747769999782e-01 1.408614668219999866e-01
4.954718342469999759e-01 1.414435389990000014e-01
4.955117542940000175e-01 1.420256111759999884e-01
4.955604793069999792e-01 1.426076833530000032e-01
4.956361089599999881e-01 1.431897555299999902e-01
4.956361948890000146e-01 1.437718277070000050e-01
4.956706815849999948e-01 1.443538998839999921e-01
4.958580564449999728e-01 1.449359720610000068e-01
4.958821449760000277e-01 1.455180442369999883e-01
4.962174691830000262e-01 1.461001164140000030e-01
4.963319901209999885e-01 1.466821885909999901e-01
4.963796527730000019e-01 1.472642607680000049e-01
4.963991732440000137e-01 1.478463329449999919e-01
4.964174298519999917e-01 1.484284051220000067e-01
4.965891191740000044e-01 1.490104772989999937e-01
4.966239468540000201e-01 1.495925494760000085e-01
4.966287374169999769e-01 1.501746216529999955e-01
4.966966662130000154e-01 1.507566938300000103e-01
4.969612622649999811e-01 1.513387660069999974e-01
4.970207059100000269e-01 1.519208381840000122e-01
4.970617912629999857e-01 1.525029103609999992e-01
4.971206264979999845e-01 1.530849825379999862e-01
4.971219784840000266e-01 1.536670547150000010e-01
4.973841757520000018e-01 1.542491268919999881e-01
4.976389652709999889e-01 1.548311990690000028e-01
4.976490714869999943e-01 1.554132712459999899e-01
4.976539187740000036e-01 1.559953434230000047e-01
4.976867054699999904e-01 1.565774155999999917e-01
4.976956529289999764e-01 1.571594877760000009e-01
4.977400344740000038e-01 1.577415599529999879e-01
4.977990797280000268e-01 1.583236321300000027e-01
4.979430306709999865e-01 1.589057043069999897e-01
4.980084650789999845e-01 1.594877764840000045e-01
4.981437836020000121e-01 1.600698486609999915e-01
4.982825794449999846e-01 1.606519208380000063e-01
4.983089229850000135e-01 1.612339930149999934e-01
4.985256582889999732e-01 1.618160651920000082e-01
4.989114773259999969e-01 1.623981373689999952e-01
4.990026816290000222e-01 1.629802095460000100e-01
4.990704541939999794e-01 1.635622817229999970e-01
4.991290330450000035e-01 1.641443539000000118e-01
4.993374040990000151e-01 1.647264260769999988e-01
4.993958819089999723e-01 1.653084982540000136e-01
4.994580635449999972e-01 1.658905704310000007e-01
4.994925741979999723e-01 1.664726426079999877e-01
4.995094188509999755e-01 1.670547147850000025e-01
4.995387358160000013e-01 1.676367869619999895e-01
4.996032438910000262e-01 1.682188591390000043e-01
4.996299875510000210e-01 1.688009313150000135e-01
4.996570485269999917e-01 1.693830034920000005e-01
4.998467645279999760e-01 1.699650756689999875e-01
4.998550389070000044e-01 1.705471478460000023e-01
4.999358546580000007e-01 1.711292200229999894e-01
4.999933792640000041e-01 1.717112922000000041e-01
5.000356065169999642e-01 1.722933643769999912e-01
5.000779291460000220e-01 1.728754365540000060e-01
5.001391378159999457e-01 1.734575087309999930e-01
5.002673714990000242e-01 1.740395809080000078e-01
5.002761818319999554e-01 1.746216530849999948e-01
5.002782854109999455e-01 1.752037252620000096e-01
5.004304463880000498e-01 1.757857974389999967e-01
5.004647920839999653e-01 1.763678696160000114e-01
5.004993304229999884e-01 1.769499417929999985e-01
5.005460736660000132e-01 1.775320139700000133e-01
5.006654612190000186e-01 1.781140861470000003e-01
5.007880788570000519e-01 1.786961583239999873e-01
5.007973541200000378e-01 1.792782305010000021e-01
5.007998853499999736e-01 1.798603026779999892e-01
5.008121184329999975e-01 1.804423748539999983e-01
5.008480917730000481e-01 1.810244470310000131e-01
5.008706811240000167e-01 1.816065192080000001e-01
5.010564057559999673e-01 1.821885913849999872e-01
5.011656006339999525e-01 1.827706635620000020e-01
5.014184382480000313e-01 1.833527357389999890e-01
5.015239393789999722e-01 1.839348079160000038e-01
5.016325774390000269e-01 1.845168800929999908e-01
5.016595281260000094e-01 1.850989522700000056e-01
5.016900321060000500e-01 1.856810244469999926e-01
5.017004833639999717e-01 1.862630966240000074e-01
5.017133787980000426e-01 1.868451688009999945e-01
5.017144961039999851e-01 1.874272409780000093e-01
5.017798517499999500e-01 1.880093131549999963e-01
5.018507427839999924e-01 1.885913853320000111e-01
5.020721031999999528e-01 1.891734575089999981e-01
5.021177263399999591e-01 1.897555296860000129e-01
5.021625556650000100e-01 1.903376018629999999e-01
5.022466481130000160e-01 1.909196740399999870e-01
5.022926797429999590e-01 1.915017462170000018e-01
5.023337932000000450e-01 1.920838183930000109e-01
5.023641813800000522e-01 1.926658905699999980e-01
5.023813979200000279e-01 1.932479627470000128e-01
5.026333306910000243e-01 1.938300349239999998e-01
5.028015185840000179e-01 1.944121071009999868e-01
5.028518247459999868e-01 1.949941792780000016e-01
5.028727105310000223e-01 1.955762514549999886e-01
5.029479795489999461e-01 1.961583236320000034e-01
5.029663353300000139e-01 1.967403958089999905e-01
5.029685183600000054e-01 1.973224679860000053e-01
5.030148192159999976e-01 1.979045401629999923e-01
5.032188440289999676e-01 1.984866123400000071e-01
5.032286415029999516e-01 1.990686845169999941e-01
5.034344857289999586e-01 1.996507566940000089e-01
5.034615575919999531e-01 2.002328288709999959e-01
5.034687057950000266e-01 2.008149010480000107e-01
5.035011649030000092e-01 2.013969732249999978e-01
5.036184308240000407e-01 2.019790454020000126e-01
5.036373048190000423e-01 2.025611175789999996e-01
5.036599873510000380e-01 2.031431897559999866e-01
5.037296298800000294e-01 2.037252619319999958e-01
5.037509750880000414e-01 2.043073341090000106e-01
5.037727698020000311e-01 2.048894062859999976e-01
5.039749093030000404e-01 2.054714784630000124e-01
5.040110547759999449e-01 2.060535506399999994e-01
5.040505603629999998e-01 2.066356228169999865e-01
5.041127728140000208e-01 2.072176949940000013e-01
5.041325124540000369e-01 2.077997671709999883e-01
5.041513505510000215e-01 2.083818393480000031e-01
5.041581109860000520e-01 2.089639115249999901e-01
5.041769914370000105e-01 2.095459837020000049e-01
5.042578565919999534e-01 2.101280558789999919e-01
5.042670023290000136e-01 2.107101280560000067e-01
5.042884087919999869e-01 2.112922002329999938e-01
5.043105726530000554e-01 2.118742724100000085e-01
5.044137898670000286e-01 2.124563445869999956e-01
5.044778453649999550e-01 2.130384167640000104e-01
5.045459381350000383e-01 2.136204889409999974e-01
5.045534885350000387e-01 2.142025611180000122e-01
5.045603039580000004e-01 2.147846332949999992e-01
5.047020475229999636e-01 2.153667054710000084e-01
5.047429778359999730e-01 2.159487776479999954e-01
5.048033238319999949e-01 2.165308498250000102e-01
5.049740167230000187e-01 2.171129220019999972e-01
5.050202453480000520e-01 2.176949941790000120e-01
5.050227143059999868e-01 2.182770663559999991e-01
5.050228461319999917e-01 2.188591385330000139e-01
5.050497382419999459e-01 2.194412107100000009e-01
5.051398955320000050e-01 2.200232828869999879e-01
5.053409407419999777e-01 2.206053550640000027e-01
5.053600715930000042e-01 2.211874272409999898e-01
5.054290184969999489e-01 2.217694994180000045e-01
5.055378795670000258e-01 2.223515715949999916e-01
5.055751259920000518e-01 2.229336437720000064e-01
5.056177923150000364e-01 2.235157159489999934e-01
5.056185377559999639e-01 2.240977881260000082e-01
5.056241746749999821e-01 2.246798603029999952e-01
5.056925261269999972e-01 2.252619324800000100e-01
5.057728050449999957e-01 2.258440046569999970e-01
5.057902759450000341e-01 2.264260768340000118e-01
5.058280887149999572e-01 2.270081490099999932e-01
5.058282783880000411e-01 2.275902211870000080e-01
5.058372848940000388e-01 2.281722933639999951e-01
5.058418383430000054e-01 2.287543655410000099e-01
5.058870592019999446e-01 2.293364377179999969e-01
5.059160897259999956e-01 2.299185098950000117e-01
5.061088631779999680e-01 2.305005820719999987e-01
5.061127048419999941e-01 2.310826542490000135e-01
5.061293956160000107e-01 2.316647264260000005e-01
5.061405424439999745e-01 2.322467986029999876e-01
5.062749407529999468e-01 2.328288707800000024e-01
5.063908439109999771e-01 2.334109429569999894e-01
5.065565824440000364e-01 2.339930151340000042e-01
5.065641534539999657e-01 2.345750873109999912e-01
5.066682291170000463e-01 2.351571594880000060e-01
5.068051438449999724e-01 2.357392316649999930e-01
5.068114037980000486e-01 2.363213038420000078e-01
5.068911847510000346e-01 2.369033760189999949e-01
5.071239567040000118e-01 2.374854481960000097e-01
5.071605663670000208e-01 2.380675203729999967e-01
5.071724270959999670e-01 2.386495925490000058e-01
5.072078559470000192e-01 2.392316647259999929e-01
5.072152166790000472e-01 2.398137369030000077e-01
5.072993914719999831e-01 2.403958090799999947e-01
5.073528215210000303e-01 2.409778812570000095e-01
5.073620677569999904e-01 2.415599534339999965e-01
5.073638828219999564e-01 2.421420256110000113e-01
5.073724690890000222e-01 2.427240977879999984e-01
5.074067323469999558e-01 2.433061699650000131e-01
5.074194868269999992e-01 2.438882421420000002e-01
5.074477446559999549e-01 2.444703143189999872e-01
5.074859072199999765e-01 2.450523864960000020e-01
5.075006356889999459e-01 2.456344586729999890e-01
5.075391365100000440e-01 2.462165308500000038e-01
5.076009374609999902e-01 2.467986030269999909e-01
5.077683415939999723e-01 2.473806752040000057e-01
5.078447286049999621e-01 2.479627473809999927e-01
5.078575952989999864e-01 2.485448195580000075e-01
5.079484505319999954e-01 2.491268917349999945e-01
5.081655403410000327e-01 2.497089639120000093e-01
5.081766156670000090e-01 2.502910360880000185e-01
5.082346914480000422e-01 2.508731082649999777e-01
5.082401119699999636e-01 2.514551804419999925e-01
5.082743135139999868e-01 2.520372526190000073e-01
5.083206056919999938e-01 2.526193247960000221e-01
5.083561933979999781e-01 2.532013969729999814e-01
5.086172579590000353e-01 2.537834691499999962e-01
5.086276730930000545e-01 2.543655413270000110e-01
5.086660816019999976e-01 2.549476135040000258e-01
5.086975562409999929e-01 2.555296856809999850e-01
5.087202217199999765e-01 2.561117578579999998e-01
5.089199570750000401e-01 2.566938300350000146e-01
5.089228792119999678e-01 2.572759022119999739e-01
5.090091451289999736e-01 2.578579743889999887e-01
5.090308187690000263e-01 2.584400465660000035e-01
5.090479405490000442e-01 2.590221187430000183e-01
5.091350616590000211e-01 2.596041909199999775e-01
5.092348391309999833e-01 2.601862630969999923e-01
5.092633527259999848e-01 2.607683352740000071e-01
5.092687641950000010e-01 2.613504074510000219e-01
5.093751113409999975e-01 2.619324796270000033e-01
5.094838703780000255e-01 2.625145518040000181e-01
5.096275978219999558e-01 2.630966239809999774e-01
5.096464002489999867e-01 2.636786961579999922e-01
5.096586692210000047e-01 2.642607683350000070e-01
5.097281632369999871e-01 2.648428405120000217e-01
5.097413088450000185e-01 2.654249126889999810e-01
5.097659904300000377e-01 2.660069848659999958e-01
5.099228765209999903e-01 2.665890570430000106e-01
5.102354065319999465e-01 2.671711292200000254e-01
5.102986841569999710e-01 2.677532013969999847e-01
5.103183043240000494e-01 2.683352735739999995e-01
5.103769382620000350e-01 2.689173457510000143e-01
5.104097144870000102e-01 2.694994179279999735e-01
5.105003169959999587e-01 2.700814901049999883e-01
5.105355218670000195e-01 2.706635622820000031e-01
5.106635060280000360e-01 2.712456344590000179e-01
5.106805062679999896e-01 2.718277066359999772e-01
5.107425348790000097e-01 2.724097788129999920e-01
5.107606061599999636e-01 2.729918509900000068e-01
5.109033813040000371e-01 2.735739231659999882e-01
5.110763479140000287e-01 2.741559953430000030e-01
5.111219926929999602e-01 2.747380675200000177e-01
5.111561185690000064e-01 2.753201396969999770e-01
5.113788812870000422e-01 2.759022118739999918e-01
5.113941925989999859e-01 2.764842840510000066e-01
5.114302585459999939e-01 2.770663562280000214e-01
5.114995444190000295e-01 2.776484284049999807e-01
5.115540216670000362e-01 2.782305005819999955e-01
5.116339930659999924e-01 2.788125727590000102e-01
5.116614978410000125e-01 2.793946449360000250e-01
5.116874798349999587e-01 2.799767171129999843e-01
5.116936695229999943e-01 2.805587892899999991e-01
5.117354017590000081e-01 2.811408614670000139e-01
5.118091422080000008e-01 2.817229336439999732e-01
5.119268334709999868e-01 2.823050058209999880e-01
5.122565221989999751e-01 2.828870779980000028e-01
5.122690051649999576e-01 2.834691501750000175e-01
5.123539231639999691e-01 2.840512223519999768e-01
5.123607738519999621e-01 2.846332945289999916e-01
5.124108054060000361e-01 2.852153667049999730e-01
5.124190988700000338e-01 2.857974388819999878e-01
5.125166082940000312e-01 2.863795110590000026e-01
5.126802533740000278e-01 2.869615832360000174e-01
5.127175629100000354e-01 2.875436554129999767e-01
5.127952088620000293e-01 2.881257275899999915e-01
5.128627200449999979e-01 2.887077997670000062e-01
5.128637021030000298e-01 2.892898719440000210e-01
5.128723632970000335e-01 2.898719441209999803e-01
5.129110643019999527e-01 2.904540162979999951e-01
5.130915017439999781e-01 2.910360884750000099e-01
5.131592087970000549e-01 2.916181606520000247e-01
5.131787721070000252e-01 2.922002328289999840e-01
5.132118525740000381e-01 2.927823050059999987e-01
5.132121194990000301e-01 2.933643771830000135e-01
5.132353344040000431e-01 2.939464493599999728e-01
5.132862735980000535e-01 2.945285215369999876e-01
5.132916628829999883e-01 2.951105937140000024e-01
5.132968634140000486e-01 2.956926658910000172e-01
5.133248596580000100e-01 2.962747380679999765e-01
5.134956120000000457e-01 2.968568102440000134e-01
5.135054368639999645e-01 2.974388824209999727e-01
5.135810027960000523e-01 2.980209545979999874e-01
5.136061469429999971e-01 2.986030267750000022e-01
5.136520492439999863e-01 2.991850989520000170e-01
5.136554202290000148e-01 2.997671711289999763e-01
5.137553232760000421e-01 3.003492433059999911e-01
5.137685513059999654e-01 3.009313154830000059e-01
5.138038678130000259e-01 3.015133876600000207e-01
5.138192562740000469e-01 3.020954598369999800e-01
5.138547339450000306e-01 3.026775320139999947e-01
5.139586339989999919e-01 3.032596041910000095e-01
5.140785780959999940e-01 3.038416763680000243e-01
5.140938744430000318e-01 3.044237485449999836e-01
5.141050422289999977e-01 3.050058207219999984e-01
5.141075359179999582e-01 3.055878928990000132e-01
5.141542948030000115e-01 3.061699650759999725e-01
5.142229131679999510e-01 3.067520372529999872e-01
5.142306834330000465e-01 3.073341094300000020e-01
5.142447305549999736e-01 3.079161816070000168e-01
5.142456401710000513e-01 3.084982537829999982e-01
5.142808491689999650e-01 3.090803259600000130e-01
5.144103544300000497e-01 3.096623981369999723e-01
5.144349918949999712e-01 3.102444703139999871e-01
5.144485202099999821e-01 3.108265424910000019e-01
5.144508724690000090e-01 3.114086146680000167e-01
5.144619519799999985e-01 3.119906868449999759e-01
5.145124613820000192e-01 3.125727590219999907e-01
5.145893241200000245e-01 3.131548311990000055e-01
5.145949707379999793e-01 3.137369033760000203e-01
5.146360352709999919e-01 3.143189755529999796e-01
5.146965122890000410e-01 3.149010477299999944e-01
5.147303811340000479e-01 3.154831199070000092e-01
5.148133028319999971e-01 3.160651920840000240e-01
5.149018085600000072e-01 3.166472642609999832e-01
5.150302795450000248e-01 3.172293364379999980e-01
5.151478840390000258e-01 3.178114086150000128e-01
5.151988979070000196e-01 3.183934807920000276e-01
5.152210133710000139e-01 3.189755529689999869e-01
5.152285762270000236e-01 3.195576251460000017e-01
5.152584253790000179e-01 3.201396973219999831e-01
5.153064888599999671e-01 3.207217694989999979e-01
5.154592449139999699e-01 3.213038416760000127e-01
5.154696718410000100e-01 3.218859138530000275e-01
5.154973362250000468e-01 3.224679860299999867e-01
5.155100882900000014e-01 3.230500582070000015e-01
5.155475330269999601e-01 3.236321303840000163e-01
5.155695253049999982e-01 3.242142025609999756e-01
5.155928737149999552e-01 3.247962747379999904e-01
5.156099489659999868e-01 3.253783469150000052e-01
5.156674387190000042e-01 3.259604190920000200e-01
5.157120969940000021e-01 3.265424912689999792e-01
5.157756706520000289e-01 3.271245634459999940e-01
5.158493706279999591e-01 3.277066356230000088e-01
5.159002374690000448e-01 3.282887078000000236e-01
5.159158410030000308e-01 3.288707799769999829e-01
5.159173841259999671e-01 3.294528521539999977e-01
5.159982545260000109e-01 3.300349243310000125e-01
5.160176559929999796e-01 3.306169965080000273e-01
5.160520690780000530e-01 3.311990686849999865e-01
5.161550322650000355e-01 3.317811408610000234e-01
5.161729966820000071e-01 3.323632130379999827e-01
5.161732199849999869e-01 3.329452852149999975e-01
5.162098404889999825e-01 3.335273573920000123e-01
5.162460390869999527e-01 3.341094295690000271e-01
5.163020176039999631e-01 3.346915017459999864e-01
5.163507616029999747e-01 3.352735739230000012e-01
5.163744992009999812e-01 3.358556461000000160e-01
5.163782005470000103e-01 3.364377182769999752e-01
5.163978549119999650e-01 3.370197904539999900e-01
5.164161056810000483e-01 3.376018626310000048e-01
5.164735758230000195e-01 3.381839348080000196e-01
5.164781308010000238e-01 3.387660069849999789e-01
5.164966208260000080e-01 3.393480791619999937e-01
5.165053076800000253e-01 3.399301513390000085e-01
5.165151247200000517e-01 3.405122235160000232e-01
5.165728270039999792e-01 3.410942956929999825e-01
5.167268784140000015e-01 3.416763678699999973e-01
5.167497587989999808e-01 3.422584400470000121e-01
5.167761437450000273e-01 3.428405122240000269e-01
5.168006404789999841e-01 3.434225844000000083e-01
5.168835372400000239e-01 3.440046565770000231e-01
5.168924537090000548e-01 3.445867287539999824e-01
5.168993535029999808e-01 3.451688009309999972e-01
5.169627266890000072e-01 3.457508731080000119e-01
5.169869338760000321e-01 3.463329452850000267e-01
5.170028158680000097e-01 3.469150174619999860e-01
5.170379957680000249e-01 3.474970896390000008e-01
5.170522198550000503e-01 3.480791618160000156e-01
5.171201474490000338e-01 3.486612339929999749e-01
5.171659254649999538e-01 3.492433061699999897e-01
5.172060855069999796e-01 3.498253783470000045e-01
5.172153770870000500e-01 3.504074505240000192e-01
5.172630495940000461e-01 3.509895227009999785e-01
5.173169164759999772e-01 3.515715948779999933e-01
5.173236373820000455e-01 3.521536670550000081e-01
5.174100079960000098e-01 3.527357392320000229e-01
5.174374292229999561e-01 3.533178114089999822e-01
5.174646528899999876e-01 3.538998835859999970e-01
5.174740069690000333e-01 3.544819557630000117e-01
5.174803979140000232e-01 3.550640279389999932e-01
5.175189303930000095e-01 3.556461001160000079e-01
5.175958725089999657e-01 3.562281722930000227e-01
5.176347504870000282e-01 3.568102444699999820e-01
5.176409188899999680e-01 3.573923166469999968e-01
5.177490044620000065e-01 3.579743888240000116e-01
5.177597446049999608e-01 3.585564610010000264e-01
5.177738628779999797e-01 3.591385331779999857e-01
5.179181673820000276e-01 3.597206053550000004e-01
5.179245847579999618e-01 3.603026775320000152e-01
5.179727385340000545e-01 3.608847497089999745e-01
5.180618614599999949e-01 3.614668218859999893e-01
5.181041742559999719e-01 3.620488940630000041e-01
5.181880758519999963e-01 3.626309662400000189e-01
5.182085001959999548e-01 3.632130384169999782e-01
5.182376985440000361e-01 3.637951105939999930e-01
5.183431793439999824e-01 3.643771827710000077e-01
5.183652188070000388e-01 3.649592549480000225e-01
5.183742091040000055e-01 3.655413271249999818e-01
5.183802757559999863e-01 3.661233993019999966e-01
5.184115876729999961e-01 3.667054714779999780e-01
5.184236775870000313e-01 3.672875436549999928e-01
5.184339525019999728e-01 3.678696158320000076e-01
5.184390226320000350e-01 3.684516880090000224e-01
5.185236959369999843e-01 3.690337601859999817e-01
5.185282509440000132e-01 3.696158323629999964e-01
5.185810576620000223e-01 3.701979045400000112e-01
5.185920033430000409e-01 3.707799767170000260e-01
5.186389262449999649e-01 3.713620488939999853e-01
5.186465857449999994e-01 3.719441210710000001e-01
5.187207870659999998e-01 3.725261932480000149e-01
5.187418909969999659e-01 3.731082654249999742e-01
5.187810735590000499e-01 3.736903376019999889e-01
5.188043454070000449e-01 3.742724097790000037e-01
5.188147215789999933e-01 3.748544819560000185e-01
5.188252729650000283e-01 3.754365541329999778e-01
5.188371005020000482e-01 3.760186263099999926e-01
5.188838112270000025e-01 3.766006984870000074e-01
5.189052520219999964e-01 3.771827706640000222e-01
5.189513724169999564e-01 3.777648428409999815e-01
5.189571170490000496e-01 3.783469150170000184e-01
5.189825965269999619e-01 3.789289871939999776e-01
5.190154297900000380e-01 3.795110593709999924e-01
5.190679396999999806e-01 3.800931315480000072e-01
5.190913654230000507e-01 3.806752037250000220e-01
5.191037488849999937e-01 3.812572759019999813e-01
5.191397407269999764e-01 3.818393480789999961e-01
5.191516426619999791e-01 3.824214202560000109e-01
5.192081027810000471e-01 3.830034924330000257e-01
5.192149350820000064e-01 3.835855646099999849e-01
5.192340453189999705e-01 3.841676367869999997e-01
5.192375832929999602e-01 3.847497089640000145e-01
5.192393949739999570e-01 3.853317811409999738e-01
5.192679577340000296e-01 3.859138533179999886e-01
5.193186734689999584e-01 3.864959254950000034e-01
5.193440666430000352e-01 3.870779976720000182e-01
5.193790942570000180e-01 3.876600698489999774e-01
5.193807902610000360e-01 3.882421420259999922e-01
5.193899733079999637e-01 3.888242142030000070e-01
5.194111880620000399e-01 3.894062863800000218e-01
5.194352960470000058e-01 3.899883585560000032e-01
5.194723330210000434e-01 3.905704307330000180e-01
5.194837417469999608e-01 3.911525029099999773e-01
5.194864858690000364e-01 3.917345750869999921e-01
5.195342539180000108e-01 3.923166472640000069e-01
5.195390600489999677e-01 3.928987194410000217e-01
5.195451506720000223e-01 3.934807916179999809e-01
5.195588031260000017e-01 3.940628637949999957e-01
5.195754305849999977e-01 3.946449359720000105e-01
5.196121094060000001e-01 3.952270081490000253e-01
5.196372962580000365e-01 3.958090803259999846e-01
5.196581277480000205e-01 3.963911525029999994e-01
5.196666381410000035e-01 3.969732246800000142e-01
5.196766272899999706e-01 3.975552968569999734e-01
5.196940825450000467e-01 3.981373690339999882e-01
5.197080773590000424e-01 3.987194412110000030e-01
5.197183818080000073e-01 3.993015133880000178e-01
5.198507398430000093e-01 3.998835855649999771e-01
5.199030883699999883e-01 4.004656577419999919e-01
5.199111467210000281e-01 4.010477299190000067e-01
5.200252406359999746e-01 4.016298020949999881e-01
5.200821783629999695e-01 4.022118742720000029e-01
5.200893379890000334e-01 4.027939464490000177e-01
5.201089325800000163e-01 4.033760186259999769e-01
5.201105452830000475e-01 4.039580908029999917e-01
5.202253956279999647e-01 4.045401629800000065e-01
5.203547986690000293e-01 4.051222351570000213e-01
5.203623813700000156e-01 4.057043073339999806e-01
5.203780784370000134e-01 4.062863795109999954e-01
5.204223576209999758e-01 4.068684516880000102e-01
5.204743421319999452e-01 4.074505238650000249e-01
5.205124936689999871e-01 4.080325960419999842e-01
5.205236946240000551e-01 4.086146682189999990e-01
5.205336243250000550e-01 4.091967403960000138e-01
5.205417042159999896e-01 4.097788125729999731e-01
5.205633587360000147e-01 4.103608847499999879e-01
5.205970243669999498e-01 4.109429569270000027e-01
5.206097799640000412e-01 4.115250291040000175e-01
5.206144387629999537e-01 4.121071012809999767e-01
5.206170441559999640e-01 4.126891734579999915e-01
5.207394258119999453e-01 4.132712456339999729e-01
5.207427487629999741e-01 4.138533178109999877e-01
5.207473748059999741e-01 4.144353899880000025e-01
5.207526350319999775e-01 4.150174621650000173e-01
5.207932916940000156e-01 4.155995343419999766e-01
5.208084086859999795e-01 4.161816065189999914e-01
5.208100257469999717e-01 4.167636786960000062e-01
5.208498615879999516e-01 4.173457508730000209e-01
5.208714084929999544e-01 4.179278230499999802e-01
5.208833716899999855e-01 4.185098952269999950e-01
5.208950883199999771e-01 4.190919674040000098e-01
5.208978186020000178e-01 4.196740395810000246e-01
5.209290079199999646e-01 4.202561117579999839e-01
5.209457701149999842e-01 4.208381839349999987e-01
5.209925603349999657e-01 4.214202561120000134e-01
5.209955923350000351e-01 4.220023282889999727e-01
5.210466629090000357e-01 4.225844004659999875e-01
5.210539642779999925e-01 4.231664726430000023e-01
5.210555549990000257e-01 4.237485448200000171e-01
5.211343078969999931e-01 4.243306169969999764e-01
5.211845394849999868e-01 4.249126891730000133e-01
5.211983427620000553e-01 4.254947613499999726e-01
5.212189457910000323e-01 4.260768335269999874e-01
5.212380867289999609e-01 4.266589057040000021e-01
5.212660510100000089e-01 4.272409778810000169e-01
5.212723045349999529e-01 4.278230500579999762e-01
5.212858807189999499e-01 4.284051222349999910e-01
5.212866172000000242e-01 4.289871944120000058e-01
5.213096292140000365e-01 4.295692665890000206e-01
5.213420596169999754e-01 4.301513387659999799e-01
5.213550118030000347e-01 4.307334109429999947e-01
5.213801831130000508e-01 4.313154831200000094e-01
5.213813039269999949e-01 4.318975552970000242e-01
5.213898924250000011e-01 4.324796274739999835e-01
5.214011262879999498e-01 4.330616996509999983e-01
5.214072289000000193e-01 4.336437718280000131e-01
5.214453675719999959e-01 4.342258440049999724e-01
5.215133109430000191e-01 4.348079161819999872e-01
5.215520695599999978e-01 4.353899883590000019e-01
5.215659843840000365e-01 4.359720605360000167e-01
5.215928859199999712e-01 4.365541327119999981e-01
5.215974539159999868e-01 4.371362048890000129e-01
5.216273352729999813e-01 4.377182770660000277e-01
5.216311389700000190e-01 4.383003492429999870e-01
5.216377652239999607e-01 4.388824214200000018e-01
5.216542656839999736e-01 4.394644935970000166e-01
5.216651287829999761e-01 4.400465657739999759e-01
5.217208177859999907e-01 4.406286379509999906e-01
5.217495742829999505e-01 4.412107101280000054e-01
5.217746906989999545e-01 4.417927823050000202e-01
5.217850763979999806e-01 4.423748544819999795e-01
5.218256272240000548e-01 4.429569266589999943e-01
5.218259991060000269e-01 4.435389988360000091e-01
5.218377559060000115e-01 4.441210710130000239e-01
5.219011106580000448e-01 4.447031431899999832e-01
5.219116036019999516e-01 4.452852153669999979e-01
5.219142551159999810e-01 4.458672875440000127e-01
5.219191057469999562e-01 4.464493597210000275e-01
5.219217943970000384e-01 4.470314318979999868e-01
5.219417157869999935e-01 4.476135040750000016e-01
5.219552351539999968e-01 4.481955762509999830e-01
5.219637831560000052e-01 4.487776484279999978e-01
5.219842733780000188e-01 4.493597206050000126e-01
5.220290343050000281e-01 4.499417927820000274e-01
5.220342117439999985e-01 4.505238649589999866e-01
5.220532144880000169e-01 4.511059371360000014e-01
5.220539983790000171e-01 4.516880093130000162e-01
5.221023450349999706e-01 4.522700814899999755e-01
5.221441339950000371e-01 4.528521536669999903e-01
5.221734732989999905e-01 4.534342258440000051e-01
5.222194418050000175e-01 4.540162980210000199e-01
5.222261279290000280e-01 4.545983701979999791e-01
5.222682074319999757e-01 4.551804423749999939e-01
5.223046197489999987e-01 4.557625145520000087e-01
5.223922315590000531e-01 4.563445867290000235e-01
5.224245128590000453e-01 4.569266589059999828e-01
5.224573945210000403e-01 4.575087310829999976e-01
5.224580418850000019e-01 4.580908032600000124e-01
5.224668471100000211e-01 4.586728754370000272e-01
5.224954033950000021e-01 4.592549476139999864e-01
5.225097034929999662e-01 4.598370197900000234e-01
5.225219957469999787e-01 4.604190919669999826e-01
5.225334639409999760e-01 4.610011641439999974e-01
5.225618801679999814e-01 4.615832363210000122e-01
5.225875708460000491e-01 4.621653084980000270e-01
5.226340750960000170e-01 4.627473806749999863e-01
5.226529316169999939e-01 4.633294528520000011e-01
5.227456350800000484e-01 4.639115250290000159e-01
5.227863688399999598e-01 4.644935972059999751e-01
5.227972270959999612e-01 4.650756693829999899e-01
5.228496820589999539e-01 4.656577415600000047e-01
5.228502503149999869e-01 4.662398137370000195e-01
5.228794802739999970e-01 4.668218859139999788e-01
5.229232329459999606e-01 4.674039580909999936e-01
5.229256342400000479e-01 4.679860302680000084e-01
5.229544356130000349e-01 4.685681024450000232e-01
5.229560060060000071e-01 4.691501746219999824e-01
5.229584277729999453e-01 4.697322467989999972e-01
5.229640375570000499e-01 4.703143189760000120e-01
5.229742273359999638e-01 4.708963911530000268e-01
5.229792106859999512e-01 4.714784633290000082e-01
5.230034373230000311e-01 4.720605355060000230e-01
5.230359832519999586e-01 4.726426076829999823e-01
5.230463644270000323e-01 4.732246798599999971e-01
5.230562039320000300e-01 4.738067520370000119e-01
5.230606660669999686e-01 4.743888242140000266e-01
5.230752332139999572e-01 4.749708963909999859e-01
5.230944964560000354e-01 4.755529685680000007e-01
5.231251101049999574e-01 4.761350407450000155e-01
5.231394770170000319e-01 4.767171129219999748e-01
5.231927582830000478e-01 4.772991850989999896e-01
5.232000212749999823e-01 4.778812572760000044e-01
5.232106992120000299e-01 4.784633294530000192e-01
5.232169795829999526e-01 4.790454016299999784e-01
5.232358921090000115e-01 4.796274738069999932e-01
5.232477736939999957e-01 4.802095459840000080e-01
5.232568154760000034e-01 4.807916181610000228e-01
5.232723112599999560e-01 4.813736903379999821e-01
5.233120859259999813e-01 4.819557625149999969e-01
5.233342269890000065e-01 4.825378346920000117e-01
5.233442342040000028e-01 4.831199068679999931e-01
5.233525398589999877e-01 4.837019790450000079e-01
5.234156013659999607e-01 4.842840512220000226e-01
5.234362380210000332e-01 4.848661233989999819e-01
5.234392968869999718e-01 4.854481955759999967e-01
5.234716205849999637e-01 4.860302677530000115e-01
5.235026113799999825e-01 4.866123399300000263e-01
5.235030188050000532e-01 4.871944121069999856e-01
5.235143508099999732e-01 4.877764842840000004e-01
5.235549982039999772e-01 4.883585564610000151e-01
5.235628634800000292e-01 4.889406286379999744e-01
5.235772653810000232e-01 4.895227008149999892e-01
5.235787131989999565e-01 4.901047729920000040e-01
5.235807109650000291e-01 4.906868451690000188e-01
5.235957559180000054e-01 4.912689173459999781e-01
5.235989104589999776e-01 4.918509895229999929e-01
5.236080841260000174e-01 4.924330617000000077e-01
5.236488612159999612e-01 4.930151338770000224e-01
5.236509317390000140e-01 4.935972060539999817e-01
5.236522381889999744e-01 4.941792782309999965e-01
5.236701820000000396e-01 4.947613504069999779e-01
5.236710932829999887e-01 4.953434225839999927e-01
5.236812117450000414e-01 4.959254947610000075e-01
5.236902447700000351e-01 4.965075669380000223e-01
5.236975249090000117e-01 4.970896391149999816e-01
5.237052192669999773e-01 4.976717112919999964e-01
5.237239209209999524e-01 4.982537834690000111e-01
5.237298553029999804e-01 4.988358556460000259e-01
5.237652033780000327e-01 4.994179278229999852e-01
5.237843429449999810e-01 5.000000000000000000e-01
5.237866516339999556e-01 5.005820721770000148e-01
5.237895204889999601e-01 5.011641443540000296e-01
5.238162906890000414e-01 5.017462165310000444e-01
5.238785894130000287e-01 5.023282887079999481e-01
5.239009514210000162e-01 5.029103608849999629e-01
5.239194496460000128e-01 5.034924330619999777e-01
5.239233377030000360e-01 5.040745052389999925e-01
5.239347544579999738e-01 5.046565774160000073e-01
5.239548982089999862e-01 5.052386495930000221e-01
5.239549437129999987e-01 5.058207217700000369e-01
5.239550281289999667e-01 5.064027939459999628e-01
5.239581450110000205e-01 5.069848661229999776e-01
5.239722628309999575e-01 5.075669382999999923e-01
5.239941573480000336e-01 5.081490104770000071e-01
5.240113622830000484e-01 5.087310826540000219e-01
5.240384457919999850e-01 5.093131548310000367e-01
5.240664743590000008e-01 5.098952270080000515e-01
5.240693865279999475e-01 5.104772991849999553e-01
5.241216577280000122e-01 5.110593713619999701e-01
5.241309279550000477e-01 5.116414435389999849e-01
5.241337295329999701e-01 5.122235157159999996e-01
5.241838165890000401e-01 5.128055878930000144e-01
5.241927584250000161e-01 5.133876600700000292e-01
5.242141225230000368e-01 5.139697322470000440e-01
5.242443763180000271e-01 5.145518044239999478e-01
5.242614348620000531e-01 5.151338766009999626e-01
5.243344118280000021e-01 5.157159487779999774e-01
5.243419856290000292e-01 5.162980209549999921e-01
5.243432094990000403e-01 5.168800931320000069e-01
5.243523368920000038e-01 5.174621653080000439e-01
5.243644814650000319e-01 5.180442374849999476e-01
5.243933366990000122e-01 5.186263096619999624e-01
5.243962582750000267e-01 5.192083818389999772e-01
5.244292161870000024e-01 5.197904540159999920e-01
5.244409172509999495e-01 5.203725261930000068e-01
5.244505265040000364e-01 5.209545983700000216e-01
5.244599162359999678e-01 5.215366705470000364e-01
5.244846194350000212e-01 5.221187427240000511e-01
5.245179214299999781e-01 5.227008149009999549e-01
5.245758578960000307e-01 5.232828870779999697e-01
5.245825267549999449e-01 5.238649592549999845e-01
5.245896483490000151e-01 5.244470314319999993e-01
5.245974398289999785e-01 5.250291036090000141e-01
5.245998003870000481e-01 5.256111757860000289e-01
5.246351600059999676e-01 5.261932479630000437e-01
5.246515375119999991e-01 5.267753201399999474e-01
5.246537389430000475e-01 5.273573923169999622e-01
5.246664487800000165e-01 5.279394644939999770e-01
5.246766599950000165e-01 5.285215366709999918e-01
5.247026503180000079e-01 5.291036088470000287e-01
5.247065734139999549e-01 5.296856810240000435e-01
5.247384605010000369e-01 5.302677532009999473e-01
5.247425018500000427e-01 5.308498253779999621e-01
5.247919486740000306e-01 5.314318975549999768e-01
5.247919898070000366e-01 5.320139697319999916e-01
5.248001363459999791e-01 5.325960419090000064e-01
5.248210624369999966e-01 5.331781140860000212e-01
5.248368546730000084e-01 5.337601862630000360e-01
5.248816292129999672e-01 5.343422584400000508e-01
5.249354193949999914e-01 5.349243306169999546e-01
5.249711599159999631e-01 5.355064027939999693e-01
5.249974091889999528e-01 5.360884749709999841e-01
5.249993449350000008e-01 5.366705471479999989e-01
5.250017905689999820e-01 5.372526193250000137e-01
5.250279907920000211e-01 5.378346915020000285e-01
5.250280026019999990e-01 5.384167636790000433e-01
5.250481132300000020e-01 5.389988358559999471e-01
5.250612822139999469e-01 5.395809080329999619e-01
5.250840934099999524e-01 5.401629802099999766e-01
5.250980626829999665e-01 5.407450523860000136e-01
5.251174514330000376e-01 5.413271245630000283e-01
5.251222057429999479e-01 5.419091967400000431e-01
5.251275077620000120e-01 5.424912689169999469e-01
5.251278378329999885e-01 5.430733410939999617e-01
5.251358655569999812e-01 5.436554132709999765e-01
5.251724818149999807e-01 5.442374854479999913e-01
5.251791334709999814e-01 5.448195576250000061e-01
5.251930136569999963e-01 5.454016298020000209e-01
5.251984643729999958e-01 5.459837019790000356e-01
5.252057230279999489e-01 5.465657741560000504e-01
5.252402837640000044e-01 5.471478463329999542e-01
5.252520851699999938e-01 5.477299185099999690e-01
5.252739042870000485e-01 5.483119906869999838e-01
5.252801836049999507e-01 5.488940628639999986e-01
5.252803756980000127e-01 5.494761350410000134e-01
5.253207242199999794e-01 5.500582072180000281e-01
5.253728872089999946e-01 5.506402793950000429e-01
5.253840174270000274e-01 5.512223515719999467e-01
5.253936756260000340e-01 5.518044237489999615e-01
5.253942419679999976e-01 5.523864959249999984e-01
5.254104747829999589e-01 5.529685681020000132e-01
5.254840495320000082e-01 5.535506402790000280e-01
5.254902972410000483e-01 5.541327124560000428e-01
5.254945377020000530e-01 5.547147846329999465e-01
5.255070752920000254e-01 5.552968568099999613e-01
5.255153666659999612e-01 5.558789289869999761e-01
5.255172044949999455e-01 5.564610011639999909e-01
5.255201459060000468e-01 5.570430733410000057e-01
5.255301958639999604e-01 5.576251455180000205e-01
5.255332466690000315e-01 5.582072176950000353e-01
5.255343319949999925e-01 5.587892898720000501e-01
5.255346940449999726e-01 5.593713620489999538e-01
5.255395109179999968e-01 5.599534342259999686e-01
5.255403776050000531e-01 5.605355064029999834e-01
5.255543493140000244e-01 5.611175785799999982e-01
5.255746366469999931e-01 5.616996507570000130e-01
5.256228445809999483e-01 5.622817229340000278e-01
5.256376936459999927e-01 5.628637951110000426e-01
5.256688206949999831e-01 5.634458672879999463e-01
5.256688659760000437e-01 5.640279394639999833e-01
5.256943391609999461e-01 5.646100116409999981e-01
5.257043359299999885e-01 5.651920838180000128e-01
5.257045120190000365e-01 5.657741559950000276e-01
5.257077853389999778e-01 5.663562281720000424e-01
5.257232182350000116e-01 5.669383003489999462e-01
5.257595977410000065e-01 5.675203725259999610e-01
5.257866237939999854e-01 5.681024447029999758e-01
5.258186817219999698e-01 5.686845168799999906e-01
5.258195195729999938e-01 5.692665890570000053e-01
5.258268938700000339e-01 5.698486612340000201e-01
5.258713952010000137e-01 5.704307334110000349e-01
5.258719507979999763e-01 5.710128055880000497e-01
5.258721284670000440e-01 5.715948777649999535e-01
5.258746277800000479e-01 5.721769499419999683e-01
5.258840368830000056e-01 5.727590221189999831e-01
5.258979252809999894e-01 5.733410942959999979e-01
5.259224514879999868e-01 5.739231664730000126e-01
5.259662072630000296e-01 5.745052386500000274e-01
5.259924159179999448e-01 5.750873108270000422e-01
5.260000970420000144e-01 5.756693830029999681e-01
5.260276986499999863e-01 5.762514551799999829e-01
5.260467843510000518e-01 5.768335273569999977e-01
5.260480799329999568e-01 5.774155995340000125e-01
5.260580880680000293e-01 5.779976717110000273e-01
5.260701264849999559e-01 5.785797438880000421e-01
5.260804743539999606e-01 5.791618160649999458e-01
5.260923967430000125e-01 5.797438882419999606e-01
5.260984653400000433e-01 5.803259604189999754e-01
5.260995712839999783e-01 5.809080325959999902e-01
5.261199913720000509e-01 5.814901047730000050e-01
5.261282997849999754e-01 5.820721769500000198e-01
5.261344010459999554e-01 5.826542491270000346e-01
5.261468416190000497e-01 5.832363213040000494e-01
5.261598625350000225e-01 5.838183934809999531e-01
5.261723357509999754e-01 5.844004656579999679e-01
5.261875339199999502e-01 5.849825378349999827e-01
5.261974168949999919e-01 5.855646100119999975e-01
5.262127658899999894e-01 5.861466821890000123e-01
5.262312682459999724e-01 5.867287543660000271e-01
5.262568311580000380e-01 5.873108265419999530e-01
5.262594928820000240e-01 5.878928987189999678e-01
5.262597532339999828e-01 5.884749708959999825e-01
5.262600339040000019e-01 5.890570430729999973e-01
5.262602313669999532e-01 5.896391152500000121e-01
5.262682415870000296e-01 5.902211874270000269e-01
5.262702628369999580e-01 5.908032596040000417e-01
5.262847153520000543e-01 5.913853317809999455e-01
5.263092226609999980e-01 5.919674039579999603e-01
5.263232539400000132e-01 5.925494761349999751e-01
5.263258328809999886e-01 5.931315483119999898e-01
5.263352244569999838e-01 5.937136204890000046e-01
5.263374036829999714e-01 5.942956926660000194e-01
5.263435240670000237e-01 5.948777648430000342e-01
5.263679692980000047e-01 5.954598370200000490e-01
5.263747189259999626e-01 5.960419091969999528e-01
5.264214064459999953e-01 5.966239813739999676e-01
5.264252281789999488e-01 5.972060535509999823e-01
5.264270079899999732e-01 5.977881257279999971e-01
5.264299097319999898e-01 5.983701979050000119e-01
5.264573301580000031e-01 5.989522700810000488e-01
5.264576865879999623e-01 5.995343422579999526e-01
5.264615754489999633e-01 6.001164144349999674e-01
5.264645154920000181e-01 6.006984866119999822e-01
5.264690005709999898e-01 6.012805587889999970e-01
5.264727670140000315e-01 6.018626309660000118e-01
5.264852084419999745e-01 6.024447031430000266e-01
5.265098350319999954e-01 6.030267753200000413e-01
5.265218520559999948e-01 6.036088474969999451e-01
5.265685711280000403e-01 6.041909196739999599e-01
5.265691779479999557e-01 6.047729918509999747e-01
5.265714146050000100e-01 6.053550640279999895e-01
5.265786536319999600e-01 6.059371362050000043e-01
5.265888116989999590e-01 6.065192083820000191e-01
5.265906815299999932e-01 6.071012805590000339e-01
5.266092448529999803e-01 6.076833527360000486e-01
5.266144325329999987e-01 6.082654249129999524e-01
5.266412659650000494e-01 6.088474970899999672e-01
5.266472702250000193e-01 6.094295692669999820e-01
5.266551723029999632e-01 6.100116414439999968e-01
5.266830891399999492e-01 6.105937136200000337e-01
5.266981046519999543e-01 6.111757857970000485e-01
5.267044598160000035e-01 6.117578579739999523e-01
5.267165800449999935e-01 6.123399301509999670e-01
5.267174404259999942e-01 6.129220023279999818e-01
5.267466856119999985e-01 6.135040745049999966e-01
5.267482695759999611e-01 6.140861466820000114e-01
5.267514119939999961e-01 6.146682188590000262e-01
5.267538491190000283e-01 6.152502910360000410e-01
5.267682670690000402e-01 6.158323632129999448e-01
5.267819713310000207e-01 6.164144353899999595e-01
5.268003108300000070e-01 6.169965075669999743e-01
5.268036491280000400e-01 6.175785797439999891e-01
5.268210381750000337e-01 6.181606519210000039e-01
5.268235586880000154e-01 6.187427240980000187e-01
5.268263471380000285e-01 6.193247962750000335e-01
5.268291450469999582e-01 6.199068684520000483e-01
5.268327968720000198e-01 6.204889406289999521e-01
5.268369059309999658e-01 6.210710128059999668e-01
5.268596430440000145e-01 6.216530849829999816e-01
5.268640763349999867e-01 6.222351571590000185e-01
5.268680922430000191e-01 6.228172293360000333e-01
5.268701512679999643e-01 6.233993015130000481e-01
5.268706883689999732e-01 6.239813736899999519e-01
5.268882441100000147e-01 6.245634458669999667e-01
5.268953357419999817e-01 6.251455180439999815e-01
5.269024038249999764e-01 6.257275902209999963e-01
5.269042858279999741e-01 6.263096623980000111e-01
5.269485561769999826e-01 6.268917345750000258e-01
5.269580660270000161e-01 6.274738067520000406e-01
5.269640859240000141e-01 6.280558789290000554e-01
5.269732001410000199e-01 6.286379511059999592e-01
5.269836135630000529e-01 6.292200232829999740e-01
5.270074114399999621e-01 6.298020954599999888e-01
5.270144035880000022e-01 6.303841676370000036e-01
5.270149119870000121e-01 6.309662398140000183e-01
5.270288604180000114e-01 6.315483119910000331e-01
5.270291603690000493e-01 6.321303841680000479e-01
5.270417717559999771e-01 6.327124563449999517e-01
5.270422586099999807e-01 6.332945285219999665e-01
5.270572866020000191e-01 6.338766006980000034e-01
5.270923178590000147e-01 6.344586728750000182e-01
5.271036840659999445e-01 6.350407450520000330e-01
5.271111324730000103e-01 6.356228172290000478e-01
5.271178228909999541e-01 6.362048894059999515e-01
5.271227722060000120e-01 6.367869615829999663e-01
5.271320148510000303e-01 6.373690337599999811e-01
5.271401800149999595e-01 6.379511059369999959e-01
5.271421434380000326e-01 6.385331781140000107e-01
5.271737802200000544e-01 6.391152502910000255e-01
5.271847317209999995e-01 6.396973224680000403e-01
5.271872230440000084e-01 6.402793946450000551e-01
5.271929832820000383e-01 6.408614668219999588e-01
5.271978499760000547e-01 6.414435389989999736e-01
5.272179821619999984e-01 6.420256111759999884e-01
5.272181564690000544e-01 6.426076833530000032e-01
5.272193731740000278e-01 6.431897555300000180e-01
5.272315613860000250e-01 6.437718277070000328e-01
5.272427850869999544e-01 6.443538998840000476e-01
5.272495890289999876e-01 6.449359720609999513e-01
5.272505786679999584e-01 6.455180442369999883e-01
5.272754209669999748e-01 6.461001164140000030e-01
5.272772577240000258e-01 6.466821885910000178e-01
5.272801760599999943e-01 6.472642607680000326e-01
5.272874751149999595e-01 6.478463329450000474e-01
5.272889164180000199e-01 6.484284051219999512e-01
5.273029629430000531e-01 6.490104772989999660e-01
5.273219330749999711e-01 6.495925494759999808e-01
5.273312374819999482e-01 6.501746216529999955e-01
5.273457631619999919e-01 6.507566938300000103e-01
5.273642160120000089e-01 6.513387660070000251e-01
5.273863777249999663e-01 6.519208381840000399e-01
5.273866082670000122e-01 6.525029103610000547e-01
5.274023212549999728e-01 6.530849825379999585e-01
5.274174047080000260e-01 6.536670547149999733e-01
5.274330273270000369e-01 6.542491268919999881e-01
5.274376849020000479e-01 6.548311990690000028e-01
5.274442377100000412e-01 6.554132712460000176e-01
5.274478361000000115e-01 6.559953434230000324e-01
5.274541203729999905e-01 6.565774156000000472e-01
5.275012433069999895e-01 6.571594877759999731e-01
5.275198076229999922e-01 6.577415599529999879e-01
5.275201708440000470e-01 6.583236321300000027e-01
5.275219515040000529e-01 6.589057043070000175e-01
5.275262007669999642e-01 6.594877764840000323e-01
5.275605457119999508e-01 6.600698486610000471e-01
5.275769283000000254e-01 6.606519208379999508e-01
5.275802813809999936e-01 6.612339930149999656e-01
5.275828484000000262e-01 6.618160651919999804e-01
5.275833111509999895e-01 6.623981373689999952e-01
5.275868109129999706e-01 6.629802095460000100e-01
5.276207814829999565e-01 6.635622817230000248e-01
5.276253504119999826e-01 6.641443539000000396e-01
5.276351203870000006e-01 6.647264260770000543e-01
5.276363140399999985e-01 6.653084982539999581e-01
5.276583108279999657e-01 6.658905704309999729e-01
5.276600215169999775e-01 6.664726426079999877e-01
5.276603565299999854e-01 6.670547147850000025e-01
5.276645054159999626e-01 6.676367869620000173e-01
5.276757246430000547e-01 6.682188591390000321e-01
5.276765698359999757e-01 6.688009313149999580e-01
5.276776852579999622e-01 6.693830034919999727e-01
5.276801985819999929e-01 6.699650756689999875e-01
5.276834959489999921e-01 6.705471478460000023e-01
5.277072656589999466e-01 6.711292200230000171e-01
5.277157680870000478e-01 6.717112922000000319e-01
5.277345711449999976e-01 6.722933643770000467e-01
5.277441507710000090e-01 6.728754365539999505e-01
5.277786425320000196e-01 6.734575087309999653e-01
5.277831460459999624e-01 6.740395809079999800e-01
5.277996224180000473e-01 6.746216530849999948e-01
5.278001473190000459e-01 6.752037252620000096e-01
5.278108265950000044e-01 6.757857974390000244e-01
5.278225075739999550e-01 6.763678696160000392e-01
5.278328996479999535e-01 6.769499417930000540e-01
5.278338661829999889e-01 6.775320139699999578e-01
5.278512614560000316e-01 6.781140861469999725e-01
5.278822759290000555e-01 6.786961583239999873e-01
5.279010607009999578e-01 6.792782305010000021e-01
5.279059611549999920e-01 6.798603026780000169e-01
5.279433953150000081e-01 6.804423748540000538e-01
5.279482933489999530e-01 6.810244470309999576e-01
5.279671043579999834e-01 6.816065192079999724e-01
5.279755376729999838e-01 6.821885913849999872e-01
5.280283028440000415e-01 6.827706635620000020e-01
5.280283641399999839e-01 6.833527357390000168e-01
5.280318461970000543e-01 6.839348079160000315e-01
5.280362415529999964e-01 6.845168800930000463e-01
5.280704961950000165e-01 6.850989522699999501e-01
5.280864025070000078e-01 6.856810244469999649e-01
5.280875421799999803e-01 6.862630966239999797e-01
5.281093487960000221e-01 6.868451688009999945e-01
5.281391681289999696e-01 6.874272409780000093e-01
5.281466081829999659e-01 6.880093131550000241e-01
5.281515008970000258e-01 6.885913853320000388e-01
5.282077327790000165e-01 6.891734575090000536e-01
5.282166269850000484e-01 6.897555296859999574e-01
5.282169801260000463e-01 6.903376018629999722e-01
5.282193378620000379e-01 6.909196740399999870e-01
5.282224475729999646e-01 6.915017462170000018e-01
5.282329087129999934e-01 6.920838183930000387e-01
5.282338037899999561e-01 6.926658905700000535e-01
5.282554092950000335e-01 6.932479627469999572e-01
5.282650303670000103e-01 6.938300349239999720e-01
5.282850701479999689e-01 6.944121071009999868e-01
5.282917510679999706e-01 6.949941792780000016e-01
5.282945488269999990e-01 6.955762514550000164e-01
5.283254785890000305e-01 6.961583236320000312e-01
5.283328701130000082e-01 6.967403958090000460e-01
5.283415449760000548e-01 6.973224679859999497e-01
5.283623181919999690e-01 6.979045401629999645e-01
5.283885862510000475e-01 6.984866123399999793e-01
5.284402739789999526e-01 6.990686845169999941e-01
5.284488828019999751e-01 6.996507566940000089e-01
5.284664029579999589e-01 7.002328288710000237e-01
5.284689647200000451e-01 7.008149010480000385e-01
5.284828284179999836e-01 7.013969732250000533e-01
5.284898394689999668e-01 7.019790454019999570e-01
5.285041600840000298e-01 7.025611175789999718e-01
5.285328395220000308e-01 7.031431897559999866e-01
5.285362013579999463e-01 7.037252619320000235e-01
5.285458084130000289e-01 7.043073341090000383e-01
5.285718848089999700e-01 7.048894062860000531e-01
5.285914243539999724e-01 7.054714784629999569e-01
5.286006115019999951e-01 7.060535506399999717e-01
5.286040405449999868e-01 7.066356228169999865e-01
5.286156158670000105e-01 7.072176949940000013e-01
5.286383850379999805e-01 7.077997671710000160e-01
5.286394413920000313e-01 7.083818393480000308e-01
5.286489442880000222e-01 7.089639115250000456e-01
5.286684373059999942e-01 7.095459837019999494e-01
5.287153026490000185e-01 7.101280558789999642e-01
5.287262614040000308e-01 7.107101280559999790e-01
5.287745032780000187e-01 7.112922002329999938e-01
5.288456289540000022e-01 7.118742724100000085e-01
5.288782113309999922e-01 7.124563445870000233e-01
5.288829804919999988e-01 7.130384167640000381e-01
5.288856214549999546e-01 7.136204889410000529e-01
5.289123759360000454e-01 7.142025611179999567e-01
5.289140966330000415e-01 7.147846332949999715e-01
5.289268133710000042e-01 7.153667054710000084e-01
5.289332587139999875e-01 7.159487776480000232e-01
5.289448009280000029e-01 7.165308498250000380e-01
5.289520440770000276e-01 7.171129220020000528e-01
5.289521493850000144e-01 7.176949941789999565e-01
5.289587297919999820e-01 7.182770663559999713e-01
5.289636432659999832e-01 7.188591385329999861e-01
5.289764719059999454e-01 7.194412107100000009e-01
5.289842839539999897e-01 7.200232828870000157e-01
5.290250132460000421e-01 7.206053550640000305e-01
5.290329234289999905e-01 7.211874272410000453e-01
5.290584864870000459e-01 7.217694994179999490e-01
5.291071260580000324e-01 7.223515715949999638e-01
5.291107417620000142e-01 7.229336437719999786e-01
5.291113942309999540e-01 7.235157159489999934e-01
5.291208330909999979e-01 7.240977881260000082e-01
5.291273462829999552e-01 7.246798603030000230e-01
5.291307893729999545e-01 7.252619324800000378e-01
5.291674982749999812e-01 7.258440046570000526e-01
5.291761039040000503e-01 7.264260768339999563e-01
5.292029947799999912e-01 7.270081490099999932e-01
5.292319979189999968e-01 7.275902211870000080e-01
5.292389212170000024e-01 7.281722933640000228e-01
5.292531745640000063e-01 7.287543655410000376e-01
5.292583502109999838e-01 7.293364377180000524e-01
5.292691512839999834e-01 7.299185098949999562e-01
5.292828663459999694e-01 7.305005820719999710e-01
5.293384320489999961e-01 7.310826542489999857e-01
5.293409906660000441e-01 7.316647264260000005e-01
5.293441446590000377e-01 7.322467986030000153e-01
5.293827548859999510e-01 7.328288707800000301e-01
5.293855449769999666e-01 7.334109429570000449e-01
5.294110652369999892e-01 7.339930151339999487e-01
5.294248377700000452e-01 7.345750873109999635e-01
5.294344195900000383e-01 7.351571594879999783e-01
5.294351675909999555e-01 7.357392316649999930e-01
5.294536866979999701e-01 7.363213038420000078e-01
5.294657988819999606e-01 7.369033760190000226e-01
5.294914315369999569e-01 7.374854481960000374e-01
5.294990551880000007e-01 7.380675203730000522e-01
5.295050320709999703e-01 7.386495925489999781e-01
5.295243248940000313e-01 7.392316647259999929e-01
5.295511759600000090e-01 7.398137369030000077e-01
5.295701538710000378e-01 7.403958090800000225e-01
5.295721659319999608e-01 7.409778812570000373e-01
5.295891376970000008e-01 7.415599534340000520e-01
5.295997049609999507e-01 7.421420256109999558e-01
5.296210351919999892e-01 7.427240977879999706e-01
5.296411265599999529e-01 7.433061699649999854e-01
5.296591794710000523e-01 7.438882421420000002e-01
5.296665466359999908e-01 7.444703143190000150e-01
5.296878209249999969e-01 7.450523864960000298e-01
5.296882468589999560e-01 7.456344586730000445e-01
5.296929040769999819e-01 7.462165308499999483e-01
5.297009232980000037e-01 7.467986030269999631e-01
5.297038821720000401e-01 7.473806752039999779e-01
5.297082987750000305e-01 7.479627473809999927e-01
5.297362269019999514e-01 7.485448195580000075e-01
5.297453027120000435e-01 7.491268917350000223e-01
5.297622975979999760e-01 7.497089639120000371e-01
5.297640650360000425e-01 7.502910360879999629e-01
5.297685088600000425e-01 7.508731082649999777e-01
5.297744453389999775e-01 7.514551804419999925e-01
5.297840890999999663e-01 7.520372526190000073e-01
5.298200421280000461e-01 7.526193247960000221e-01
5.298347797700000417e-01 7.532013969730000369e-01
5.298468101190000334e-01 7.537834691500000517e-01
5.298538045599999746e-01 7.543655413269999555e-01
5.298682608429999830e-01 7.549476135039999702e-01
5.298907219349999753e-01 7.555296856809999850e-01
5.298970674140000003e-01 7.561117578579999998e-01
5.299191686949999980e-01 7.566938300350000146e-01
5.299202589410000330e-01 7.572759022120000294e-01
5.299215286220000376e-01 7.578579743890000442e-01
5.299393623320000080e-01 7.584400465659999480e-01
5.299409260749999850e-01 7.590221187429999627e-01
5.299514978489999750e-01 7.596041909199999775e-01
5.299520331449999455e-01 7.601862630969999923e-01
5.299672568740000367e-01 7.607683352740000071e-01
5.299774221370000538e-01 7.613504074510000219e-01
5.299939851610000474e-01 7.619324796269999478e-01
5.300015004760000314e-01 7.625145518039999626e-01
5.300029001060000411e-01 7.630966239809999774e-01
5.300104004960000115e-01 7.636786961579999922e-01
5.300234289230000284e-01 7.642607683350000070e-01
5.300252695449999552e-01 7.648428405120000217e-01
5.300343058919999573e-01 7.654249126890000365e-01
5.300474089390000421e-01 7.660069848660000513e-01
5.300511337569999704e-01 7.665890570429999551e-01
5.300572835550000361e-01 7.671711292199999699e-01
5.300687880890000425e-01 7.677532013969999847e-01
5.300745388149999959e-01 7.683352735739999995e-01
5.300775696809999493e-01 7.689173457510000143e-01
5.301116059699999550e-01 7.694994179280000290e-01
5.301326165249999889e-01 7.700814901050000438e-01
5.301393151990000385e-01 7.706635622819999476e-01
5.301519272750000455e-01 7.712456344589999624e-01
5.301524124769999569e-01 7.718277066359999772e-01
5.301590669400000344e-01 7.724097788129999920e-01
5.301654142749999687e-01 7.729918509900000068e-01
5.301654674810000190e-01 7.735739231660000437e-01
5.301748415729999886e-01 7.741559953429999474e-01
5.301898756330000184e-01 7.747380675199999622e-01
5.301978614610000085e-01 7.753201396969999770e-01
5.302030532860000367e-01 7.759022118739999918e-01
5.302041305469999966e-01 7.764842840510000066e-01
5.302288995709999453e-01 7.770663562280000214e-01
5.302378068440000147e-01 7.776484284050000362e-01
5.302480379480000172e-01 7.782305005820000510e-01
5.302544359559999698e-01 7.788125727589999547e-01
5.302804092220000376e-01 7.793946449359999695e-01
5.302979028019999541e-01 7.799767171129999843e-01
5.303183505799999864e-01 7.805587892899999991e-01
5.303253528219999957e-01 7.811408614670000139e-01
5.303258381090000251e-01 7.817229336440000287e-01
5.303310497430000492e-01 7.823050058210000435e-01
5.303328069810000489e-01 7.828870779979999472e-01
5.303332730709999776e-01 7.834691501749999620e-01
5.303635224139999771e-01 7.840512223519999768e-01
5.303997115749999880e-01 7.846332945289999916e-01
5.304349444949999492e-01 7.852153667050000285e-01
5.304407781219999674e-01 7.857974388820000433e-01
5.304431417630000034e-01 7.863795110589999471e-01
5.304467972490000127e-01 7.869615832359999619e-01
5.304569999839999772e-01 7.875436554129999767e-01
5.304598295629999738e-01 7.881257275899999915e-01
5.304671583860000039e-01 7.887077997670000062e-01
5.305147372420000451e-01 7.892898719440000210e-01
5.305186521339999572e-01 7.898719441210000358e-01
5.305239579039999764e-01 7.904540162980000506e-01
5.305243608440000092e-01 7.910360884749999544e-01
5.305301173449999963e-01 7.916181606519999692e-01
5.305339040540000273e-01 7.922002328289999840e-01
5.305621941300000532e-01 7.927823050059999987e-01
5.305664520199999679e-01 7.933643771830000135e-01
5.305784993969999697e-01 7.939464493600000283e-01
5.305829453910000382e-01 7.945285215370000431e-01
5.305985666750000496e-01 7.951105937139999469e-01
5.306021178099999958e-01 7.956926658909999617e-01
5.306032153690000142e-01 7.962747380679999765e-01
5.306112955970000433e-01 7.968568102440000134e-01
5.306400273229999742e-01 7.974388824210000282e-01
5.306586974779999855e-01 7.980209545980000430e-01
5.306660917669999700e-01 7.986030267749999467e-01
5.306939017739999986e-01 7.991850989519999615e-01
5.307040421480000436e-01 7.997671711289999763e-01
5.307247497989999729e-01 8.003492433059999911e-01
5.307307697359999743e-01 8.009313154830000059e-01
5.307312573970000003e-01 8.015133876600000207e-01
5.307483601800000450e-01 8.020954598370000355e-01
5.307509448599999624e-01 8.026775320140000503e-01
5.308082315259999850e-01 8.032596041909999540e-01
5.308096093540000115e-01 8.038416763679999688e-01
5.308259188680000129e-01 8.044237485449999836e-01
5.308277292980000395e-01 8.050058207219999984e-01
5.308300530899999758e-01 8.055878928990000132e-01
5.308424356809999800e-01 8.061699650760000280e-01
5.308446465699999672e-01 8.067520372530000428e-01
5.308572705449999818e-01 8.073341094299999465e-01
5.308675901120000207e-01 8.079161816069999613e-01
5.308696790639999552e-01 8.084982537829999982e-01
5.308856989610000188e-01 8.090803259600000130e-01
5.308869110060000507e-01 8.096623981370000278e-01
5.309084220759999750e-01 8.102444703140000426e-01
5.309091491649999828e-01 8.108265424909999464e-01
5.309158085640000024e-01 8.114086146679999612e-01
5.309422797789999926e-01 8.119906868449999759e-01
5.309762742929999835e-01 8.125727590219999907e-01
5.309910769660000085e-01 8.131548311990000055e-01
5.309988492920000303e-01 8.137369033760000203e-01
5.310005582779999678e-01 8.143189755530000351e-01
5.310051861550000307e-01 8.149010477300000499e-01
5.310484760750000532e-01 8.154831199069999537e-01
5.310529516059999677e-01 8.160651920839999685e-01
5.310603525599999486e-01 8.166472642609999832e-01
5.310787250030000184e-01 8.172293364379999980e-01
5.310814797559999523e-01 8.178114086150000128e-01
5.310952806559999795e-01 8.183934807920000276e-01
5.310981698910000048e-01 8.189755529690000424e-01
5.311013942450000247e-01 8.195576251459999462e-01
5.311158543330000148e-01 8.201396973219999831e-01
5.311177077650000022e-01 8.207217694989999979e-01
5.311776638920000515e-01 8.213038416760000127e-01
5.311790295810000506e-01 8.218859138530000275e-01
5.311809143300000313e-01 8.224679860300000422e-01
5.311916613860000469e-01 8.230500582069999460e-01
5.311929069509999657e-01 8.236321303839999608e-01
5.312038249180000005e-01 8.242142025609999756e-01
5.312243821530000520e-01 8.247962747379999904e-01
5.312392885740000459e-01 8.253783469150000052e-01
5.312808307449999878e-01 8.259604190920000200e-01
5.312952587160000295e-01 8.265424912690000347e-01
5.313032330119999980e-01 8.271245634460000495e-01
5.313051445830000441e-01 8.277066356229999533e-01
5.313081996380000227e-01 8.282887077999999681e-01
5.313140540349999830e-01 8.288707799769999829e-01
5.313309907750000116e-01 8.294528521539999977e-01
5.313314197180000198e-01 8.300349243310000125e-01
5.313810351080000549e-01 8.306169965080000273e-01
5.314006564869999671e-01 8.311990686850000420e-01
5.314147541489999682e-01 8.317811408609999679e-01
5.314161040610000386e-01 8.323632130379999827e-01
5.314220756849999949e-01 8.329452852149999975e-01
5.314474169120000369e-01 8.335273573920000123e-01
5.314731686470000049e-01 8.341094295690000271e-01
5.314892008079999952e-01 8.346915017460000419e-01
5.315100858989999510e-01 8.352735739229999457e-01
5.315149246570000097e-01 8.358556460999999604e-01
5.315393655960000130e-01 8.364377182769999752e-01
5.315531206650000451e-01 8.370197904539999900e-01
5.315592512240000511e-01 8.376018626310000048e-01
5.315775110010000359e-01 8.381839348080000196e-01
5.315840890940000119e-01 8.387660069850000344e-01
5.316040276400000320e-01 8.393480791620000492e-01
5.316228226570000048e-01 8.399301513389999529e-01
5.316325171400000382e-01 8.405122235159999677e-01
5.316409520589999715e-01 8.410942956929999825e-01
5.316474596319999968e-01 8.416763678699999973e-01
5.316505419470000104e-01 8.422584400470000121e-01
5.316553917830000309e-01 8.428405122240000269e-01
5.316598960010000541e-01 8.434225843999999528e-01
5.316637376680000138e-01 8.440046565769999676e-01
5.316754010449999956e-01 8.445867287539999824e-01
5.316776689600000161e-01 8.451688009309999972e-01
5.316805130670000379e-01 8.457508731080000119e-01
5.317305201559999750e-01 8.463329452850000267e-01
5.317412555630000037e-01 8.469150174620000415e-01
5.317519300830000351e-01 8.474970896389999453e-01
5.317771423949999576e-01 8.480791618159999601e-01
5.317933843690000328e-01 8.486612339929999749e-01
5.318072057620000237e-01 8.492433061699999897e-01
5.318197589380000423e-01 8.498253783470000045e-01
5.318249084439999885e-01 8.504074505240000192e-01
5.318293142709999977e-01 8.509895227010000340e-01
5.318363869619999740e-01 8.515715948780000488e-01
5.318728154420000465e-01 8.521536670549999526e-01
5.319257459330000160e-01 8.527357392319999674e-01
5.319710657899999751e-01 8.533178114089999822e-01
5.319756876640000520e-01 8.538998835859999970e-01
5.319998318899999967e-01 8.544819557630000117e-01
5.320285858709999927e-01 8.550640279390000487e-01
5.320486608900000247e-01 8.556461001159999524e-01
5.320493246559999667e-01 8.562281722929999672e-01
5.320950149769999582e-01 8.568102444699999820e-01
5.321754183189999488e-01 8.573923166469999968e-01
5.322299477249999855e-01 8.579743888240000116e-01
5.322359243690000241e-01 8.585564610010000264e-01
5.322474724739999496e-01 8.591385331780000412e-01
5.322659651059999941e-01 8.597206053549999449e-01
5.322682158499999483e-01 8.603026775319999597e-01
5.322805870019999830e-01 8.608847497089999745e-01
5.323137868609999490e-01 8.614668218859999893e-01
5.323221371969999449e-01 8.620488940630000041e-01
5.323955861529999778e-01 8.626309662400000189e-01
5.324107113129999957e-01 8.632130384170000337e-01
5.324167786000000291e-01 8.637951105940000485e-01
5.324355993820000243e-01 8.643771827709999522e-01
5.324567164850000367e-01 8.649592549479999670e-01
5.324579788369999678e-01 8.655413271249999818e-01
5.324748140949999708e-01 8.661233993019999966e-01
5.324878502869999641e-01 8.667054714780000335e-01
5.325118733960000350e-01 8.672875436550000483e-01
5.325213468980000142e-01 8.678696158319999521e-01
5.325321865750000105e-01 8.684516880089999669e-01
5.325417599259999468e-01 8.690337601859999817e-01
5.325426821640000252e-01 8.696158323629999964e-01
5.325518711429999552e-01 8.701979045400000112e-01
5.325696208450000357e-01 8.707799767170000260e-01
5.325784590790000328e-01 8.713620488940000408e-01
5.326010215119999502e-01 8.719441210709999446e-01
5.326288006749999582e-01 8.725261932479999594e-01
5.326355433380000060e-01 8.731082654249999742e-01
5.326550910330000166e-01 8.736903376019999889e-01
5.326612266600000423e-01 8.742724097790000037e-01
5.326836227650000311e-01 8.748544819560000185e-01
5.326893662210000491e-01 8.754365541330000333e-01
5.327458701589999901e-01 8.760186263100000481e-01
5.327484991530000435e-01 8.766006984869999519e-01
5.327489535589999825e-01 8.771827706639999667e-01
5.327492330980000412e-01 8.777648428409999815e-01
5.327734893229999491e-01 8.783469150170000184e-01
5.327761608940000393e-01 8.789289871940000332e-01
5.327943665990000355e-01 8.795110593710000479e-01
5.328195842009999517e-01 8.800931315479999517e-01
5.328339657720000400e-01 8.806752037249999665e-01
5.328911531429999515e-01 8.812572759019999813e-01
5.329052723320000240e-01 8.818393480789999961e-01
5.329111337859999686e-01 8.824214202560000109e-01
5.330113118760000379e-01 8.830034924330000257e-01
5.330122749679999661e-01 8.835855646100000405e-01
5.330232046349999697e-01 8.841676367870000552e-01
5.330359067340000312e-01 8.847497089639999590e-01
5.330433645790000341e-01 8.853317811409999738e-01
5.330467389109999621e-01 8.859138533179999886e-01
5.330540582730000088e-01 8.864959254950000034e-01
5.330573838700000122e-01 8.870779976720000182e-01
5.331405590919999771e-01 8.876600698490000330e-01
5.331600196619999954e-01 8.882421420260000477e-01
5.331906527659999728e-01 8.888242142029999515e-01
5.333090024119999661e-01 8.894062863799999663e-01
5.333157822380000246e-01 8.899883585560000032e-01
5.333219163029999654e-01 8.905704307330000180e-01
5.333387477059999826e-01 8.911525029100000328e-01
5.333409582629999868e-01 8.917345750870000476e-01
5.333875425559999606e-01 8.923166472639999514e-01
5.334278659419999791e-01 8.928987194409999661e-01
5.334286362210000076e-01 8.934807916179999809e-01
5.334331848000000154e-01 8.940628637949999957e-01
5.334551326309999730e-01 8.946449359720000105e-01
5.334780637129999947e-01 8.952270081490000253e-01
5.334792083689999798e-01 8.958090803260000401e-01
5.334852924420000475e-01 8.963911525030000549e-01
5.335465735659999931e-01 8.969732246799999587e-01
5.336280471709999862e-01 8.975552968569999734e-01
5.337167959180000310e-01 8.981373690339999882e-01
5.337312112530000485e-01 8.987194412110000030e-01
5.337547712110000120e-01 8.993015133880000178e-01
5.337906713529999569e-01 8.998835855650000326e-01
5.338005688770000035e-01 9.004656577420000474e-01
5.338024043369999916e-01 9.010477299189999512e-01
5.338122938649999538e-01 9.016298020949999881e-01
5.338379784279999596e-01 9.022118742720000029e-01
5.338383986779999812e-01 9.027939464490000177e-01
5.338658098909999650e-01 9.033760186260000324e-01
5.338663048380000165e-01 9.039580908030000472e-01
5.338791824609999681e-01 9.045401629799999510e-01
5.338826510159999650e-01 9.051222351569999658e-01
5.338880514249999543e-01 9.057043073339999806e-01
5.339056809679999516e-01 9.062863795109999954e-01
5.339300090799999898e-01 9.068684516880000102e-01
5.339454031279999846e-01 9.074505238650000249e-01
5.339626354700000022e-01 9.080325960420000397e-01
5.339715088240000185e-01 9.086146682190000545e-01
5.339983476020000452e-01 9.091967403959999583e-01
5.340007273010000111e-01 9.097788125729999731e-01
5.340091173340000275e-01 9.103608847499999879e-01
5.340299336410000430e-01 9.109429569270000027e-01
5.340632554730000425e-01 9.115250291040000175e-01
5.340803677069999589e-01 9.121071012810000322e-01
5.341289979309999936e-01 9.126891734580000470e-01
5.341871258610000339e-01 9.132712456339999729e-01
5.342667253449999709e-01 9.138533178109999877e-01
5.343358440559999867e-01 9.144353899880000025e-01
5.343386513890000522e-01 9.150174621650000173e-01
5.343677732889999810e-01 9.155995343420000321e-01
5.343776665139999826e-01 9.161816065190000469e-01
5.343785157979999978e-01 9.167636786959999506e-01
5.344091638339999450e-01 9.173457508729999654e-01
5.344290638249999947e-01 9.179278230499999802e-01
5.344534197729999825e-01 9.185098952269999950e-01
5.344609266719999585e-01 9.190919674040000098e-01
5.344736327550000388e-01 9.196740395810000246e-01
5.345007672060000381e-01 9.202561117580000394e-01
5.345113460939999728e-01 9.208381839350000542e-01
5.345179871649999859e-01 9.214202561119999579e-01
5.345183245389999449e-01 9.220023282889999727e-01
5.345439651209999976e-01 9.225844004659999875e-01
5.345590531680000090e-01 9.231664726430000023e-01
5.345631205280000353e-01 9.237485448200000171e-01
5.346198002119999515e-01 9.243306169970000319e-01
5.347101984409999842e-01 9.249126891729999578e-01
5.347331398450000384e-01 9.254947613499999726e-01
5.347591046149999805e-01 9.260768335269999874e-01
5.348101164399999830e-01 9.266589057040000021e-01
5.348529466650000508e-01 9.272409778810000169e-01
5.348660460409999651e-01 9.278230500580000317e-01
5.348664164780000396e-01 9.284051222350000465e-01
5.348836768269999986e-01 9.289871944119999503e-01
5.348919437629999774e-01 9.295692665889999651e-01
5.349196923010000049e-01 9.301513387659999799e-01
5.349557206370000317e-01 9.307334109429999947e-01
5.349620697429999794e-01 9.313154831200000094e-01
5.349657473569999766e-01 9.318975552970000242e-01
5.349846876480000013e-01 9.324796274740000390e-01
5.350469972670000018e-01 9.330616996510000538e-01
5.350498102199999773e-01 9.336437718279999576e-01
5.350777184680000076e-01 9.342258440049999724e-01
5.350969822219999728e-01 9.348079161819999872e-01
5.351043766319999451e-01 9.353899883590000019e-01
5.351365810029999892e-01 9.359720605360000167e-01
5.351578840749999788e-01 9.365541327120000537e-01
5.351799750200000316e-01 9.371362048889999574e-01
5.351948184939999686e-01 9.377182770659999722e-01
5.352312234710000505e-01 9.383003492429999870e-01
5.353121758690000398e-01 9.388824214200000018e-01
5.353487810660000346e-01 9.394644935970000166e-01
5.353692035520000170e-01 9.400465657740000314e-01
5.353801916610000378e-01 9.406286379510000462e-01
5.353804272679999476e-01 9.412107101279999499e-01
5.354197870329999720e-01 9.417927823049999647e-01
5.354507253729999805e-01 9.423748544819999795e-01
5.354558448020000361e-01 9.429569266589999943e-01
5.354712078809999998e-01 9.435389988360000091e-01
5.355222334189999600e-01 9.441210710130000239e-01
5.355500223589999553e-01 9.447031431900000387e-01
5.355563573029999969e-01 9.452852153670000535e-01
5.355575759280000181e-01 9.458672875439999572e-01
5.355672273370000180e-01 9.464493597209999720e-01
5.355679308759999646e-01 9.470314318979999868e-01
5.355800517819999662e-01 9.476135040750000016e-01
5.356008983369999754e-01 9.481955762510000385e-01
5.356355902170000238e-01 9.487776484280000533e-01
5.356828353360000294e-01 9.493597206049999571e-01
5.356917057340000454e-01 9.499417927819999719e-01
5.357115153279999875e-01 9.505238649589999866e-01
5.357289478769999835e-01 9.511059371360000014e-01
5.357295183300000430e-01 9.516880093130000162e-01
5.357693361530000420e-01 9.522700814900000310e-01
5.357726510989999635e-01 9.528521536670000458e-01
5.358046414049999484e-01 9.534342258439999496e-01
5.358501781890000482e-01 9.540162980209999644e-01
5.358920776879999570e-01 9.545983701979999791e-01
5.359000153190000004e-01 9.551804423749999939e-01
5.359136243380000497e-01 9.557625145520000087e-01
5.359219057859999635e-01 9.563445867290000235e-01
5.359392512870000402e-01 9.569266589060000383e-01
5.359419871349999642e-01 9.575087310830000531e-01
5.359467370710000456e-01 9.580908032599999569e-01
5.359775358380000077e-01 9.586728754369999717e-01
5.360248749339999730e-01 9.592549476139999864e-01
5.361043804199999707e-01 9.598370197900000234e-01
5.361202276440000247e-01 9.604190919670000381e-01
5.361216580050000013e-01 9.610011641440000529e-01
5.361545943529999469e-01 9.615832363209999567e-01
5.361770904349999478e-01 9.621653084979999715e-01
5.361849205659999784e-01 9.627473806749999863e-01
5.362120127480000109e-01 9.633294528520000011e-01
5.362490194750000327e-01 9.639115250290000159e-01
5.362662961059999622e-01 9.644935972060000307e-01
5.363071067310000162e-01 9.650756693830000454e-01
5.363092443470000026e-01 9.656577415599999492e-01
5.364253100600000490e-01 9.662398137369999640e-01
5.364256782380000255e-01 9.668218859139999788e-01
5.364482567999999674e-01 9.674039580909999936e-01
5.364977322609999488e-01 9.679860302680000084e-01
5.365229540879999925e-01 9.685681024450000232e-01
5.365874410009999762e-01 9.691501746220000379e-01
5.366281849920000457e-01 9.697322467990000527e-01
5.366828307769999640e-01 9.703143189759999565e-01
5.366883675439999557e-01 9.708963911529999713e-01
5.367536367470000513e-01 9.714784633290000082e-01
5.367785955660000496e-01 9.720605355060000230e-01
5.368595252240000448e-01 9.726426076830000378e-01
5.368945707200000195e-01 9.732246798600000526e-01
5.368992118880000497e-01 9.738067520369999563e-01
5.370609903819999476e-01 9.743888242139999711e-01
5.371005586020000111e-01 9.749708963909999859e-01
5.371243224259999449e-01 9.755529685680000007e-01
5.372198786090000011e-01 9.761350407450000155e-01
5.372595854770000345e-01 9.767171129220000303e-01
5.372920776820000466e-01 9.772991850990000451e-01
5.373833360640000167e-01 9.778812572759999489e-01
5.374097887269999596e-01 9.784633294529999636e-01
5.374182699530000162e-01 9.790454016299999784e-01
5.374326521500000231e-01 9.796274738069999932e-01
5.375324474329999935e-01 9.802095459840000080e-01
5.375407296240000132e-01 9.807916181610000228e-01
5.375429417150000555e-01 9.813736903380000376e-01
5.375621162260000307e-01 9.819557625150000524e-01
5.376694196289999450e-01 9.825378346919999561e-01
5.376753476329999559e-01 9.831199068679999931e-01
5.376971377039999611e-01 9.837019790450000079e-01
5.379120470529999976e-01 9.842840512220000226e-01
5.380058031209999925e-01 9.848661233990000374e-01
5.382403854809999499e-01 9.854481955760000522e-01
5.383607951559999938e-01 9.860302677529999560e-01
5.384032242409999558e-01 9.866123399299999708e-01
5.385299000940000358e-01 9.871944121069999856e-01
5.386050532699999671e-01 9.877764842840000004e-01
5.386097590149999670e-01 9.883585564610000151e-01
5.386887725219999812e-01 9.889406286380000299e-01
5.388734410869999714e-01 9.895227008150000447e-01
5.389216420319999923e-01 9.901047729919999485e-01
5.389452301470000206e-01 9.906868451689999633e-01
5.390903104990000250e-01 9.912689173459999781e-01
5.391109682620000010e-01 9.918509895229999929e-01
5.392612069159999910e-01 9.924330617000000077e-01
5.393501492660000007e-01 9.930151338770000224e-01
5.394187377000000394e-01 9.935972060540000372e-01
5.394266581400000149e-01 9.941792782310000520e-01
5.394410207990000261e-01 9.947613504069999779e-01
5.394836703419999546e-01 9.953434225839999927e-01
5.397690504400000089e-01 9.959254947610000075e-01
5.398001061849999616e-01 9.965075669380000223e-01
5.400827506219999519e-01 9.970896391150000371e-01
5.407164519560000437e-01 9.976717112920000519e-01
5.410146186890000264e-01 9.982537834689999556e-01
5.417165244539999813e-01 9.988358556459999704e-01
5.426941091260000238e-01 9.994179278229999852e-01
