# Heisenberg model
# L=12, J=1, W=2.0
# Correlations between the gap ratio r_S and V (the rescaled ratio between variances of off-diagonal and diagonal hamiltonian matrix elements)
# V r_S
3.879907200000000111e-01 5.211999999999999966e-01
3.491069099999999925e-01 4.520000000000000129e-01
4.152556299999999867e-01 5.120999999999999996e-01
5.210749300000000472e-01 4.984000000000000097e-01
4.554412299999999747e-01 4.971999999999999753e-01
2.157851100000000022e-01 4.774999999999999800e-01
4.318638300000000041e-01 4.849999999999999867e-01
3.001297600000000232e-01 4.742000000000000104e-01
3.579168099999999741e-01 5.414999999999999813e-01
3.833893299999999726e-01 4.945999999999999841e-01
2.889945400000000220e-01 5.165999999999999481e-01
5.869958600000000359e-01 5.615999999999999881e-01
3.416384100000000035e-01 4.929999999999999938e-01
3.601113300000000073e-01 5.342999999999999972e-01
4.562671799999999944e-01 4.991999999999999771e-01
4.172701100000000274e-01 5.083999999999999631e-01
3.363072300000000125e-01 4.913000000000000145e-01
3.371482800000000224e-01 4.833000000000000074e-01
2.773986500000000244e-01 4.399000000000000132e-01
2.995631300000000108e-01 4.637999999999999901e-01
4.400828299999999804e-01 5.006000000000000449e-01
4.773263799999999946e-01 4.955999999999999850e-01
3.136645299999999970e-01 4.978000000000000203e-01
2.596668899999999836e-01 4.889999999999999902e-01
2.461972799999999906e-01 4.520000000000000129e-01
4.362463200000000207e-01 5.321000000000000174e-01
4.487660600000000222e-01 4.974000000000000088e-01
3.487015199999999870e-01 4.691000000000000170e-01
3.004198799999999725e-01 4.116000000000000214e-01
3.603190099999999951e-01 5.208000000000000407e-01
2.655742600000000064e-01 5.048000000000000265e-01
7.578581399999999579e-01 5.144999999999999574e-01
4.184673899999999946e-01 5.042999999999999705e-01
3.714182999999999790e-01 5.339000000000000412e-01
3.133581599999999967e-01 4.395999999999999908e-01
3.087412500000000226e-01 4.858000000000000096e-01
2.999619099999999983e-01 4.376999999999999780e-01
3.257900899999999766e-01 4.420000000000000040e-01
3.601209300000000058e-01 4.893000000000000127e-01
3.200235499999999900e-01 5.145999999999999464e-01
4.980677800000000155e-01 5.433000000000000052e-01
2.856334500000000109e-01 4.440000000000000058e-01
2.372220700000000071e-01 4.470999999999999974e-01
3.144128999999999952e-01 4.511999999999999900e-01
3.148005099999999779e-01 4.748999999999999888e-01
2.226882299999999870e-01 4.287000000000000255e-01
3.712189900000000264e-01 5.021999999999999797e-01
3.096130599999999955e-01 5.426999999999999602e-01
3.038141500000000050e-01 4.565000000000000169e-01
4.227888399999999991e-01 5.333999999999999853e-01
2.700308000000000153e-01 4.511000000000000010e-01
2.785091399999999884e-01 5.067000000000000393e-01
4.391857200000000017e-01 5.141000000000000014e-01
4.731400199999999945e-01 5.397999999999999465e-01
3.344428199999999740e-01 4.811000000000000276e-01
3.067149100000000073e-01 4.713999999999999857e-01
3.949506099999999797e-01 5.043999999999999595e-01
3.915638100000000121e-01 5.107000000000000428e-01
3.610246799999999867e-01 5.009000000000000119e-01
4.591912799999999795e-01 5.041999999999999815e-01
2.998386399999999896e-01 4.929000000000000048e-01
3.129642999999999731e-01 4.297000000000000264e-01
3.263055899999999787e-01 4.865999999999999770e-01
3.645430000000000059e-01 4.914000000000000035e-01
3.583700899999999745e-01 4.932000000000000273e-01
3.535359100000000088e-01 5.286999999999999478e-01
2.473764999999999992e-01 4.338000000000000189e-01
2.949834599999999751e-01 4.380999999999999894e-01
3.319795300000000227e-01 4.647000000000000020e-01
3.138871799999999879e-01 4.783999999999999919e-01
7.440056999999999920e-01 5.067000000000000393e-01
2.382723399999999991e-01 4.388000000000000234e-01
4.194884799999999969e-01 4.824999999999999845e-01
4.161039899999999792e-01 5.090000000000000080e-01
3.249395199999999817e-01 4.707999999999999963e-01
3.481097899999999745e-01 4.958000000000000185e-01
2.988383000000000012e-01 4.731000000000000205e-01
4.263206199999999835e-01 5.434999999999999831e-01
3.541380499999999820e-01 4.563999999999999724e-01
3.162975100000000039e-01 4.813000000000000056e-01
4.240898000000000168e-01 4.954999999999999960e-01
3.556620400000000126e-01 4.899000000000000021e-01
4.709051699999999840e-01 5.178000000000000380e-01
2.848121699999999756e-01 4.747999999999999998e-01
3.301154700000000219e-01 4.872000000000000219e-01
2.975912800000000136e-01 5.309000000000000385e-01
5.134246799999999666e-01 5.407999999999999474e-01
2.829899499999999901e-01 4.602999999999999869e-01
3.233969800000000006e-01 5.490000000000000435e-01
3.175834499999999894e-01 4.747999999999999998e-01
3.360015299999999927e-01 4.768999999999999906e-01
3.012498399999999910e-01 4.828000000000000069e-01
7.073464400000000207e-01 4.875999999999999779e-01
3.705888299999999802e-01 4.930999999999999828e-01
2.992367400000000011e-01 4.560000000000000164e-01
3.277967800000000098e-01 4.738999999999999879e-01
5.239323000000000174e-01 5.272000000000000020e-01
3.353617899999999930e-01 4.954000000000000070e-01
3.630325099999999749e-01 4.863000000000000100e-01
2.920285799999999821e-01 4.787000000000000144e-01
2.165998799999999946e-01 4.685000000000000275e-01
2.446494700000000078e-01 4.673999999999999821e-01
3.472036499999999748e-01 4.601000000000000090e-01
4.301220499999999780e-01 5.362999999999999989e-01
4.760169399999999995e-01 5.074999999999999512e-01
4.016004200000000135e-01 5.557999999999999607e-01
3.106592000000000242e-01 4.630000000000000226e-01
2.887089700000000092e-01 4.783999999999999919e-01
4.534388599999999991e-01 5.282000000000000028e-01
4.265917599999999865e-01 5.271000000000000130e-01
3.720598700000000147e-01 5.086000000000000520e-01
3.898908300000000215e-01 5.131000000000000005e-01
3.044081699999999779e-01 4.894999999999999907e-01
3.004724699999999915e-01 4.560000000000000164e-01
2.880200299999999825e-01 4.450000000000000067e-01
2.743944999999999856e-01 4.485000000000000098e-01
4.270872700000000188e-01 5.270000000000000240e-01
3.073057399999999939e-01 4.319000000000000061e-01
2.381223000000000090e-01 4.801000000000000267e-01
2.926128800000000196e-01 4.905999999999999805e-01
2.566572899999999824e-01 5.580000000000000515e-01
2.907660200000000139e-01 4.994999999999999996e-01
5.673505199999999693e-01 4.980999999999999872e-01
2.493685800000000063e-01 4.923000000000000154e-01
4.566357400000000122e-01 5.331000000000000183e-01
3.536308300000000071e-01 5.442000000000000171e-01
4.479324700000000270e-01 4.984000000000000097e-01
3.253700999999999954e-01 4.566999999999999948e-01
6.198186100000000476e-01 5.377999999999999448e-01
2.998333300000000090e-01 5.140000000000000124e-01
3.418128999999999751e-01 4.390999999999999903e-01
3.594777800000000245e-01 4.540000000000000147e-01
3.635134799999999999e-01 4.981999999999999762e-01
2.993582300000000029e-01 4.854999999999999871e-01
4.254365900000000034e-01 5.084999999999999520e-01
3.014577600000000190e-01 4.575000000000000178e-01
4.730718600000000107e-01 5.088000000000000300e-01
3.633041799999999766e-01 5.203999999999999737e-01
3.319094899999999737e-01 5.263999999999999790e-01
3.448868500000000226e-01 4.915999999999999814e-01
2.989954100000000170e-01 4.455000000000000071e-01
2.799390900000000015e-01 4.733999999999999875e-01
3.209254899999999799e-01 4.875999999999999779e-01
2.753418000000000254e-01 4.828000000000000069e-01
3.653319700000000059e-01 4.613999999999999768e-01
6.540439799999999693e-01 5.571000000000000396e-01
2.117759399999999959e-01 4.752000000000000113e-01
2.569503000000000204e-01 4.688999999999999835e-01
2.625530600000000048e-01 4.316999999999999726e-01
4.845957100000000128e-01 5.092999999999999750e-01
3.126337000000000144e-01 4.768999999999999906e-01
5.121788699999999528e-01 5.234999999999999654e-01
4.240169400000000088e-01 5.262999999999999901e-01
6.002792399999999917e-01 5.220000000000000195e-01
3.370562100000000227e-01 4.672000000000000042e-01
3.392236100000000087e-01 4.923000000000000154e-01
2.670940199999999876e-01 4.586000000000000076e-01
3.006276700000000135e-01 4.330999999999999850e-01
3.009553600000000051e-01 4.869999999999999885e-01
5.410631900000000272e-01 5.621000000000000441e-01
2.928598700000000221e-01 4.843999999999999972e-01
3.046265200000000117e-01 5.004999999999999449e-01
5.160769400000000395e-01 5.219000000000000306e-01
4.288139899999999782e-01 4.815999999999999726e-01
2.858295299999999983e-01 5.000000000000000000e-01
2.577523700000000084e-01 4.621999999999999997e-01
3.619847199999999821e-01 5.371000000000000218e-01
3.072977700000000256e-01 4.991999999999999771e-01
4.937147299999999905e-01 5.061999999999999833e-01
2.468237899999999874e-01 4.323000000000000176e-01
3.402197499999999875e-01 4.912000000000000255e-01
2.731836699999999896e-01 5.063999999999999613e-01
5.836729299999999787e-01 5.227000000000000535e-01
5.244094599999999939e-01 4.920999999999999819e-01
3.418564599999999731e-01 5.638999999999999568e-01
4.433392600000000128e-01 5.443000000000000060e-01
3.899842399999999820e-01 5.071999999999999842e-01
3.535943799999999859e-01 4.979000000000000092e-01
3.424670000000000214e-01 4.830999999999999739e-01
3.099787199999999854e-01 4.596999999999999975e-01
2.562448099999999895e-01 4.482999999999999763e-01
2.674234899999999859e-01 4.859999999999999876e-01
2.354805100000000040e-01 4.618999999999999773e-01
2.990626699999999749e-01 4.897000000000000242e-01
5.050040300000000482e-01 5.245999999999999552e-01
3.543294200000000060e-01 4.758999999999999897e-01
3.141656700000000080e-01 5.413999999999999924e-01
3.154702699999999971e-01 5.091999999999999860e-01
2.891956600000000210e-01 4.480999999999999983e-01
2.539260799999999985e-01 5.247000000000000552e-01
3.383264300000000113e-01 4.496999999999999886e-01
2.998035099999999953e-01 4.823999999999999955e-01
3.641215600000000108e-01 5.028000000000000247e-01
3.606493599999999744e-01 5.150000000000000133e-01
3.043059300000000023e-01 4.274999999999999911e-01
3.999887500000000040e-01 4.817000000000000171e-01
3.925907299999999989e-01 4.798000000000000043e-01
3.693323099999999970e-01 5.070999999999999952e-01
3.062444999999999751e-01 4.848999999999999977e-01
3.990827599999999808e-01 5.106000000000000538e-01
3.664720200000000094e-01 5.321000000000000174e-01
4.877138500000000043e-01 5.433000000000000052e-01
2.733991700000000247e-01 5.449000000000000510e-01
3.228536799999999762e-01 4.941999999999999726e-01
4.185240800000000205e-01 5.348000000000000531e-01
2.761324099999999948e-01 4.727999999999999980e-01
4.795697400000000221e-01 5.251000000000000112e-01
2.999229199999999818e-01 4.930999999999999828e-01
4.023827400000000165e-01 5.143999999999999684e-01
2.705198600000000009e-01 4.312000000000000277e-01
3.523521199999999909e-01 5.000999999999999890e-01
2.361638199999999965e-01 4.230999999999999761e-01
3.306778499999999954e-01 4.581999999999999962e-01
2.701534899999999961e-01 4.662000000000000033e-01
3.213866799999999802e-01 5.003999999999999559e-01
3.237133899999999898e-01 4.783999999999999919e-01
2.956804000000000099e-01 4.842000000000000193e-01
3.991983800000000193e-01 5.282999999999999918e-01
4.014121199999999834e-01 4.951999999999999735e-01
2.746136499999999869e-01 4.299000000000000044e-01
2.515997999999999846e-01 4.597999999999999865e-01
4.475352599999999903e-01 5.299000000000000377e-01
2.488058499999999951e-01 4.385000000000000009e-01
4.201998699999999753e-01 5.141999999999999904e-01
2.641860999999999793e-01 4.351999999999999758e-01
4.067997899999999944e-01 4.873000000000000109e-01
3.002196100000000256e-01 4.572999999999999843e-01
3.827450900000000100e-01 4.930999999999999828e-01
3.108829000000000176e-01 5.061999999999999833e-01
3.759125500000000120e-01 4.788000000000000034e-01
3.509267099999999751e-01 4.964000000000000079e-01
4.735535599999999845e-01 5.154999999999999583e-01
3.548937999999999815e-01 5.285999999999999588e-01
2.221739799999999931e-01 4.989999999999999991e-01
6.171259799999999629e-01 5.471000000000000307e-01
3.375511299999999770e-01 4.966999999999999749e-01
3.164979700000000173e-01 4.722000000000000086e-01
3.490315500000000237e-01 4.907000000000000250e-01
2.975478999999999763e-01 5.184999999999999609e-01
4.360820699999999883e-01 5.058000000000000274e-01
2.477808699999999864e-01 4.285999999999999810e-01
3.601121299999999747e-01 4.598999999999999755e-01
3.562055199999999977e-01 4.617999999999999883e-01
4.027518299999999773e-01 4.941999999999999726e-01
2.708083700000000205e-01 4.425000000000000044e-01
2.296245399999999881e-01 4.672999999999999932e-01
2.922100699999999884e-01 4.954000000000000070e-01
2.424001600000000034e-01 4.294000000000000039e-01
3.349556599999999884e-01 4.484000000000000208e-01
3.827046199999999954e-01 4.981999999999999762e-01
2.505255800000000255e-01 5.195999999999999508e-01
2.472530799999999862e-01 4.263000000000000123e-01
2.901833699999999960e-01 4.445000000000000062e-01
6.011610099999999957e-01 4.929999999999999938e-01
2.340700500000000017e-01 4.114999999999999769e-01
3.460653300000000043e-01 5.122999999999999776e-01
2.537014599999999898e-01 4.566999999999999948e-01
3.577537199999999973e-01 4.912000000000000255e-01
5.292509600000000480e-01 5.124999999999999556e-01
2.494159099999999907e-01 4.813000000000000056e-01
2.804182100000000011e-01 4.815999999999999726e-01
4.180596699999999943e-01 4.959999999999999964e-01
2.671594700000000100e-01 4.199999999999999845e-01
6.353018000000000276e-01 5.220000000000000195e-01
3.141702100000000053e-01 4.393000000000000238e-01
3.696587100000000015e-01 5.107000000000000428e-01
3.108439299999999905e-01 5.083999999999999631e-01
2.848570000000000269e-01 4.969999999999999973e-01
5.308456400000000075e-01 5.042999999999999705e-01
3.768511500000000236e-01 4.858000000000000096e-01
4.064012300000000022e-01 5.097000000000000419e-01
5.610749499999999612e-01 5.253999999999999782e-01
3.660590499999999969e-01 5.167000000000000481e-01
4.415845899999999991e-01 5.499000000000000554e-01
3.292617299999999747e-01 4.711000000000000187e-01
3.757095699999999927e-01 5.179000000000000270e-01
3.287933699999999737e-01 4.633999999999999786e-01
3.788582300000000180e-01 5.248000000000000442e-01
6.298074900000000254e-01 5.128000000000000336e-01
3.283575799999999822e-01 4.494000000000000217e-01
5.321774200000000121e-01 5.183999999999999719e-01
3.104607799999999918e-01 4.892000000000000237e-01
3.249832100000000223e-01 5.341000000000000192e-01
3.140615099999999882e-01 4.915999999999999814e-01
7.508426200000000161e-01 5.180000000000000160e-01
3.330418499999999726e-01 4.944000000000000061e-01
3.443093400000000193e-01 4.606000000000000094e-01
4.010641099999999737e-01 4.933000000000000163e-01
3.209373400000000154e-01 4.862000000000000210e-01
2.141950300000000085e-01 4.731000000000000205e-01
3.525161399999999778e-01 4.813999999999999946e-01
3.541022999999999810e-01 4.541000000000000036e-01
2.951248000000000205e-01 4.692999999999999949e-01
3.351141400000000048e-01 4.955999999999999850e-01
2.719516100000000103e-01 4.863000000000000100e-01
3.862305699999999953e-01 5.091999999999999860e-01
3.446174100000000129e-01 5.039000000000000146e-01
3.036002600000000107e-01 4.578999999999999737e-01
3.219478700000000249e-01 5.009000000000000119e-01
3.333313099999999918e-01 4.904000000000000026e-01
2.568686800000000159e-01 4.279999999999999916e-01
4.137533800000000039e-01 4.941999999999999726e-01
5.968749899999999942e-01 5.449000000000000510e-01
2.612295299999999876e-01 4.621999999999999997e-01
2.706063100000000166e-01 4.454000000000000181e-01
5.823522700000000052e-01 5.259000000000000341e-01
3.421546200000000204e-01 4.894999999999999907e-01
3.304399700000000273e-01 4.964999999999999969e-01
3.541668700000000225e-01 4.563999999999999724e-01
3.061312800000000056e-01 4.868999999999999995e-01
3.050265600000000021e-01 4.908000000000000140e-01
3.843888300000000147e-01 4.408000000000000251e-01
2.694367300000000132e-01 5.112999999999999767e-01
3.551392299999999724e-01 5.161999999999999922e-01
5.227345399999999698e-01 5.080999999999999961e-01
4.177607799999999982e-01 5.256999999999999451e-01
3.464464300000000274e-01 5.046000000000000485e-01
3.233482699999999932e-01 4.577999999999999847e-01
3.513006300000000026e-01 4.885999999999999788e-01
3.393229999999999857e-01 5.078000000000000291e-01
3.339952600000000160e-01 4.875999999999999779e-01
3.548438800000000004e-01 4.802000000000000157e-01
2.879677400000000276e-01 4.637999999999999901e-01
4.188133499999999732e-01 5.103999999999999648e-01
4.547222899999999735e-01 5.108000000000000318e-01
2.810964699999999872e-01 4.721000000000000196e-01
3.268481100000000250e-01 4.517999999999999794e-01
2.221970799999999913e-01 4.369999999999999996e-01
2.912950400000000051e-01 4.631000000000000116e-01
3.345824600000000260e-01 5.171000000000000041e-01
3.310402800000000201e-01 4.728999999999999870e-01
2.408455800000000036e-01 4.439000000000000168e-01
3.983399400000000035e-01 5.133999999999999675e-01
3.371782899999999916e-01 4.969000000000000083e-01
4.659327600000000014e-01 4.980999999999999872e-01
3.388453000000000159e-01 4.944999999999999951e-01
4.070433099999999915e-01 4.819999999999999840e-01
3.967889199999999894e-01 4.905999999999999805e-01
3.996521000000000101e-01 5.361000000000000210e-01
4.373914099999999805e-01 5.316999999999999504e-01
4.779059199999999841e-01 5.180000000000000160e-01
3.447836100000000181e-01 4.507999999999999785e-01
3.337411499999999864e-01 4.712999999999999967e-01
3.271585300000000029e-01 5.127000000000000446e-01
5.091235499999999803e-01 5.456999999999999629e-01
4.832353999999999816e-01 5.010000000000000009e-01
9.101065200000000299e-01 5.283999999999999808e-01
3.573565499999999950e-01 4.907000000000000250e-01
3.808539300000000072e-01 5.151999999999999913e-01
3.405677899999999814e-01 4.728999999999999870e-01
3.682486500000000107e-01 5.110000000000000098e-01
2.320895600000000003e-01 5.163999999999999702e-01
3.103126700000000127e-01 4.153000000000000025e-01
7.613099599999999523e-01 5.207000000000000517e-01
3.353591699999999842e-01 5.272999999999999909e-01
4.540974400000000188e-01 5.033999999999999586e-01
3.226920699999999975e-01 5.373999999999999888e-01
4.490677800000000275e-01 4.829999999999999849e-01
3.290628999999999915e-01 5.022999999999999687e-01
3.081375499999999823e-01 4.807000000000000162e-01
2.500209899999999985e-01 4.646000000000000130e-01
3.135000099999999956e-01 4.979999999999999982e-01
6.923470800000000036e-01 5.275999999999999579e-01
3.053761899999999918e-01 4.958000000000000185e-01
4.977472700000000194e-01 4.874999999999999889e-01
3.282607399999999953e-01 4.988000000000000211e-01
4.799637299999999773e-01 5.387999999999999456e-01
5.448846200000000417e-01 5.042999999999999705e-01
2.627203799999999756e-01 4.756000000000000227e-01
3.362250999999999990e-01 4.879000000000000004e-01
3.142849500000000074e-01 4.797000000000000153e-01
2.969309099999999924e-01 4.814999999999999836e-01
3.774975099999999806e-01 4.303000000000000158e-01
3.542805800000000116e-01 4.961999999999999744e-01
3.920500000000000096e-01 5.112999999999999767e-01
3.605321499999999957e-01 5.058000000000000274e-01
3.457788700000000159e-01 5.037000000000000366e-01
3.443868099999999877e-01 4.675000000000000266e-01
4.503109399999999929e-01 5.544000000000000039e-01
3.590603800000000123e-01 4.828000000000000069e-01
3.029913499999999926e-01 4.880999999999999783e-01
2.270341700000000074e-01 4.672999999999999932e-01
4.404289299999999963e-01 5.017000000000000348e-01
3.193788200000000077e-01 4.650000000000000244e-01
2.620287000000000033e-01 4.521000000000000019e-01
4.132995500000000155e-01 5.191999999999999948e-01
3.847853099999999915e-01 4.971999999999999753e-01
2.532560500000000103e-01 4.767000000000000126e-01
3.379723399999999822e-01 5.019000000000000128e-01
3.942021700000000184e-01 4.749999999999999778e-01
2.398156800000000033e-01 4.273000000000000131e-01
4.851064900000000013e-01 4.828999999999999959e-01
3.857485500000000234e-01 5.302999999999999936e-01
2.687121499999999830e-01 4.353000000000000203e-01
3.850435099999999777e-01 5.020999999999999908e-01
2.902201400000000153e-01 4.974999999999999978e-01
5.121173700000000162e-01 5.169000000000000261e-01
2.984604100000000093e-01 4.675000000000000266e-01
4.921538599999999986e-01 5.177000000000000490e-01
2.363749300000000109e-01 4.617999999999999883e-01
3.087084600000000179e-01 5.098000000000000309e-01
2.674863199999999996e-01 4.591000000000000081e-01
3.197445899999999952e-01 4.784999999999999809e-01
4.623884799999999906e-01 5.295999999999999597e-01
2.381831199999999982e-01 4.307000000000000273e-01
3.267572400000000044e-01 5.403999999999999915e-01
3.620336299999999952e-01 4.717000000000000082e-01
2.643517100000000175e-01 4.714999999999999747e-01
3.433262000000000258e-01 4.591000000000000081e-01
3.727951899999999985e-01 4.613999999999999768e-01
4.836497900000000238e-01 5.416999999999999593e-01
7.634761100000000411e-01 5.336999999999999522e-01
4.223654199999999914e-01 5.453000000000000069e-01
3.255472799999999944e-01 5.063999999999999613e-01
3.259192000000000200e-01 4.697999999999999954e-01
4.498565199999999820e-01 5.114999999999999547e-01
3.116933299999999907e-01 4.509000000000000230e-01
4.441069999999999740e-01 5.507999999999999563e-01
2.978837500000000027e-01 5.145999999999999464e-01
4.466572200000000215e-01 5.060999999999999943e-01
2.433864199999999922e-01 4.590000000000000191e-01
2.746567400000000103e-01 4.620000000000000218e-01
3.422914100000000182e-01 4.908000000000000140e-01
8.080086399999999447e-01 5.358000000000000540e-01
3.335692499999999838e-01 5.241000000000000103e-01
3.071450700000000200e-01 4.158999999999999919e-01
5.476556599999999886e-01 5.314999999999999725e-01
3.624054199999999781e-01 4.708999999999999853e-01
3.211623000000000117e-01 5.077000000000000401e-01
3.738333400000000140e-01 4.552999999999999825e-01
2.854485399999999728e-01 4.650000000000000244e-01
3.707975299999999863e-01 4.688999999999999835e-01
4.079925099999999749e-01 4.843000000000000083e-01
2.661811700000000225e-01 4.269999999999999907e-01
3.363102900000000117e-01 4.703999999999999848e-01
2.693970600000000215e-01 4.449000000000000177e-01
9.967205500000000384e-01 5.676999999999999824e-01
3.020245999999999764e-01 4.353000000000000203e-01
2.657636400000000232e-01 5.332000000000000073e-01
4.274562199999999978e-01 5.092999999999999750e-01
2.813439500000000093e-01 4.888000000000000123e-01
2.969061399999999851e-01 4.840999999999999748e-01
3.521848200000000095e-01 5.048000000000000265e-01
3.469587399999999877e-01 4.739999999999999769e-01
4.003839200000000043e-01 4.802000000000000157e-01
3.228905799999999826e-01 4.984000000000000097e-01
2.744299900000000125e-01 4.747999999999999998e-01
3.039695000000000036e-01 4.824999999999999845e-01
2.642601299999999820e-01 4.257000000000000228e-01
2.517475000000000129e-01 4.446999999999999842e-01
2.639893500000000115e-01 4.269999999999999907e-01
3.918007199999999912e-01 4.570000000000000173e-01
3.374775500000000150e-01 5.074999999999999512e-01
3.593161200000000166e-01 4.954000000000000070e-01
3.941047899999999826e-01 4.835999999999999743e-01
2.419299799999999889e-01 4.928000000000000158e-01
4.958758500000000069e-01 5.127000000000000446e-01
4.008783499999999944e-01 5.322999999999999954e-01
4.872387499999999982e-01 4.803000000000000047e-01
5.713103800000000065e-01 5.332999999999999963e-01
3.414404500000000064e-01 4.899000000000000021e-01
4.606784899999999960e-01 4.782000000000000139e-01
2.991009800000000163e-01 4.990999999999999881e-01
2.851489899999999911e-01 4.615000000000000213e-01
2.237497400000000025e-01 4.011000000000000121e-01
3.906685799999999875e-01 4.717000000000000082e-01
5.230122699999999458e-01 5.205999999999999517e-01
3.431125800000000003e-01 4.804999999999999827e-01
3.547504799999999792e-01 5.173999999999999710e-01
5.395343000000000222e-01 5.163999999999999702e-01
2.327456300000000089e-01 5.394999999999999796e-01
5.139446800000000426e-01 5.412000000000000144e-01
5.513559000000000099e-01 5.256999999999999451e-01
3.617985200000000123e-01 5.502000000000000224e-01
4.897366899999999745e-01 5.072999999999999732e-01
4.096316500000000138e-01 5.110999999999999988e-01
3.438698600000000272e-01 4.858000000000000096e-01
2.927418999999999993e-01 4.859999999999999876e-01
6.971851700000000207e-01 5.281000000000000139e-01
3.838994000000000018e-01 5.016000000000000458e-01
3.349989400000000228e-01 4.783000000000000029e-01
3.458502800000000099e-01 4.924000000000000044e-01
2.137139200000000017e-01 4.430000000000000049e-01
6.442225700000000499e-01 5.189000000000000279e-01
3.278120400000000267e-01 4.688999999999999835e-01
2.915000099999999761e-01 5.185999999999999499e-01
2.690609999999999946e-01 5.093999999999999639e-01
2.779541600000000057e-01 4.657000000000000028e-01
3.416749199999999931e-01 4.769999999999999796e-01
4.473130399999999951e-01 5.096000000000000529e-01
2.732747200000000265e-01 4.313000000000000167e-01
1.978528800000000087e-01 4.577999999999999847e-01
4.834239499999999912e-01 5.321000000000000174e-01
3.168709499999999846e-01 5.282000000000000028e-01
4.826953199999999833e-01 5.019000000000000128e-01
3.369278700000000182e-01 4.428000000000000269e-01
4.226984999999999770e-01 4.929999999999999938e-01
3.603069799999999989e-01 4.971999999999999753e-01
3.449247699999999917e-01 5.265999999999999570e-01
5.223510900000000179e-01 5.233999999999999764e-01
3.723037599999999836e-01 5.305999999999999606e-01
4.535609700000000077e-01 5.182999999999999829e-01
5.254520400000000091e-01 4.969000000000000083e-01
3.840045999999999737e-01 4.981999999999999762e-01
3.670236299999999896e-01 4.472999999999999754e-01
5.681866100000000364e-01 5.147000000000000464e-01
3.308514900000000258e-01 4.877000000000000224e-01
2.766312300000000057e-01 4.699999999999999734e-01
4.924166899999999902e-01 5.214999999999999636e-01
4.784178499999999779e-01 5.187000000000000499e-01
2.761718499999999965e-01 5.168000000000000371e-01
6.222700899999999979e-01 5.219000000000000306e-01
2.593761700000000170e-01 4.580000000000000182e-01
3.280906599999999784e-01 4.410999999999999921e-01
3.718810399999999960e-01 5.502000000000000224e-01
4.479305299999999934e-01 5.456999999999999629e-01
4.432581999999999911e-01 5.150000000000000133e-01
3.576765499999999820e-01 5.019000000000000128e-01
2.354930899999999883e-01 4.457999999999999741e-01
2.400857700000000039e-01 4.363000000000000211e-01
3.701545900000000056e-01 5.185999999999999499e-01
2.757785799999999954e-01 4.366999999999999771e-01
4.495189499999999727e-01 4.995999999999999885e-01
3.069408200000000031e-01 5.219000000000000306e-01
3.639259699999999875e-01 5.092999999999999750e-01
4.026266000000000012e-01 5.560000000000000497e-01
4.291219000000000006e-01 4.875999999999999779e-01
3.175101799999999752e-01 5.010999999999999899e-01
4.015105199999999819e-01 5.006000000000000449e-01
3.269681999999999866e-01 4.955999999999999850e-01
3.653799999999999826e-01 5.016000000000000458e-01
2.923476799999999987e-01 5.128000000000000336e-01
5.046850299999999789e-01 5.168000000000000371e-01
3.161857299999999982e-01 5.296999999999999487e-01
2.969631899999999880e-01 4.642999999999999905e-01
2.942664700000000022e-01 4.946999999999999731e-01
5.207222400000000029e-01 5.469000000000000528e-01
5.336955799999999472e-01 5.170000000000000151e-01
4.438530299999999817e-01 5.479000000000000536e-01
2.908228900000000006e-01 4.572999999999999843e-01
2.198412600000000106e-01 4.970999999999999863e-01
4.342971600000000154e-01 5.227000000000000535e-01
4.034738099999999883e-01 5.188000000000000389e-01
3.632771200000000089e-01 4.689999999999999725e-01
4.236873400000000234e-01 5.294999999999999707e-01
3.934714599999999951e-01 4.910999999999999810e-01
4.718747999999999831e-01 4.984000000000000097e-01
2.606764999999999777e-01 4.925999999999999823e-01
3.472032700000000083e-01 4.918000000000000149e-01
3.378329800000000049e-01 4.893000000000000127e-01
2.855277099999999901e-01 5.511000000000000343e-01
6.676957900000000112e-01 5.719999999999999529e-01
3.872935800000000262e-01 4.828999999999999959e-01
3.685027900000000245e-01 5.087000000000000410e-01
2.446023200000000120e-01 4.615000000000000213e-01
3.033437800000000073e-01 4.860999999999999766e-01
3.501115499999999936e-01 4.551999999999999935e-01
3.486157300000000125e-01 5.285999999999999588e-01
4.630528999999999895e-01 5.204999999999999627e-01
2.446221399999999879e-01 4.729999999999999760e-01
3.467575099999999910e-01 4.970999999999999863e-01
4.676298199999999738e-01 5.231000000000000094e-01
2.954622399999999871e-01 4.797000000000000153e-01
3.513918200000000214e-01 4.823000000000000065e-01
5.901173299999999955e-01 5.326999999999999513e-01
3.510695500000000080e-01 5.237000000000000544e-01
3.778613699999999742e-01 5.080000000000000071e-01
3.588930799999999754e-01 4.842000000000000193e-01
4.396285300000000174e-01 5.629999999999999449e-01
2.147998899999999933e-01 4.495000000000000107e-01
2.568205299999999913e-01 4.450000000000000067e-01
3.576481200000000138e-01 5.479000000000000536e-01
6.105913400000000379e-01 5.423999999999999932e-01
3.850835000000000230e-01 4.991999999999999771e-01
3.029213299999999887e-01 4.757000000000000117e-01
3.958631000000000233e-01 5.316999999999999504e-01
3.666864400000000024e-01 5.078000000000000291e-01
2.995469099999999996e-01 5.099000000000000199e-01
3.818417599999999745e-01 5.107000000000000428e-01
3.252605199999999974e-01 4.907000000000000250e-01
3.205123799999999856e-01 5.264999999999999680e-01
3.228148000000000128e-01 4.848999999999999977e-01
4.107911000000000201e-01 4.954999999999999960e-01
6.324027700000000030e-01 5.473000000000000087e-01
2.671345999999999998e-01 4.289999999999999925e-01
3.651772099999999743e-01 4.554000000000000270e-01
3.211877200000000099e-01 4.873999999999999999e-01
2.243484900000000115e-01 4.547999999999999821e-01
2.512259299999999862e-01 4.375999999999999890e-01
3.462157499999999888e-01 4.522999999999999798e-01
4.545410300000000126e-01 4.758999999999999897e-01
2.489686100000000069e-01 4.853000000000000091e-01
2.772554999999999881e-01 4.858000000000000096e-01
3.485872700000000046e-01 4.875999999999999779e-01
3.092690599999999845e-01 4.566000000000000059e-01
9.649416299999999946e-01 5.362999999999999989e-01
3.374715799999999932e-01 4.568999999999999728e-01
2.526834099999999972e-01 4.388000000000000234e-01
3.155194000000000054e-01 4.773000000000000020e-01
4.869389000000000078e-01 5.423000000000000043e-01
3.702574399999999932e-01 5.141000000000000014e-01
5.008995899999999502e-01 4.824999999999999845e-01
3.352923899999999957e-01 5.280000000000000249e-01
3.102917700000000223e-01 4.638999999999999790e-01
3.970804499999999737e-01 4.956999999999999740e-01
3.224032700000000196e-01 5.172999999999999821e-01
3.526134000000000213e-01 4.608999999999999764e-01
3.074796799999999775e-01 4.754999999999999782e-01
4.075355800000000084e-01 5.010000000000000009e-01
3.376315599999999972e-01 4.847000000000000197e-01
3.620163499999999868e-01 4.879999999999999893e-01
2.863525100000000045e-01 4.712999999999999967e-01
3.528750500000000234e-01 4.813000000000000056e-01
2.554561599999999877e-01 4.504000000000000226e-01
4.498516399999999971e-01 4.941999999999999726e-01
3.100183300000000086e-01 4.902000000000000246e-01
3.307761100000000121e-01 4.864999999999999880e-01
3.906972100000000170e-01 4.928000000000000158e-01
4.161803800000000164e-01 5.326999999999999513e-01
5.000560499999999742e-01 5.355999999999999650e-01
2.815908899999999826e-01 5.268000000000000460e-01
4.118568400000000018e-01 5.047000000000000375e-01
3.443473899999999754e-01 4.954999999999999960e-01
2.436651499999999970e-01 4.650000000000000244e-01
3.964014399999999938e-01 4.796000000000000263e-01
2.782615999999999978e-01 4.829999999999999849e-01
3.475461599999999929e-01 4.880999999999999783e-01
3.748750900000000219e-01 5.100999999999999979e-01
2.901779899999999968e-01 4.983000000000000207e-01
5.744472000000000467e-01 5.611000000000000432e-01
2.781914699999999963e-01 4.415999999999999925e-01
2.356503500000000084e-01 4.585000000000000187e-01
3.295404499999999848e-01 5.119000000000000217e-01
3.020715800000000062e-01 4.329999999999999960e-01
3.777499100000000221e-01 5.030999999999999917e-01
4.061998900000000079e-01 5.251000000000000112e-01
2.235186700000000026e-01 5.118000000000000327e-01
2.128715999999999942e-01 4.482999999999999763e-01
2.908115800000000140e-01 4.862000000000000210e-01
4.226425200000000215e-01 5.029000000000000137e-01
3.273394000000000026e-01 4.797000000000000153e-01
3.181418500000000038e-01 4.945999999999999841e-01
2.523372199999999732e-01 4.872000000000000219e-01
5.649616100000000030e-01 5.450000000000000400e-01
2.952335899999999902e-01 4.416999999999999815e-01
2.639733899999999744e-01 4.763000000000000012e-01
3.734684300000000179e-01 4.983000000000000207e-01
5.327655700000000216e-01 5.379000000000000448e-01
5.720485600000000392e-01 5.086000000000000520e-01
3.451734599999999875e-01 4.827000000000000179e-01
4.365954499999999960e-01 4.961999999999999744e-01
3.789938800000000052e-01 4.973000000000000198e-01
5.616632099999999683e-01 5.259000000000000341e-01
2.834393499999999788e-01 4.980999999999999872e-01
3.204318099999999836e-01 5.113999999999999657e-01
2.657608300000000034e-01 4.744999999999999774e-01
3.976317100000000271e-01 5.010000000000000009e-01
4.727942800000000112e-01 5.149000000000000243e-01
3.055789500000000158e-01 4.713999999999999857e-01
3.969323000000000157e-01 5.260000000000000231e-01
3.575335299999999883e-01 5.425999999999999712e-01
3.452881700000000054e-01 4.860999999999999766e-01
2.651635999999999993e-01 4.525000000000000133e-01
4.335994300000000079e-01 5.116000000000000547e-01
3.387169899999999956e-01 5.010999999999999899e-01
4.161607500000000237e-01 4.979000000000000092e-01
3.603581799999999724e-01 5.063999999999999613e-01
3.598606300000000147e-01 5.231000000000000094e-01
4.520323299999999822e-01 5.463000000000000078e-01
2.683718099999999884e-01 4.685000000000000275e-01
2.903644400000000014e-01 4.875999999999999779e-01
5.452995999999999954e-01 5.382000000000000117e-01
3.032996399999999815e-01 4.512999999999999790e-01
3.957142300000000001e-01 5.336999999999999522e-01
3.253470199999999868e-01 4.559000000000000274e-01
3.142907300000000181e-01 4.652000000000000024e-01
2.956425500000000040e-01 4.616999999999999993e-01
3.860223099999999796e-01 4.912000000000000255e-01
3.162903499999999979e-01 4.623999999999999777e-01
4.773041299999999931e-01 5.385999999999999677e-01
2.376227800000000057e-01 4.373000000000000220e-01
3.757978100000000099e-01 5.116000000000000547e-01
3.836040499999999742e-01 5.070000000000000062e-01
2.835039300000000151e-01 4.818000000000000060e-01
2.849100800000000100e-01 4.893000000000000127e-01
2.603154899999999827e-01 4.828999999999999959e-01
5.668244999999999534e-01 5.350000000000000311e-01
3.062469299999999728e-01 4.794999999999999818e-01
3.419000999999999846e-01 5.229000000000000314e-01
2.872761799999999921e-01 4.984000000000000097e-01
2.497986399999999885e-01 5.210000000000000187e-01
2.338631899999999986e-01 4.007999999999999896e-01
3.128175799999999840e-01 4.808000000000000052e-01
3.282885899999999912e-01 4.793999999999999928e-01
2.193955900000000014e-01 4.476999999999999869e-01
2.942467400000000066e-01 4.768000000000000016e-01
3.181293299999999880e-01 5.007000000000000339e-01
6.511409700000000411e-01 5.292000000000000037e-01
2.800596100000000144e-01 4.927000000000000268e-01
3.217033899999999780e-01 5.019000000000000128e-01
2.337165400000000004e-01 4.529000000000000248e-01
3.373764100000000155e-01 4.734999999999999765e-01
2.923318400000000095e-01 4.793999999999999928e-01
4.091653299999999938e-01 5.116000000000000547e-01
4.830653999999999781e-01 5.130000000000000115e-01
4.090948099999999754e-01 5.100000000000000089e-01
3.403269899999999959e-01 4.620000000000000218e-01
2.437510499999999969e-01 5.427999999999999492e-01
2.383469900000000086e-01 4.274999999999999911e-01
2.215659299999999943e-01 4.429000000000000159e-01
2.954969700000000254e-01 4.737999999999999989e-01
3.678535800000000133e-01 4.898000000000000131e-01
3.565892199999999845e-01 4.899999999999999911e-01
4.150187900000000263e-01 4.813999999999999946e-01
3.997204599999999997e-01 5.384999999999999787e-01
4.240068000000000170e-01 5.210000000000000187e-01
2.336642200000000058e-01 4.631000000000000116e-01
2.845629199999999970e-01 5.443000000000000060e-01
2.156698700000000135e-01 4.990999999999999881e-01
2.825669199999999992e-01 4.685000000000000275e-01
2.399093999999999949e-01 4.678999999999999826e-01
3.961282500000000151e-01 4.954000000000000070e-01
2.593181600000000198e-01 4.380999999999999894e-01
3.115179699999999774e-01 4.611999999999999988e-01
3.542001900000000258e-01 4.858000000000000096e-01
4.427241699999999724e-01 5.340000000000000302e-01
3.712973999999999997e-01 4.939000000000000057e-01
2.511457000000000273e-01 4.842000000000000193e-01
3.135758699999999788e-01 5.248000000000000442e-01
5.155583900000000330e-01 5.201000000000000068e-01
2.849012599999999895e-01 4.930999999999999828e-01
2.751938999999999913e-01 4.814999999999999836e-01
3.530664099999999972e-01 5.160000000000000142e-01
4.446728500000000084e-01 5.204999999999999627e-01
2.804229500000000042e-01 4.686000000000000165e-01
3.081379599999999885e-01 4.912000000000000255e-01
3.573611099999999818e-01 4.909000000000000030e-01
3.145090199999999725e-01 4.868000000000000105e-01
3.297447499999999754e-01 4.834999999999999853e-01
3.202655699999999994e-01 4.727999999999999980e-01
2.411382999999999999e-01 4.938000000000000167e-01
3.560847200000000212e-01 4.773000000000000020e-01
4.837801099999999854e-01 5.332999999999999963e-01
5.148631799999999759e-01 5.262999999999999901e-01
2.844703699999999724e-01 4.924999999999999933e-01
4.410487299999999999e-01 4.989999999999999991e-01
2.617399400000000043e-01 4.164999999999999813e-01
3.384063199999999827e-01 5.181000000000000050e-01
4.879939500000000097e-01 5.119000000000000217e-01
2.814298299999999919e-01 4.546000000000000041e-01
3.601454399999999834e-01 4.918000000000000149e-01
2.304455199999999870e-01 5.164999999999999591e-01
2.789822200000000030e-01 5.106000000000000538e-01
4.212282900000000052e-01 5.128000000000000336e-01
4.740502300000000169e-01 5.019000000000000128e-01
3.051797800000000116e-01 4.544000000000000261e-01
4.209375499999999937e-01 5.030999999999999917e-01
3.335942399999999863e-01 4.857000000000000206e-01
2.910784200000000044e-01 4.509000000000000230e-01
3.138518100000000088e-01 4.547999999999999821e-01
3.335844299999999873e-01 5.059000000000000163e-01
3.565742299999999920e-01 5.067000000000000393e-01
5.647428799999999471e-01 5.059000000000000163e-01
5.686962100000000353e-01 5.553000000000000158e-01
2.380422600000000055e-01 4.244999999999999885e-01
5.118698400000000204e-01 5.208000000000000407e-01
2.914485600000000232e-01 4.602999999999999869e-01
4.285899200000000131e-01 4.937000000000000277e-01
5.901027100000000303e-01 5.175999999999999490e-01
3.713150700000000248e-01 5.266999999999999460e-01
4.037305600000000161e-01 4.637999999999999901e-01
3.177184000000000119e-01 4.723999999999999866e-01
4.574151900000000270e-01 5.332999999999999963e-01
3.658637399999999928e-01 5.302000000000000046e-01
6.192310600000000553e-01 5.466999999999999638e-01
4.180958900000000256e-01 5.223999999999999755e-01
3.762435100000000032e-01 5.241000000000000103e-01
2.501306799999999941e-01 5.322000000000000064e-01
3.300412300000000188e-01 5.250000000000000222e-01
4.344841300000000239e-01 4.925999999999999823e-01
3.623669800000000052e-01 5.135999999999999455e-01
5.779189700000000318e-01 5.521000000000000352e-01
3.866004200000000002e-01 4.993000000000000216e-01
2.359324100000000091e-01 4.722000000000000086e-01
4.318053199999999925e-01 5.231999999999999984e-01
5.128455100000000044e-01 5.268000000000000460e-01
3.833654599999999912e-01 4.807000000000000162e-01
2.717455599999999971e-01 4.738999999999999879e-01
3.701249300000000186e-01 5.270000000000000240e-01
4.016775899999999733e-01 5.318000000000000504e-01
3.798199999999999910e-01 5.383999999999999897e-01
3.383764599999999900e-01 4.924000000000000044e-01
2.539329599999999854e-01 4.595000000000000195e-01
2.534359800000000051e-01 4.491999999999999882e-01
4.745974399999999815e-01 5.067000000000000393e-01
3.529724599999999879e-01 5.243999999999999773e-01
3.877561800000000058e-01 4.858999999999999986e-01
3.367954100000000173e-01 5.318000000000000504e-01
3.696263399999999977e-01 4.729999999999999760e-01
4.139064000000000076e-01 4.840999999999999748e-01
2.683669499999999930e-01 4.697000000000000064e-01
6.495310399999999484e-01 5.099000000000000199e-01
4.081671299999999891e-01 5.047000000000000375e-01
4.925029899999999738e-01 5.312999999999999945e-01
3.129548799999999908e-01 4.767000000000000126e-01
3.559440400000000171e-01 5.233999999999999764e-01
4.113183300000000098e-01 5.203999999999999737e-01
5.526272599999999535e-01 5.305999999999999606e-01
3.879066199999999798e-01 5.134999999999999565e-01
4.029195500000000152e-01 5.402000000000000135e-01
3.222657099999999830e-01 4.727000000000000091e-01
4.109950099999999940e-01 4.657000000000000028e-01
3.049386900000000122e-01 4.890999999999999792e-01
5.105387200000000014e-01 5.031999999999999806e-01
5.166129200000000310e-01 5.072999999999999732e-01
4.978245299999999873e-01 5.060000000000000053e-01
2.839440500000000034e-01 4.657000000000000028e-01
3.749452400000000130e-01 4.662999999999999923e-01
4.005825299999999922e-01 4.697999999999999954e-01
3.894279299999999777e-01 5.211000000000000076e-01
5.041397100000000187e-01 5.272999999999999909e-01
4.264086599999999949e-01 5.338000000000000522e-01
4.417384200000000205e-01 4.953000000000000180e-01
4.411231400000000247e-01 4.877000000000000224e-01
3.133530600000000166e-01 5.022999999999999687e-01
5.642441200000000157e-01 5.101999999999999869e-01
2.831206299999999842e-01 5.011999999999999789e-01
2.384731200000000106e-01 4.989999999999999991e-01
2.500050600000000012e-01 4.314000000000000057e-01
3.542489300000000174e-01 4.784999999999999809e-01
4.975295900000000215e-01 4.961999999999999744e-01
4.120952800000000082e-01 5.163999999999999702e-01
2.592632899999999796e-01 4.867000000000000215e-01
3.709642699999999849e-01 5.340000000000000302e-01
3.371718899999999741e-01 4.658999999999999808e-01
2.673743000000000092e-01 4.544000000000000261e-01
4.895332199999999911e-01 5.414999999999999813e-01
6.624613000000000307e-01 5.020999999999999908e-01
2.496722000000000108e-01 4.272000000000000242e-01
2.613629800000000225e-01 4.485000000000000098e-01
2.937613399999999819e-01 4.838000000000000078e-01
5.161060499999999829e-01 5.228000000000000425e-01
3.964517100000000127e-01 4.843000000000000083e-01
2.465991899999999959e-01 4.741000000000000214e-01
4.064121099999999931e-01 5.110999999999999988e-01
2.660318500000000141e-01 4.702000000000000068e-01
3.349271300000000173e-01 4.858999999999999986e-01
2.623885699999999876e-01 4.577999999999999847e-01
3.152990500000000251e-01 4.863999999999999990e-01
3.132537200000000133e-01 5.312999999999999945e-01
3.887658299999999789e-01 5.101999999999999869e-01
3.282715099999999886e-01 5.224999999999999645e-01
4.060677999999999788e-01 5.164999999999999591e-01
4.144301200000000129e-01 5.173999999999999710e-01
2.757920999999999845e-01 4.665000000000000258e-01
3.928112899999999796e-01 4.801000000000000267e-01
3.501521300000000059e-01 5.119000000000000217e-01
2.609258999999999884e-01 4.985999999999999877e-01
3.418205500000000008e-01 5.247000000000000552e-01
5.924212599999999496e-01 5.220000000000000195e-01
2.666702599999999923e-01 4.526000000000000023e-01
3.919520599999999910e-01 5.082999999999999741e-01
2.574954899999999935e-01 4.346999999999999753e-01
3.118885800000000263e-01 5.271000000000000130e-01
4.052692600000000200e-01 5.030000000000000027e-01
2.964926900000000032e-01 4.852000000000000202e-01
4.609015300000000037e-01 5.243999999999999773e-01
3.155238599999999893e-01 4.309000000000000052e-01
3.916912300000000013e-01 5.354999999999999760e-01
4.259600000000000053e-01 5.220000000000000195e-01
3.736659999999999981e-01 4.996999999999999775e-01
3.522228199999999920e-01 4.797000000000000153e-01
3.933460500000000026e-01 5.437999999999999501e-01
5.134285499999999836e-01 4.722000000000000086e-01
3.165237799999999768e-01 5.199000000000000288e-01
2.928034199999999809e-01 5.336999999999999522e-01
5.543702499999999533e-01 5.242999999999999883e-01
3.640635400000000188e-01 4.900999999999999801e-01
3.181616800000000023e-01 5.058000000000000274e-01
4.756651800000000208e-01 5.353999999999999870e-01
3.069594500000000226e-01 5.280000000000000249e-01
3.730565800000000265e-01 5.086000000000000520e-01
3.558475600000000072e-01 4.933000000000000163e-01
2.639520799999999778e-01 4.806000000000000272e-01
3.575219099999999983e-01 5.291000000000000147e-01
2.606633199999999762e-01 4.627000000000000002e-01
3.138149599999999761e-01 4.793000000000000038e-01
4.501038600000000223e-01 5.092999999999999750e-01
4.647154399999999796e-01 5.223999999999999755e-01
3.408673500000000134e-01 4.445000000000000062e-01
3.009619700000000231e-01 4.590000000000000191e-01
2.254574699999999932e-01 5.194999999999999618e-01
2.671883099999999844e-01 4.667999999999999927e-01
3.041196600000000139e-01 4.806000000000000272e-01
2.983852300000000013e-01 5.416999999999999593e-01
5.062968399999999702e-01 5.473000000000000087e-01
3.416825299999999843e-01 4.506999999999999895e-01
3.210892300000000033e-01 5.094999999999999529e-01
3.255793000000000159e-01 4.329000000000000070e-01
3.735360799999999926e-01 5.069000000000000172e-01
6.051337500000000258e-01 5.385999999999999677e-01
2.688775199999999810e-01 4.660000000000000253e-01
2.454497700000000115e-01 4.666000000000000147e-01
3.485647099999999998e-01 5.362999999999999989e-01
2.721136900000000192e-01 4.277000000000000246e-01
3.166842899999999794e-01 4.712000000000000077e-01
3.533546200000000082e-01 5.188000000000000389e-01
4.557122200000000012e-01 5.433999999999999941e-01
4.691024799999999884e-01 5.089000000000000190e-01
4.341003399999999735e-01 5.457999999999999519e-01
2.539132299999999898e-01 4.550000000000000155e-01
8.196103799999999717e-01 5.320000000000000284e-01
3.013531300000000246e-01 4.863000000000000100e-01
3.637562899999999821e-01 5.338000000000000522e-01
2.267751000000000072e-01 4.749999999999999778e-01
3.504052899999999804e-01 4.751000000000000223e-01
3.406722200000000256e-01 4.374000000000000110e-01
3.561250799999999828e-01 5.195999999999999508e-01
3.048506899999999797e-01 4.531999999999999917e-01
4.552007299999999979e-01 5.193999999999999728e-01
3.653364599999999740e-01 5.212999999999999856e-01
3.832106200000000018e-01 5.148000000000000353e-01
4.477148799999999818e-01 4.978000000000000203e-01
5.299312900000000548e-01 5.147000000000000464e-01
3.882080500000000267e-01 5.032999999999999696e-01
2.514748700000000170e-01 4.994999999999999996e-01
3.072256300000000273e-01 4.879000000000000004e-01
3.165806800000000032e-01 4.559000000000000274e-01
2.175423800000000074e-01 4.556000000000000050e-01
2.028982599999999969e-01 4.420000000000000040e-01
4.644285499999999955e-01 5.187000000000000499e-01
3.232612200000000158e-01 5.014999999999999458e-01
2.151058499999999873e-01 4.435999999999999943e-01
3.887397499999999950e-01 4.887000000000000233e-01
2.700976099999999880e-01 4.336999999999999744e-01
4.247481799999999752e-01 5.016000000000000458e-01
5.375139199999999784e-01 5.338000000000000522e-01
2.914420099999999736e-01 4.395999999999999908e-01
3.646465700000000032e-01 5.092999999999999750e-01
3.269726299999999863e-01 4.671000000000000152e-01
3.617972199999999749e-01 4.883000000000000118e-01
2.648420400000000008e-01 4.671000000000000152e-01
2.672775199999999907e-01 5.087000000000000410e-01
2.904211400000000221e-01 4.047999999999999932e-01
5.439626600000000423e-01 4.944999999999999951e-01
3.757850799999999936e-01 5.435999999999999721e-01
2.897253300000000031e-01 4.490000000000000102e-01
2.967716899999999769e-01 5.060000000000000053e-01
4.917850699999999908e-01 5.231000000000000094e-01
4.172525000000000261e-01 5.241999999999999993e-01
5.693213799999999880e-01 5.070000000000000062e-01
4.403097300000000103e-01 5.363999999999999879e-01
3.391156499999999907e-01 4.686000000000000165e-01
5.091829900000000020e-01 5.262000000000000011e-01
3.374236299999999744e-01 4.813000000000000056e-01
2.392692200000000047e-01 4.650000000000000244e-01
7.080120699999999934e-01 5.291000000000000147e-01
4.297961499999999879e-01 5.352000000000000091e-01
3.132680199999999804e-01 4.858000000000000096e-01
3.333533000000000190e-01 5.014999999999999458e-01
3.345427100000000209e-01 5.314999999999999725e-01
2.289486000000000021e-01 4.617999999999999883e-01
2.940681299999999831e-01 4.920999999999999819e-01
3.605826300000000151e-01 4.835999999999999743e-01
3.709930000000000172e-01 5.013999999999999568e-01
3.463574799999999954e-01 4.631000000000000116e-01
2.066796700000000098e-01 4.547999999999999821e-01
3.613307800000000181e-01 4.680000000000000271e-01
2.740224700000000180e-01 5.047000000000000375e-01
3.702640700000000007e-01 5.203999999999999737e-01
3.313839100000000037e-01 4.975999999999999868e-01
3.807826999999999740e-01 4.969999999999999973e-01
4.187693399999999899e-01 4.842000000000000193e-01
4.764603499999999769e-01 5.187000000000000499e-01
4.033266200000000246e-01 5.248000000000000442e-01
3.511991099999999810e-01 4.933000000000000163e-01
3.999416000000000082e-01 5.148000000000000353e-01
3.313990800000000125e-01 5.127000000000000446e-01
3.358756299999999806e-01 4.557999999999999829e-01
3.845687799999999990e-01 4.747000000000000108e-01
2.639238099999999809e-01 4.466999999999999860e-01
2.991906300000000130e-01 5.118000000000000327e-01
4.198088500000000112e-01 5.200000000000000178e-01
5.641750500000000113e-01 5.269000000000000350e-01
2.815306300000000039e-01 4.880999999999999783e-01
4.371903899999999843e-01 4.888000000000000123e-01
3.883061800000000008e-01 4.511999999999999900e-01
2.842652800000000091e-01 4.791000000000000258e-01
3.840940400000000254e-01 5.058000000000000274e-01
5.372245599999999621e-01 5.262000000000000011e-01
4.893488699999999914e-01 5.411000000000000254e-01
5.302987000000000117e-01 5.027000000000000357e-01
3.018692499999999779e-01 5.090000000000000080e-01
3.387026799999999782e-01 4.865999999999999770e-01
3.081046700000000249e-01 4.756000000000000227e-01
5.171960899999999972e-01 5.096000000000000529e-01
4.973133100000000084e-01 5.338000000000000522e-01
3.154025799999999879e-01 4.897000000000000242e-01
2.948048799999999914e-01 4.431999999999999829e-01
4.430631999999999904e-01 5.199000000000000288e-01
2.227680599999999900e-01 4.522999999999999798e-01
2.863521800000000117e-01 4.858999999999999986e-01
3.572981100000000021e-01 4.845999999999999752e-01
2.503573800000000182e-01 4.818000000000000060e-01
3.540905899999999829e-01 4.850999999999999757e-01
2.531180900000000178e-01 4.556999999999999940e-01
3.465983300000000100e-01 4.849999999999999867e-01
2.727308299999999797e-01 4.157000000000000139e-01
2.867231299999999927e-01 4.475000000000000089e-01
3.660962400000000172e-01 5.274999999999999689e-01
3.870353699999999897e-01 4.984999999999999987e-01
2.628580300000000203e-01 4.248000000000000109e-01
3.186457100000000264e-01 4.425999999999999934e-01
4.147007600000000016e-01 4.905999999999999805e-01
2.727742499999999959e-01 4.545000000000000151e-01
2.607156400000000263e-01 4.636000000000000121e-01
3.563427800000000256e-01 5.290000000000000258e-01
3.126103399999999866e-01 4.934000000000000052e-01
2.726817400000000058e-01 4.829999999999999849e-01
2.792826099999999867e-01 5.028000000000000247e-01
2.736691099999999932e-01 4.631000000000000116e-01
3.019092999999999916e-01 5.192999999999999838e-01
2.769477200000000083e-01 4.687999999999999945e-01
2.678596699999999942e-01 4.807000000000000162e-01
4.671995899999999979e-01 4.880999999999999783e-01
5.202491599999999883e-01 5.172999999999999821e-01
2.993746899999999989e-01 5.303999999999999826e-01
2.885960799999999771e-01 4.932000000000000273e-01
3.195111500000000215e-01 5.350000000000000311e-01
3.698857199999999734e-01 5.241999999999999993e-01
4.148164400000000085e-01 5.238000000000000433e-01
2.948283800000000010e-01 4.905999999999999805e-01
4.340190199999999776e-01 5.151000000000000023e-01
2.247879499999999864e-01 4.414000000000000146e-01
2.729168599999999834e-01 4.849999999999999867e-01
4.681957299999999766e-01 5.309000000000000385e-01
2.855750300000000075e-01 4.418000000000000260e-01
3.599118700000000226e-01 4.864999999999999880e-01
2.526601800000000120e-01 5.441000000000000281e-01
4.345713099999999884e-01 5.453999999999999959e-01
2.220580199999999949e-01 4.051000000000000156e-01
4.483889300000000189e-01 5.286999999999999478e-01
5.674324400000000379e-01 5.239000000000000323e-01
3.878517400000000004e-01 5.150000000000000133e-01
3.426476199999999861e-01 4.808999999999999941e-01
3.146819000000000144e-01 4.727000000000000091e-01
3.190264500000000170e-01 4.623999999999999777e-01
2.784697899999999948e-01 4.608999999999999764e-01
3.225732299999999886e-01 4.680000000000000271e-01
3.348297299999999921e-01 5.064999999999999503e-01
2.605713700000000244e-01 4.598999999999999755e-01
3.327347900000000025e-01 4.637999999999999901e-01
2.898326399999999747e-01 4.721000000000000196e-01
4.769467600000000251e-01 5.199000000000000288e-01
3.975034599999999751e-01 4.964999999999999969e-01
5.581528000000000045e-01 5.303999999999999826e-01
3.148634699999999786e-01 5.114999999999999547e-01
3.843633100000000136e-01 5.292000000000000037e-01
3.020349800000000084e-01 4.501999999999999891e-01
4.655673000000000172e-01 4.969999999999999973e-01
3.010899799999999793e-01 5.429000000000000492e-01
9.317913100000000393e-01 5.247000000000000552e-01
3.397905399999999743e-01 4.889000000000000012e-01
3.538409499999999874e-01 5.311000000000000165e-01
4.010261399999999754e-01 5.205999999999999517e-01
3.143919499999999756e-01 4.842000000000000193e-01
3.135526000000000146e-01 4.798000000000000043e-01
3.423651999999999807e-01 5.360000000000000320e-01
2.214463499999999863e-01 4.783999999999999919e-01
3.681483799999999973e-01 4.722000000000000086e-01
2.957415600000000144e-01 4.641000000000000125e-01
3.467089799999999999e-01 5.052999999999999714e-01
3.788515100000000024e-01 5.069000000000000172e-01
2.495095599999999914e-01 4.758000000000000007e-01
3.368928900000000004e-01 4.716000000000000192e-01
2.842620499999999883e-01 4.451999999999999846e-01
2.894964899999999952e-01 5.038000000000000256e-01
3.135046799999999800e-01 5.187000000000000499e-01
2.408316100000000015e-01 4.509000000000000230e-01
4.089410800000000124e-01 4.933000000000000163e-01
4.281308500000000072e-01 5.190000000000000169e-01
3.709711600000000220e-01 5.007000000000000339e-01
2.327889599999999892e-01 5.125999999999999446e-01
5.633151600000000370e-01 5.217000000000000526e-01
2.894531100000000134e-01 4.707000000000000073e-01
2.910327300000000172e-01 4.583999999999999742e-01
2.397366200000000114e-01 4.481999999999999873e-01
3.155190099999999886e-01 5.104999999999999538e-01
4.074525500000000244e-01 5.193999999999999728e-01
2.502883300000000033e-01 4.325999999999999845e-01
4.447130899999999776e-01 4.969999999999999973e-01
4.291506600000000171e-01 5.119000000000000217e-01
3.291018199999999894e-01 4.731000000000000205e-01
2.772852599999999779e-01 4.867000000000000215e-01
4.511992200000000119e-01 4.979000000000000092e-01
3.056685699999999728e-01 4.897000000000000242e-01
3.106411000000000033e-01 5.217000000000000526e-01
4.045203800000000127e-01 5.064999999999999503e-01
5.262993299999999541e-01 5.212999999999999856e-01
4.287340299999999882e-01 5.339000000000000412e-01
2.545548200000000150e-01 4.859999999999999876e-01
4.512821799999999772e-01 5.131999999999999895e-01
2.793165699999999863e-01 4.318000000000000171e-01
2.428140299999999863e-01 4.729999999999999760e-01
3.160788800000000065e-01 4.351999999999999758e-01
3.432227800000000051e-01 5.203999999999999737e-01
3.868187000000000153e-01 5.071999999999999842e-01
2.919395799999999763e-01 4.146000000000000241e-01
2.729464300000000176e-01 4.597999999999999865e-01
3.869042200000000209e-01 4.657999999999999918e-01
3.655403999999999876e-01 4.489000000000000212e-01
3.438401200000000268e-01 4.707999999999999963e-01
3.289884499999999878e-01 5.224999999999999645e-01
3.532121799999999867e-01 4.890999999999999792e-01
8.132370199999999771e-01 5.229000000000000314e-01
3.138543799999999884e-01 4.860999999999999766e-01
2.953485900000000219e-01 5.061999999999999833e-01
5.215285600000000299e-01 5.381000000000000227e-01
3.775314000000000170e-01 4.545000000000000151e-01
2.745444599999999902e-01 4.693999999999999839e-01
3.069936999999999805e-01 4.777000000000000135e-01
4.608826799999999890e-01 5.132999999999999785e-01
3.776274900000000101e-01 5.208000000000000407e-01
3.184866399999999875e-01 4.349000000000000088e-01
2.302415299999999998e-01 4.724999999999999756e-01
2.769605700000000170e-01 4.840999999999999748e-01
3.499181399999999886e-01 4.758999999999999897e-01
2.921379100000000006e-01 4.843000000000000083e-01
3.160916500000000018e-01 4.436999999999999833e-01
3.594105899999999743e-01 5.017000000000000348e-01
2.141739099999999951e-01 5.253999999999999782e-01
4.014667900000000178e-01 4.909999999999999920e-01
3.604839400000000027e-01 5.038000000000000256e-01
3.145125300000000124e-01 4.439000000000000168e-01
3.054295499999999941e-01 4.539000000000000257e-01
2.580658499999999855e-01 4.642000000000000015e-01
3.618994899999999904e-01 4.922000000000000264e-01
2.790545300000000228e-01 5.010999999999999899e-01
3.043701600000000007e-01 5.235999999999999543e-01
3.052955700000000161e-01 4.788999999999999924e-01
4.307943399999999978e-01 4.435999999999999943e-01
3.877246899999999830e-01 4.944000000000000061e-01
2.383238500000000037e-01 4.606000000000000094e-01
6.436889000000000083e-01 5.329000000000000403e-01
2.925883000000000234e-01 4.631000000000000116e-01
3.229907900000000276e-01 4.838999999999999968e-01
5.516404099999999699e-01 5.381000000000000227e-01
5.264706200000000003e-01 5.002999999999999670e-01
2.907484000000000179e-01 4.472999999999999754e-01
2.989516500000000132e-01 5.162999999999999812e-01
3.462078800000000234e-01 5.026000000000000467e-01
2.729848400000000064e-01 4.912000000000000255e-01
3.806300699999999870e-01 5.262000000000000011e-01
5.092870000000000452e-01 5.331000000000000183e-01
3.777718500000000201e-01 4.747999999999999998e-01
5.195820500000000175e-01 5.204999999999999627e-01
2.782778799999999775e-01 5.248000000000000442e-01
2.739248599999999922e-01 4.823000000000000065e-01
4.111524599999999974e-01 5.185999999999999499e-01
4.999567300000000158e-01 5.141000000000000014e-01
3.159252599999999855e-01 4.460000000000000075e-01
4.582406099999999927e-01 5.279000000000000359e-01
3.349988899999999936e-01 5.032999999999999696e-01
2.520118700000000267e-01 4.641000000000000125e-01
3.794192699999999752e-01 5.200000000000000178e-01
4.773279100000000219e-01 5.079000000000000181e-01
2.841719300000000170e-01 4.801000000000000267e-01
2.499787099999999929e-01 4.667000000000000037e-01
3.982995400000000075e-01 4.854999999999999871e-01
4.676672199999999946e-01 5.214999999999999636e-01
4.746776500000000065e-01 5.003999999999999559e-01
2.294195699999999893e-01 4.539000000000000257e-01
4.942302299999999926e-01 5.022999999999999687e-01
3.650063000000000057e-01 4.897000000000000242e-01
2.406970499999999957e-01 4.676000000000000156e-01
3.240102799999999839e-01 4.400999999999999912e-01
2.780981200000000042e-01 4.390000000000000013e-01
2.718963799999999931e-01 4.267000000000000237e-01
7.933900499999999578e-01 5.211999999999999966e-01
4.372419900000000248e-01 5.081999999999999851e-01
2.684275099999999803e-01 4.717000000000000082e-01
7.231441899999999645e-01 5.199000000000000288e-01
4.529003999999999808e-01 5.089000000000000190e-01
2.199590800000000013e-01 5.063999999999999613e-01
3.194139799999999862e-01 4.500000000000000111e-01
4.312715300000000140e-01 5.078000000000000291e-01
3.382719000000000142e-01 4.991999999999999771e-01
2.775241999999999987e-01 4.888000000000000123e-01
4.982669200000000020e-01 5.295999999999999597e-01
2.624371799999999921e-01 5.265999999999999570e-01
3.180174700000000243e-01 4.788999999999999924e-01
4.008523900000000029e-01 4.950999999999999845e-01
2.753596600000000061e-01 4.557999999999999829e-01
2.493989299999999909e-01 4.645000000000000240e-01
4.848106799999999938e-01 5.058000000000000274e-01
2.977952500000000113e-01 4.914000000000000035e-01
3.835062699999999825e-01 4.894000000000000017e-01
3.346422000000000008e-01 4.965999999999999859e-01
3.208253400000000144e-01 4.549000000000000266e-01
4.190968299999999758e-01 4.822000000000000175e-01
3.874510999999999927e-01 4.682999999999999940e-01
2.859552899999999731e-01 5.102999999999999758e-01
3.295371999999999746e-01 4.741000000000000214e-01
3.529759699999999722e-01 4.923000000000000154e-01
3.930311200000000116e-01 5.161999999999999922e-01
4.409526500000000016e-01 4.521999999999999909e-01
2.635915400000000131e-01 4.312000000000000277e-01
3.295046500000000100e-01 4.870999999999999774e-01
2.595074499999999729e-01 4.667000000000000037e-01
2.582005800000000129e-01 4.899999999999999911e-01
3.233062099999999828e-01 5.094999999999999529e-01
2.564004699999999914e-01 4.396999999999999797e-01
3.204852899999999782e-01 5.071999999999999842e-01
2.922853499999999993e-01 5.534000000000000030e-01
3.860146199999999750e-01 4.803000000000000047e-01
4.560374300000000214e-01 4.939999999999999947e-01
3.063748399999999816e-01 4.652999999999999914e-01
2.792035999999999962e-01 4.561999999999999944e-01
2.963255300000000036e-01 4.333000000000000185e-01
3.161415300000000039e-01 4.811000000000000276e-01
3.937083100000000058e-01 5.233999999999999764e-01
4.040357299999999818e-01 4.768000000000000016e-01
5.562162499999999676e-01 5.199000000000000288e-01
3.744163799999999931e-01 5.080000000000000071e-01
4.929762100000000258e-01 5.151999999999999913e-01
3.557086199999999754e-01 4.753000000000000003e-01
3.356401099999999915e-01 4.742000000000000104e-01
2.964182899999999732e-01 4.349999999999999978e-01
3.405185399999999807e-01 5.133999999999999675e-01
3.427404499999999743e-01 4.767000000000000126e-01
3.547902900000000082e-01 5.133999999999999675e-01
5.046542499999999709e-01 5.555999999999999828e-01
2.252180400000000082e-01 4.536000000000000032e-01
2.600240999999999802e-01 4.600000000000000200e-01
3.092968099999999776e-01 5.066000000000000503e-01
3.593631299999999751e-01 4.858999999999999986e-01
2.960845699999999914e-01 4.673999999999999821e-01
4.125823599999999813e-01 5.127000000000000446e-01
4.357124399999999786e-01 4.739999999999999769e-01
3.505292700000000039e-01 5.189000000000000279e-01
3.344230899999999784e-01 4.748999999999999888e-01
3.384495900000000224e-01 4.622999999999999887e-01
3.573618100000000020e-01 4.864999999999999880e-01
3.979015499999999927e-01 4.898000000000000131e-01
3.197344999999999771e-01 5.030000000000000027e-01
3.569325099999999806e-01 4.549000000000000266e-01
3.282191500000000151e-01 4.788000000000000034e-01
2.268899799999999911e-01 4.668999999999999817e-01
3.972697600000000273e-01 5.403000000000000025e-01
3.693311000000000233e-01 5.001999999999999780e-01
2.565936999999999801e-01 4.806000000000000272e-01
2.783449499999999799e-01 4.663999999999999813e-01
3.545540500000000095e-01 5.066000000000000503e-01
2.441533800000000032e-01 4.764999999999999791e-01
4.772155399999999936e-01 5.185999999999999499e-01
2.400623100000000010e-01 4.762000000000000122e-01
5.271251099999999523e-01 5.425999999999999712e-01
4.305541600000000191e-01 4.919000000000000039e-01
3.641247799999999812e-01 5.361000000000000210e-01
3.271942600000000145e-01 4.929000000000000048e-01
2.696934100000000223e-01 4.556999999999999940e-01
3.862905699999999998e-01 5.179000000000000270e-01
4.477258199999999966e-01 5.207000000000000517e-01
3.212615400000000121e-01 5.036000000000000476e-01
3.028299700000000039e-01 5.020000000000000018e-01
3.551364799999999766e-01 4.547999999999999821e-01
4.054039600000000076e-01 5.193999999999999728e-01
2.811861199999999839e-01 4.975999999999999868e-01
3.467129700000000092e-01 4.683999999999999830e-01
4.542139399999999827e-01 4.779999999999999805e-01
3.361545899999999754e-01 4.899000000000000021e-01
3.464870400000000239e-01 4.864999999999999880e-01
3.509256199999999937e-01 4.929999999999999938e-01
3.621275899999999992e-01 5.242999999999999883e-01
3.394123099999999948e-01 4.996999999999999775e-01
2.966239600000000198e-01 5.237000000000000544e-01
3.682611299999999921e-01 5.127000000000000446e-01
4.023305400000000143e-01 4.495999999999999996e-01
4.195455499999999893e-01 4.940999999999999837e-01
2.932197799999999854e-01 4.875999999999999779e-01
3.292526499999999801e-01 5.143999999999999684e-01
4.621010099999999787e-01 5.646999999999999797e-01
4.840920899999999749e-01 5.231000000000000094e-01
3.565686100000000081e-01 4.670000000000000262e-01
6.289717299999999511e-01 5.638999999999999568e-01
3.393696800000000069e-01 4.753000000000000003e-01
3.612940800000000174e-01 4.802000000000000157e-01
4.378341299999999880e-01 5.228000000000000425e-01
4.847576399999999897e-01 5.262000000000000011e-01
3.390643700000000038e-01 4.883000000000000118e-01
4.945139599999999747e-01 5.346999999999999531e-01
3.539835199999999960e-01 5.188000000000000389e-01
4.435421800000000081e-01 5.102999999999999758e-01
4.095866899999999755e-01 4.868000000000000105e-01
2.411478099999999902e-01 4.531000000000000028e-01
3.641784399999999922e-01 5.030999999999999917e-01
2.592043299999999828e-01 4.293000000000000149e-01
2.842894599999999938e-01 4.651000000000000134e-01
4.117302899999999988e-01 5.193999999999999728e-01
2.597603700000000182e-01 4.441999999999999837e-01
2.620291299999999990e-01 4.315999999999999837e-01
3.747190400000000032e-01 4.919000000000000039e-01
4.205531800000000264e-01 5.109000000000000208e-01
6.599443600000000076e-01 5.451000000000000290e-01
5.219419499999999879e-01 5.249000000000000332e-01
2.879117600000000166e-01 4.632000000000000006e-01
3.775193299999999863e-01 5.148000000000000353e-01
3.760792299999999866e-01 5.152999999999999803e-01
3.619701300000000010e-01 5.003999999999999559e-01
2.806423200000000007e-01 4.320999999999999841e-01
2.696030500000000107e-01 5.068000000000000282e-01
3.260587899999999872e-01 4.611999999999999988e-01
3.378789700000000007e-01 4.878000000000000114e-01
3.732307599999999947e-01 5.249000000000000332e-01
2.618633100000000158e-01 4.460999999999999965e-01
2.832329599999999781e-01 4.561000000000000054e-01
3.350192300000000012e-01 4.929000000000000048e-01
3.155911100000000080e-01 4.707999999999999963e-01
3.127830200000000227e-01 5.069000000000000172e-01
4.013550699999999805e-01 5.422000000000000153e-01
3.133961200000000002e-01 5.031999999999999806e-01
3.283080299999999729e-01 5.059000000000000163e-01
2.574825900000000112e-01 4.512999999999999790e-01
3.409334199999999870e-01 5.487999999999999545e-01
2.955530699999999733e-01 4.717999999999999972e-01
2.826289599999999846e-01 4.598999999999999755e-01
3.772850200000000265e-01 5.432000000000000162e-01
2.439124699999999923e-01 4.552999999999999825e-01
5.578847900000000193e-01 5.451000000000000290e-01
2.938314899999999730e-01 4.858000000000000096e-01
2.897793200000000069e-01 4.519000000000000239e-01
4.056290900000000255e-01 4.807000000000000162e-01
2.718918100000000115e-01 4.575000000000000178e-01
4.342763599999999724e-01 4.964000000000000079e-01
3.400421299999999980e-01 4.606999999999999984e-01
4.456744200000000156e-01 5.175999999999999490e-01
5.546602899999999448e-01 5.071999999999999842e-01
3.263375900000000107e-01 4.792000000000000148e-01
3.241341500000000098e-01 4.902000000000000246e-01
3.126908099999999857e-01 4.633999999999999786e-01
2.373899700000000057e-01 4.813999999999999946e-01
3.334935600000000222e-01 4.606999999999999984e-01
3.051013200000000092e-01 4.853000000000000091e-01
3.742424100000000253e-01 5.039000000000000146e-01
2.624123199999999767e-01 4.687999999999999945e-01
3.880536500000000277e-01 5.271000000000000130e-01
3.916605000000000225e-01 5.076000000000000512e-01
3.211412100000000103e-01 4.685000000000000275e-01
2.601391599999999804e-01 4.567999999999999838e-01
3.812062199999999845e-01 5.232999999999999874e-01
3.082229100000000166e-01 5.142999999999999794e-01
5.158392299999999819e-01 5.125999999999999446e-01
4.919380300000000261e-01 4.742000000000000104e-01
2.835067099999999951e-01 4.081000000000000183e-01
3.976706500000000144e-01 4.949999999999999956e-01
2.974956899999999793e-01 4.617999999999999883e-01
2.892269599999999774e-01 4.577999999999999847e-01
3.196777599999999775e-01 4.974999999999999978e-01
4.162294799999999850e-01 4.954000000000000070e-01
6.015016899999999778e-01 5.359000000000000430e-01
2.438052800000000131e-01 4.719999999999999751e-01
4.158882300000000254e-01 4.927000000000000268e-01
3.859087600000000173e-01 5.000999999999999890e-01
3.816929499999999753e-01 5.220000000000000195e-01
2.189201600000000025e-01 4.550000000000000155e-01
2.641492400000000074e-01 4.187000000000000166e-01
4.255989099999999969e-01 5.179000000000000270e-01
2.484546300000000096e-01 4.509000000000000230e-01
3.263407400000000180e-01 4.732000000000000095e-01
5.587236500000000161e-01 5.191999999999999948e-01
3.702378399999999847e-01 5.071999999999999842e-01
2.767722799999999816e-01 4.666000000000000147e-01
2.211468099999999992e-01 4.408000000000000251e-01
3.632188599999999767e-01 4.763000000000000012e-01
3.416769100000000003e-01 4.747999999999999998e-01
3.000410499999999758e-01 4.762000000000000122e-01
2.891816899999999912e-01 5.060000000000000053e-01
2.755149900000000152e-01 4.789999999999999813e-01
2.929110400000000114e-01 4.929000000000000048e-01
4.201142999999999961e-01 4.932000000000000273e-01
3.350705999999999962e-01 4.979999999999999982e-01
3.492083500000000007e-01 4.803000000000000047e-01
3.521613800000000238e-01 4.858000000000000096e-01
3.833834700000000040e-01 5.157000000000000473e-01
5.204899400000000398e-01 5.026000000000000467e-01
2.483500299999999994e-01 4.613999999999999768e-01
3.026729300000000067e-01 4.562999999999999834e-01
3.822390800000000088e-01 4.913000000000000145e-01
3.713475999999999999e-01 5.079000000000000181e-01
5.570121399999999889e-01 5.144999999999999574e-01
3.102456000000000103e-01 4.350999999999999868e-01
7.200033999999999601e-01 5.235999999999999543e-01
3.943362400000000045e-01 5.020999999999999908e-01
4.119635999999999854e-01 5.023999999999999577e-01
4.330547000000000146e-01 5.550000000000000488e-01
2.786709700000000178e-01 4.616999999999999993e-01
3.832423300000000199e-01 4.600000000000000200e-01
5.325188499999999880e-01 5.093999999999999639e-01
4.260321699999999878e-01 5.009000000000000119e-01
2.700681699999999963e-01 4.556000000000000050e-01
5.234755300000000222e-01 5.262999999999999901e-01
4.874771199999999860e-01 5.141000000000000014e-01
2.595773599999999792e-01 4.918000000000000149e-01
4.400547799999999787e-01 5.001999999999999780e-01
2.791337500000000138e-01 4.742000000000000104e-01
3.563508100000000178e-01 5.013999999999999568e-01
3.947958500000000037e-01 5.560000000000000497e-01
2.775611199999999945e-01 4.737000000000000099e-01
3.115024000000000126e-01 4.878000000000000114e-01
2.960851199999999794e-01 4.772000000000000131e-01
2.738995699999999811e-01 4.202000000000000179e-01
2.505654999999999966e-01 4.435000000000000053e-01
2.867940299999999776e-01 5.504999999999999893e-01
4.511354200000000092e-01 5.069000000000000172e-01
4.259966099999999978e-01 4.961999999999999744e-01
3.043797500000000045e-01 4.752000000000000113e-01
2.318598099999999995e-01 4.124999999999999778e-01
4.143192499999999723e-01 4.858999999999999986e-01
2.924309700000000123e-01 5.211999999999999966e-01
3.920987000000000222e-01 4.781000000000000250e-01
2.277144299999999955e-01 4.733999999999999875e-01
4.151464899999999791e-01 5.002999999999999670e-01
6.679665000000000186e-01 5.286999999999999478e-01
3.356095299999999892e-01 4.812000000000000166e-01
3.730302799999999919e-01 5.208000000000000407e-01
2.727117900000000095e-01 4.678999999999999826e-01
3.160895100000000180e-01 4.979999999999999982e-01
5.096300599999999958e-01 5.141000000000000014e-01
4.004372900000000013e-01 4.845999999999999752e-01
3.464578200000000274e-01 4.712000000000000077e-01
4.041533099999999878e-01 5.221000000000000085e-01
3.473329700000000186e-01 5.319000000000000394e-01
3.539020800000000078e-01 5.017000000000000348e-01
4.852626099999999831e-01 5.279000000000000359e-01
4.476846999999999910e-01 4.907000000000000250e-01
3.797834199999999827e-01 5.056000000000000494e-01
3.158863700000000274e-01 5.012999999999999678e-01
3.362486399999999875e-01 4.763000000000000012e-01
3.773624999999999896e-01 4.924999999999999933e-01
5.682926299999999653e-01 5.170000000000000151e-01
4.178598000000000035e-01 5.050000000000000044e-01
5.525984299999999738e-01 5.210000000000000187e-01
4.657393200000000122e-01 5.062999999999999723e-01
2.948991200000000146e-01 4.636000000000000121e-01
4.877894099999999789e-01 5.382000000000000117e-01
3.470456900000000178e-01 5.135999999999999455e-01
3.330543499999999990e-01 4.969999999999999973e-01
3.201949499999999782e-01 4.928000000000000158e-01
2.737611799999999929e-01 5.239000000000000323e-01
3.438756199999999930e-01 5.185999999999999499e-01
3.094982000000000011e-01 4.819999999999999840e-01
3.254577699999999796e-01 5.161000000000000032e-01
4.333538599999999796e-01 4.951999999999999735e-01
2.984218499999999885e-01 4.540000000000000147e-01
3.840238000000000262e-01 5.389000000000000457e-01
7.282642299999999569e-01 5.352999999999999980e-01
2.147457700000000025e-01 4.450000000000000067e-01
2.752914599999999878e-01 4.482999999999999763e-01
2.963648899999999919e-01 4.864999999999999880e-01
2.666456999999999855e-01 4.334999999999999964e-01
2.600397300000000245e-01 4.459000000000000186e-01
3.203856900000000008e-01 4.625000000000000222e-01
3.733767700000000245e-01 5.087000000000000410e-01
3.907704900000000259e-01 5.285999999999999588e-01
4.323322499999999735e-01 5.207000000000000517e-01
2.484324800000000111e-01 4.434000000000000163e-01
2.465300599999999953e-01 4.631000000000000116e-01
3.440201500000000245e-01 5.496999999999999664e-01
5.485716600000000165e-01 5.360000000000000320e-01
2.843775900000000134e-01 5.052999999999999714e-01
2.905559799999999915e-01 4.557999999999999829e-01
3.761008800000000263e-01 4.898000000000000131e-01
5.481432600000000210e-01 5.087000000000000410e-01
4.722334100000000201e-01 4.930999999999999828e-01
2.687138099999999974e-01 4.535000000000000142e-01
2.895196299999999723e-01 4.625000000000000222e-01
3.513177100000000053e-01 5.081999999999999851e-01
4.417265100000000166e-01 5.069000000000000172e-01
1.137672220000000012e+00 5.423000000000000043e-01
2.664688900000000138e-01 4.435000000000000053e-01
2.968045799999999845e-01 5.040000000000000036e-01
4.141748100000000044e-01 4.893000000000000127e-01
2.150584799999999963e-01 4.491999999999999882e-01
4.043561299999999803e-01 5.175999999999999490e-01
2.369552400000000114e-01 4.354999999999999982e-01
3.502204500000000165e-01 4.778000000000000025e-01
3.081467800000000090e-01 4.956999999999999740e-01
3.148237099999999788e-01 4.919000000000000039e-01
2.663548399999999816e-01 4.153999999999999915e-01
3.324594699999999792e-01 4.900999999999999801e-01
3.733334899999999901e-01 4.902000000000000246e-01
4.320164499999999963e-01 5.014999999999999458e-01
3.204479100000000025e-01 5.047000000000000375e-01
3.080938799999999866e-01 4.767000000000000126e-01
3.812890899999999972e-01 5.100000000000000089e-01
2.753595300000000190e-01 5.161999999999999922e-01
2.949937300000000096e-01 4.495000000000000107e-01
3.323392000000000013e-01 5.258000000000000451e-01
3.367141200000000056e-01 5.074999999999999512e-01
3.359207900000000246e-01 5.033999999999999586e-01
2.715854899999999850e-01 5.029000000000000137e-01
3.129093199999999908e-01 4.732999999999999985e-01
3.747396399999999850e-01 4.993000000000000216e-01
3.252600399999999725e-01 4.900999999999999801e-01
8.172161500000000300e-01 5.352999999999999980e-01
3.936339300000000208e-01 4.507999999999999785e-01
4.448158500000000126e-01 4.927000000000000268e-01
3.769654100000000008e-01 4.665000000000000258e-01
3.193214600000000014e-01 5.310000000000000275e-01
4.226405100000000248e-01 5.123999999999999666e-01
4.805868200000000257e-01 4.829999999999999849e-01
3.377605300000000033e-01 5.019000000000000128e-01
3.329571599999999743e-01 5.218000000000000416e-01
3.986525000000000207e-01 5.086000000000000520e-01
3.295024200000000181e-01 4.682999999999999940e-01
4.010217500000000102e-01 5.110999999999999988e-01
3.068638899999999725e-01 4.758999999999999897e-01
3.150530300000000117e-01 4.415000000000000036e-01
3.255574600000000207e-01 5.102999999999999758e-01
3.115361200000000275e-01 5.259000000000000341e-01
2.671353300000000042e-01 4.515000000000000124e-01
3.025129500000000027e-01 5.118000000000000327e-01
4.000184600000000201e-01 5.305999999999999606e-01
5.420390299999999772e-01 4.970999999999999863e-01
3.343709899999999791e-01 4.964999999999999969e-01
3.432578800000000152e-01 5.449000000000000510e-01
3.602154499999999926e-01 5.144999999999999574e-01
3.211285999999999863e-01 4.975999999999999868e-01
4.060682999999999931e-01 4.914999999999999925e-01
4.018926899999999969e-01 5.190000000000000169e-01
4.315938400000000064e-01 4.868999999999999995e-01
3.823111799999999727e-01 5.009000000000000119e-01
3.149040799999999751e-01 5.041999999999999815e-01
3.316705300000000189e-01 4.712000000000000077e-01
3.325972600000000057e-01 4.909000000000000030e-01
3.733090700000000206e-01 5.027000000000000357e-01
2.859067900000000217e-01 4.692000000000000060e-01
4.069055999999999784e-01 5.132999999999999785e-01
3.503403399999999723e-01 4.608999999999999764e-01
3.329589800000000155e-01 5.211999999999999966e-01
3.523506900000000219e-01 5.453000000000000069e-01
3.226725200000000182e-01 5.089000000000000190e-01
2.525859500000000035e-01 4.324999999999999956e-01
3.235235900000000275e-01 4.586999999999999966e-01
3.236676499999999734e-01 5.132999999999999785e-01
4.086990300000000187e-01 5.253999999999999782e-01
2.651341300000000234e-01 4.409000000000000141e-01
3.933893500000000265e-01 4.959000000000000075e-01
3.719759799999999839e-01 5.023999999999999577e-01
5.306672000000000056e-01 5.247000000000000552e-01
3.207815199999999867e-01 5.010999999999999899e-01
3.569863899999999868e-01 4.879000000000000004e-01
4.388815200000000250e-01 5.142999999999999794e-01
3.469933800000000179e-01 4.984999999999999987e-01
3.201321699999999937e-01 5.044999999999999485e-01
2.473747699999999938e-01 4.610000000000000209e-01
2.336421999999999943e-01 4.612999999999999878e-01
2.967714100000000133e-01 4.994999999999999996e-01
4.607396899999999795e-01 5.423999999999999932e-01
3.929797099999999821e-01 5.584000000000000075e-01
3.464040999999999926e-01 4.385999999999999899e-01
2.930203299999999955e-01 4.913000000000000145e-01
3.282295800000000208e-01 5.130000000000000115e-01
5.411368300000000131e-01 5.201999999999999957e-01
2.406391599999999908e-01 4.486999999999999877e-01
3.658080000000000220e-01 4.646000000000000130e-01
3.342441500000000176e-01 4.686000000000000165e-01
2.738210999999999840e-01 4.989999999999999991e-01
4.178575700000000115e-01 4.843000000000000083e-01
2.158710799999999930e-01 4.429000000000000159e-01
3.129127899999999962e-01 5.360000000000000320e-01
1.925483299999999898e-01 4.262000000000000233e-01
3.022849699999999862e-01 4.641000000000000125e-01
4.241983200000000176e-01 5.323999999999999844e-01
2.693516000000000243e-01 4.752000000000000113e-01
2.843697700000000217e-01 4.581000000000000072e-01
9.143805200000000299e-01 5.340000000000000302e-01
3.252017899999999906e-01 4.733999999999999875e-01
2.659843900000000150e-01 4.753999999999999893e-01
3.290521900000000222e-01 4.956999999999999740e-01
4.629547600000000207e-01 5.419000000000000483e-01
2.413583699999999888e-01 4.689999999999999725e-01
3.594785699999999973e-01 4.510000000000000120e-01
3.202721499999999777e-01 4.557999999999999829e-01
3.125024800000000269e-01 4.660000000000000253e-01
3.317644799999999727e-01 4.717999999999999972e-01
5.283701400000000437e-01 5.394999999999999796e-01
3.527656800000000259e-01 4.847000000000000197e-01
7.147950100000000084e-01 5.444999999999999840e-01
3.747363400000000011e-01 4.848000000000000087e-01
3.428550699999999840e-01 4.667999999999999927e-01
6.895769400000000271e-01 5.213999999999999746e-01
6.049409399999999826e-01 5.577999999999999625e-01
3.267978699999999903e-01 4.808000000000000052e-01
5.233429299999999840e-01 5.040000000000000036e-01
2.097863399999999878e-01 4.470000000000000084e-01
3.694028799999999890e-01 5.406999999999999584e-01
2.878591099999999736e-01 4.749999999999999778e-01
3.715091899999999892e-01 5.060999999999999943e-01
3.469353000000000020e-01 5.098000000000000309e-01
2.509238999999999775e-01 4.568999999999999728e-01
3.078217300000000156e-01 4.726000000000000201e-01
4.011972899999999842e-01 4.709999999999999742e-01
2.844817700000000227e-01 4.686000000000000165e-01
3.977059499999999748e-01 5.039000000000000146e-01
4.167899199999999804e-01 5.086000000000000520e-01
4.554430500000000159e-01 5.463999999999999968e-01
2.630595900000000098e-01 5.493000000000000105e-01
2.757270499999999736e-01 4.596000000000000085e-01
2.708157299999999768e-01 4.734999999999999765e-01
4.799351099999999981e-01 4.870999999999999774e-01
2.360073900000000113e-01 4.361999999999999766e-01
6.557938399999999612e-01 5.784000000000000252e-01
3.432958199999999738e-01 4.549000000000000266e-01
3.611294800000000027e-01 4.486999999999999877e-01
5.845122299999999660e-01 5.292999999999999927e-01
2.468267199999999995e-01 4.499000000000000221e-01
3.833537499999999931e-01 5.416999999999999593e-01
2.970601600000000175e-01 4.909999999999999920e-01
2.826245199999999902e-01 4.656000000000000139e-01
2.483518299999999956e-01 4.418000000000000260e-01
2.762040199999999945e-01 4.507999999999999785e-01
2.886048800000000081e-01 4.981999999999999762e-01
6.331837099999999552e-01 5.548999999999999488e-01
4.068665000000000198e-01 5.538999999999999480e-01
2.494750900000000104e-01 4.749999999999999778e-01
6.804402600000000190e-01 5.481000000000000316e-01
2.042876600000000098e-01 4.581999999999999962e-01
2.432737700000000003e-01 4.572999999999999843e-01
2.922682200000000230e-01 4.411999999999999811e-01
4.328189499999999801e-01 5.189000000000000279e-01
3.363862300000000083e-01 5.359000000000000430e-01
3.746801399999999949e-01 5.114999999999999547e-01
4.092329100000000053e-01 4.950999999999999845e-01
4.349801699999999993e-01 5.585999999999999854e-01
3.456448599999999982e-01 5.178000000000000380e-01
3.113233200000000145e-01 5.057000000000000384e-01
3.474527399999999822e-01 5.342999999999999972e-01
3.324708100000000055e-01 4.718999999999999861e-01
3.255042699999999845e-01 4.510000000000000120e-01
3.109403700000000215e-01 5.097000000000000419e-01
3.798405400000000043e-01 5.459000000000000519e-01
4.285187799999999880e-01 5.132999999999999785e-01
4.313460800000000206e-01 4.879999999999999893e-01
3.154654100000000017e-01 4.939000000000000057e-01
5.588209800000000227e-01 4.823999999999999955e-01
3.985699200000000220e-01 4.941999999999999726e-01
3.505068800000000206e-01 5.275999999999999579e-01
3.304451999999999945e-01 4.811000000000000276e-01
3.040634400000000181e-01 4.521000000000000019e-01
4.136195400000000078e-01 5.348000000000000531e-01
3.289227000000000123e-01 4.472999999999999754e-01
3.362244699999999975e-01 4.976999999999999758e-01
3.116445899999999991e-01 4.732999999999999985e-01
3.336604100000000184e-01 4.823000000000000065e-01
3.672311699999999957e-01 5.309000000000000385e-01
4.854916000000000231e-01 5.346999999999999531e-01
3.454114999999999824e-01 4.909000000000000030e-01
3.275934999999999819e-01 4.853000000000000091e-01
2.743723800000000268e-01 4.470999999999999974e-01
3.969978900000000199e-01 5.249000000000000332e-01
3.681093999999999755e-01 4.843000000000000083e-01
4.344941600000000181e-01 4.839999999999999858e-01
2.785778300000000263e-01 4.716000000000000192e-01
8.534876900000000211e-01 5.314999999999999725e-01
2.834911299999999801e-01 4.072999999999999954e-01
3.163588900000000037e-01 4.858000000000000096e-01
7.698376099999999500e-01 5.452000000000000179e-01
3.542745500000000214e-01 5.405999999999999694e-01
3.764802700000000057e-01 4.899000000000000021e-01
5.640609199999999657e-01 5.409000000000000474e-01
4.073352399999999873e-01 5.293999999999999817e-01
5.542341400000000418e-01 5.370000000000000329e-01
3.404166000000000136e-01 4.920999999999999819e-01
3.498898699999999917e-01 5.151999999999999913e-01
3.688221700000000047e-01 4.983000000000000207e-01
2.722294499999999839e-01 4.259000000000000008e-01
4.689318000000000097e-01 5.601000000000000423e-01
3.163031499999999774e-01 5.493000000000000105e-01
2.967994400000000255e-01 4.660000000000000253e-01
2.360947999999999936e-01 5.000999999999999890e-01
4.108393699999999815e-01 5.100999999999999979e-01
4.844722499999999932e-01 4.919999999999999929e-01
3.457766099999999843e-01 5.237000000000000544e-01
3.372446000000000055e-01 5.214999999999999636e-01
2.445969899999999864e-01 4.647999999999999909e-01
4.740356600000000253e-01 4.870999999999999774e-01
3.081302200000000102e-01 5.170000000000000151e-01
2.680798099999999740e-01 4.687999999999999945e-01
2.546384600000000109e-01 4.371999999999999775e-01
3.369502500000000067e-01 4.852000000000000202e-01
2.760730499999999865e-01 4.480999999999999983e-01
3.175001599999999757e-01 4.858000000000000096e-01
3.776572000000000262e-01 4.864999999999999880e-01
4.491600099999999984e-01 5.633000000000000229e-01
3.671661600000000192e-01 5.349000000000000421e-01
3.763690199999999986e-01 4.516000000000000014e-01
4.070869400000000082e-01 5.070000000000000062e-01
3.183631100000000047e-01 4.863000000000000100e-01
3.286324400000000256e-01 4.995999999999999885e-01
5.197275999999999563e-01 5.534999999999999920e-01
3.460498699999999817e-01 4.994000000000000106e-01
3.485197800000000012e-01 5.038000000000000256e-01
2.586659399999999831e-01 4.929999999999999938e-01
3.544396200000000108e-01 4.979000000000000092e-01
2.403890800000000050e-01 4.486999999999999877e-01
4.260794099999999918e-01 5.006000000000000449e-01
2.794790100000000277e-01 4.872000000000000219e-01
3.268174200000000251e-01 4.910999999999999810e-01
3.203213899999999836e-01 5.052999999999999714e-01
3.624694299999999814e-01 4.748999999999999888e-01
2.862741500000000050e-01 4.718999999999999861e-01
3.152246799999999793e-01 5.069000000000000172e-01
3.242387500000000200e-01 4.633999999999999786e-01
2.778179199999999960e-01 4.848000000000000087e-01
3.424376199999999981e-01 4.960999999999999854e-01
3.569077800000000078e-01 4.804999999999999827e-01
3.220422399999999796e-01 4.937000000000000277e-01
2.893369599999999764e-01 4.527999999999999803e-01
2.806244700000000147e-01 4.879999999999999893e-01
2.773623100000000008e-01 5.312000000000000055e-01
3.431761099999999787e-01 4.630000000000000226e-01
4.145079400000000192e-01 5.261000000000000121e-01
3.394242900000000174e-01 5.040999999999999925e-01
3.401844600000000218e-01 4.902000000000000246e-01
3.413481700000000063e-01 4.828000000000000069e-01
3.052682899999999977e-01 4.815999999999999726e-01
5.033525500000000097e-01 5.050999999999999934e-01
2.888271499999999770e-01 4.944999999999999951e-01
4.450761599999999985e-01 4.980999999999999872e-01
4.120477100000000115e-01 5.088000000000000300e-01
3.847897200000000018e-01 4.621999999999999997e-01
4.672857300000000103e-01 5.227000000000000535e-01
4.331311999999999940e-01 4.832000000000000184e-01
2.595849199999999968e-01 4.516000000000000014e-01
5.733694200000000185e-01 5.225999999999999535e-01
5.293959599999999988e-01 4.919999999999999929e-01
3.698565699999999956e-01 5.427999999999999492e-01
3.029937500000000061e-01 5.046000000000000485e-01
2.972600000000000242e-01 4.650000000000000244e-01
3.582630299999999823e-01 5.161999999999999922e-01
5.602273100000000339e-01 5.225999999999999535e-01
2.921061799999999931e-01 4.442999999999999727e-01
3.453428599999999737e-01 4.586999999999999966e-01
3.571975700000000198e-01 4.722999999999999976e-01
2.903576999999999964e-01 4.641000000000000125e-01
3.316362199999999816e-01 4.868000000000000105e-01
3.109792000000000112e-01 4.693999999999999839e-01
2.889912000000000036e-01 5.149000000000000243e-01
8.002519200000000055e-01 5.349000000000000421e-01
3.070289500000000227e-01 4.915999999999999814e-01
3.258714999999999806e-01 4.573999999999999733e-01
3.195499800000000112e-01 4.459000000000000186e-01
3.442618800000000201e-01 4.874999999999999889e-01
3.213812999999999809e-01 5.285999999999999588e-01
2.919400699999999960e-01 4.117000000000000104e-01
3.480967799999999945e-01 5.096000000000000529e-01
2.497856599999999927e-01 4.616999999999999993e-01
3.184291000000000205e-01 4.904999999999999916e-01
3.907000199999999812e-01 4.985999999999999877e-01
2.987083999999999850e-01 4.792000000000000148e-01
4.219597199999999826e-01 5.140000000000000124e-01
2.803969900000000126e-01 4.385999999999999899e-01
2.411016199999999887e-01 4.388000000000000234e-01
2.608090100000000078e-01 4.426999999999999824e-01
3.517374400000000123e-01 5.029000000000000137e-01
4.066875400000000140e-01 5.456999999999999629e-01
2.100534900000000094e-01 4.581000000000000072e-01
3.943032100000000151e-01 5.348000000000000531e-01
4.029354800000000125e-01 4.963000000000000189e-01
3.888698500000000169e-01 4.983000000000000207e-01
6.752601200000000192e-01 5.292000000000000037e-01
3.954837099999999883e-01 4.968000000000000194e-01
3.828086099999999936e-01 4.955999999999999850e-01
3.025791099999999845e-01 4.687000000000000055e-01
4.920881799999999862e-01 5.244999999999999662e-01
2.760379299999999869e-01 4.989000000000000101e-01
4.565046500000000118e-01 5.284999999999999698e-01
4.455024899999999732e-01 5.036000000000000476e-01
3.027794899999999845e-01 4.762000000000000122e-01
3.029510899999999785e-01 5.004999999999999449e-01
3.623967300000000002e-01 5.370000000000000329e-01
3.028027300000000199e-01 4.950999999999999845e-01
5.072059700000000060e-01 5.440000000000000391e-01
2.469972699999999910e-01 4.692999999999999949e-01
2.877533500000000188e-01 4.361999999999999766e-01
3.252456200000000131e-01 4.662000000000000033e-01
3.328524700000000114e-01 4.768000000000000016e-01
5.487377900000000031e-01 5.262000000000000011e-01
2.600909699999999769e-01 4.339999999999999969e-01
2.825013699999999739e-01 5.324999999999999734e-01
4.442068399999999917e-01 4.632999999999999896e-01
2.975203100000000100e-01 5.141000000000000014e-01
5.101880899999999830e-01 5.300000000000000266e-01
2.625050400000000228e-01 5.210000000000000187e-01
3.281428499999999859e-01 4.731000000000000205e-01
4.929453799999999886e-01 5.272000000000000020e-01
2.577015799999999857e-01 4.835999999999999743e-01
3.538302999999999865e-01 5.231999999999999984e-01
3.127122399999999747e-01 4.607999999999999874e-01
