# Heisenberg model
# L=12, J=1, W=3.5
# Correlations between the gap ratio r_S and V (the rescaled ratio between variances of off-diagonal and diagonal hamiltonian matrix elements)
# V r_S
1.438837299999999875e-01 4.128999999999999893e-01
1.277268000000000014e-01 3.709000000000000075e-01
1.554774399999999945e-01 4.435999999999999943e-01
2.026712200000000130e-01 4.355999999999999872e-01
1.729782199999999881e-01 4.299000000000000044e-01
7.547632999999999426e-02 4.025000000000000244e-01
1.626497100000000029e-01 4.243000000000000105e-01
1.079826599999999942e-01 4.128000000000000003e-01
1.313493699999999931e-01 4.617999999999999883e-01
1.419488799999999995e-01 3.904000000000000248e-01
1.035849499999999951e-01 3.911000000000000032e-01
2.339690799999999959e-01 4.870999999999999774e-01
1.246730100000000008e-01 3.931999999999999940e-01
1.322551800000000000e-01 4.330999999999999850e-01
1.733432099999999976e-01 4.446999999999999842e-01
1.563429100000000016e-01 3.947999999999999843e-01
1.225027399999999989e-01 4.062000000000000055e-01
1.228445900000000035e-01 4.082999999999999963e-01
9.904035999999999396e-02 3.921999999999999931e-01
1.077580800000000061e-01 3.632000000000000228e-01
1.662305000000000033e-01 4.107999999999999985e-01
1.827227700000000066e-01 4.373000000000000220e-01
1.133730000000000016e-01 3.763000000000000234e-01
9.215924999999999812e-02 3.876000000000000001e-01
8.698648999999999964e-02 3.860999999999999988e-01
1.645564300000000035e-01 4.249999999999999889e-01
1.700363799999999870e-01 4.309000000000000052e-01
1.275606400000000029e-01 4.066000000000000170e-01
1.080976800000000015e-01 4.395999999999999908e-01
1.323409700000000022e-01 4.354000000000000092e-01
9.444260999999999628e-02 4.168000000000000038e-01
3.228076699999999910e-01 4.627999999999999892e-01
1.568578700000000103e-01 4.254000000000000004e-01
1.369441600000000092e-01 4.118999999999999884e-01
1.132504399999999939e-01 4.022999999999999909e-01
1.114065199999999950e-01 3.845999999999999974e-01
1.079161299999999990e-01 4.298000000000000154e-01
1.182445300000000005e-01 4.102999999999999980e-01
1.322591399999999973e-01 3.912999999999999812e-01
1.159227500000000050e-01 4.492999999999999772e-01
1.921012699999999906e-01 4.259999999999999898e-01
1.022640300000000058e-01 3.938999999999999724e-01
8.356542999999999610e-02 3.839000000000000190e-01
1.136724999999999958e-01 4.040000000000000258e-01
1.138276800000000005e-01 4.163999999999999924e-01
7.806865999999999806e-02 3.824000000000000177e-01
1.368611899999999937e-01 3.765000000000000013e-01
1.117542599999999942e-01 4.955999999999999850e-01
1.094450899999999949e-01 3.691999999999999726e-01
1.587202100000000005e-01 4.011000000000000121e-01
9.617117999999999500e-02 4.077000000000000068e-01
9.947403999999999968e-02 3.667000000000000259e-01
1.658386299999999869e-01 4.607999999999999874e-01
1.808468699999999929e-01 4.062999999999999945e-01
1.217456299999999936e-01 3.956999999999999962e-01
1.105990599999999990e-01 3.759000000000000119e-01
1.468221700000000018e-01 4.198000000000000065e-01
1.453904900000000111e-01 3.996999999999999997e-01
1.326325799999999999e-01 4.020000000000000240e-01
1.746370999999999896e-01 4.163000000000000034e-01
1.078672600000000065e-01 3.971999999999999975e-01
1.130929100000000048e-01 4.184999999999999831e-01
1.184525300000000003e-01 3.874000000000000221e-01
1.340886000000000022e-01 3.905000000000000138e-01
1.315363499999999963e-01 4.228999999999999981e-01
1.295452199999999887e-01 4.228000000000000091e-01
8.743750000000000133e-02 3.822999999999999732e-01
1.059460700000000033e-01 3.977999999999999869e-01
1.207468099999999961e-01 4.376999999999999780e-01
1.134620900000000016e-01 3.996000000000000107e-01
3.151533899999999777e-01 4.811000000000000276e-01
8.396470999999999796e-02 3.977999999999999869e-01
1.572974000000000039e-01 4.532999999999999807e-01
1.558417599999999958e-01 4.534000000000000252e-01
1.179014899999999977e-01 4.363000000000000211e-01
1.273181800000000030e-01 4.289999999999999925e-01
1.074709100000000028e-01 4.207000000000000184e-01
1.602464799999999967e-01 4.472999999999999754e-01
1.297928700000000046e-01 4.234999999999999876e-01
1.144273999999999986e-01 4.003999999999999782e-01
1.592819799999999897e-01 4.113999999999999879e-01
1.304201200000000005e-01 4.349999999999999978e-01
1.798477500000000007e-01 4.621999999999999997e-01
1.019417199999999996e-01 4.002999999999999892e-01
1.199920899999999957e-01 4.364999999999999991e-01
1.069771999999999945e-01 4.329000000000000070e-01
1.991367900000000080e-01 4.400000000000000022e-01
1.012272300000000014e-01 4.084999999999999742e-01
1.172798800000000030e-01 4.617999999999999883e-01
1.149430500000000049e-01 4.169999999999999818e-01
1.223785299999999993e-01 4.223999999999999977e-01
1.084268599999999999e-01 3.965000000000000191e-01
2.952999099999999988e-01 4.606000000000000094e-01
1.365989300000000073e-01 4.309000000000000052e-01
1.076287499999999953e-01 4.082999999999999963e-01
1.190546400000000032e-01 3.890000000000000124e-01
2.039964200000000116e-01 4.279000000000000026e-01
1.221186900000000020e-01 4.097999999999999976e-01
1.334630599999999945e-01 4.067000000000000060e-01
1.047799199999999986e-01 4.099999999999999756e-01
7.578168999999999877e-02 3.578999999999999959e-01
8.639505999999999575e-02 4.264999999999999902e-01
1.269470799999999899e-01 3.744000000000000106e-01
1.618935499999999972e-01 3.785999999999999921e-01
1.821354099999999976e-01 4.511000000000000010e-01
1.496431400000000078e-01 4.586000000000000076e-01
1.121718099999999968e-01 4.356999999999999762e-01
1.034725999999999979e-01 3.783000000000000251e-01
1.720942699999999936e-01 4.505000000000000115e-01
1.603638099999999955e-01 4.254999999999999893e-01
1.372113199999999977e-01 4.157000000000000139e-01
1.446845300000000056e-01 4.107000000000000095e-01
1.096812199999999959e-01 4.067000000000000060e-01
1.081185399999999991e-01 3.872999999999999776e-01
1.032016500000000059e-01 4.117999999999999994e-01
9.786876999999999382e-02 4.047999999999999932e-01
1.605782900000000124e-01 4.366999999999999771e-01
1.108343799999999962e-01 3.785000000000000031e-01
8.390765000000000029e-02 4.363000000000000211e-01
1.050103299999999990e-01 4.388000000000000234e-01
9.099943000000000615e-02 5.302999999999999936e-01
1.042823600000000045e-01 3.896999999999999909e-01
2.244808199999999976e-01 4.470999999999999974e-01
8.820018999999999776e-02 4.611000000000000099e-01
1.735061400000000031e-01 4.363000000000000211e-01
1.295842500000000119e-01 4.586999999999999966e-01
1.696699899999999928e-01 4.046000000000000152e-01
1.180751200000000056e-01 3.837999999999999745e-01
2.501383400000000146e-01 4.331999999999999740e-01
1.078651600000000016e-01 4.364000000000000101e-01
1.247441799999999962e-01 4.365999999999999881e-01
1.319935299999999978e-01 4.217000000000000193e-01
1.336621799999999916e-01 3.438999999999999835e-01
1.076768899999999973e-01 3.847999999999999754e-01
1.598640799999999917e-01 4.007999999999999896e-01
1.085093599999999991e-01 4.217000000000000193e-01
1.808163700000000040e-01 4.626000000000000112e-01
1.335755200000000031e-01 4.399000000000000132e-01
1.207184300000000016e-01 4.280999999999999805e-01
1.259993299999999927e-01 4.232000000000000206e-01
1.075331499999999940e-01 3.758000000000000229e-01
1.000329499999999955e-01 3.880000000000000115e-01
1.162852899999999995e-01 4.037000000000000033e-01
9.823795000000000444e-02 4.147000000000000131e-01
1.344155999999999962e-01 4.114999999999999769e-01
2.674345300000000036e-01 4.772000000000000131e-01
7.397618000000000249e-02 4.212000000000000188e-01
9.111223999999999712e-02 3.711999999999999744e-01
9.327370000000000105e-02 3.830999999999999961e-01
1.859936699999999998e-01 4.262000000000000233e-01
1.129607200000000006e-01 3.771999999999999797e-01
1.985630999999999924e-01 4.480000000000000093e-01
1.592505100000000118e-01 4.161000000000000254e-01
2.404644800000000082e-01 4.194999999999999840e-01
1.228071599999999985e-01 4.037000000000000033e-01
1.236889800000000039e-01 4.243999999999999995e-01
9.503150999999999959e-02 3.683000000000000163e-01
1.081800799999999979e-01 4.188999999999999946e-01
1.083100500000000049e-01 4.012000000000000011e-01
2.120001300000000088e-01 4.497999999999999776e-01
1.051077599999999945e-01 4.040000000000000258e-01
1.097680399999999973e-01 3.882999999999999785e-01
2.003598900000000127e-01 4.273000000000000131e-01
1.613263000000000058e-01 4.164999999999999813e-01
1.023410099999999961e-01 4.144999999999999796e-01
9.142116999999999605e-02 4.027000000000000024e-01
1.330295300000000069e-01 4.434000000000000163e-01
1.108312000000000047e-01 4.254000000000000004e-01
1.901212700000000089e-01 4.585000000000000187e-01
8.722605999999999415e-02 4.016000000000000125e-01
1.240947099999999970e-01 3.885000000000000120e-01
9.739723000000000130e-02 3.884000000000000230e-01
2.323543399999999925e-01 4.051000000000000156e-01
2.042179799999999934e-01 3.855999999999999983e-01
1.247619499999999965e-01 4.242000000000000215e-01
1.676550400000000052e-01 4.380000000000000004e-01
1.447239300000000006e-01 4.203999999999999959e-01
1.295692599999999917e-01 3.793000000000000260e-01
1.250110399999999899e-01 3.961999999999999966e-01
1.119001800000000019e-01 3.769000000000000128e-01
9.084064999999999501e-02 4.489000000000000212e-01
9.515925000000000078e-02 3.976000000000000090e-01
8.290396999999999350e-02 3.795000000000000040e-01
1.075597900000000023e-01 4.128999999999999893e-01
1.952692400000000106e-01 4.269000000000000017e-01
1.298715900000000090e-01 4.265999999999999792e-01
1.135735400000000006e-01 4.366999999999999771e-01
1.140959200000000034e-01 4.128000000000000003e-01
1.036640800000000057e-01 4.081000000000000183e-01
8.994891000000000691e-02 4.295999999999999819e-01
1.233237999999999973e-01 3.795000000000000040e-01
1.078533400000000059e-01 4.097999999999999976e-01
1.339140000000000053e-01 4.131000000000000227e-01
1.324774599999999913e-01 3.921000000000000041e-01
1.096405700000000066e-01 3.463999999999999857e-01
1.489582299999999970e-01 4.131000000000000227e-01
1.458242399999999939e-01 4.239999999999999880e-01
1.360763299999999953e-01 4.388000000000000234e-01
1.104117700000000063e-01 4.127000000000000113e-01
1.485735499999999987e-01 4.117000000000000104e-01
1.348884200000000089e-01 3.847999999999999754e-01
1.874019799999999958e-01 4.729999999999999760e-01
9.748112000000000443e-02 4.662000000000000033e-01
1.170611000000000013e-01 4.158999999999999919e-01
1.568822699999999903e-01 3.961000000000000076e-01
9.854625000000000190e-02 4.193999999999999950e-01
1.837303600000000092e-01 4.560000000000000164e-01
1.079006700000000041e-01 4.200999999999999734e-01
1.499758800000000059e-01 4.147000000000000131e-01
9.636119999999999408e-02 3.906000000000000028e-01
1.290586400000000022e-01 3.960000000000000187e-01
8.316340999999999317e-02 4.172000000000000153e-01
1.202196799999999954e-01 4.314999999999999947e-01
9.621884999999999466e-02 3.774000000000000132e-01
1.164707600000000065e-01 4.480999999999999983e-01
1.174073300000000042e-01 3.719000000000000083e-01
1.062214600000000037e-01 4.057999999999999940e-01
1.486226300000000056e-01 4.187000000000000166e-01
1.495630699999999924e-01 4.243999999999999995e-01
9.795415999999999845e-02 3.582000000000000184e-01
8.905565000000000009e-02 3.881999999999999895e-01
1.694954800000000039e-01 4.736000000000000210e-01
8.798464000000000285e-02 3.876000000000000001e-01
1.576037999999999883e-01 4.343000000000000194e-01
9.390524000000000093e-02 4.339999999999999969e-01
1.518579999999999930e-01 4.233000000000000096e-01
1.080182799999999943e-01 3.961999999999999966e-01
1.416784799999999955e-01 4.082999999999999963e-01
1.122611399999999954e-01 4.374000000000000110e-01
1.388181699999999907e-01 4.158000000000000029e-01
1.284732799999999953e-01 3.936999999999999944e-01
1.810319200000000128e-01 4.491999999999999882e-01
1.301038399999999984e-01 4.178000000000000047e-01
7.787513999999999548e-02 4.097999999999999976e-01
2.487966899999999870e-01 4.442999999999999727e-01
1.230084099999999986e-01 4.148999999999999910e-01
1.145077500000000054e-01 4.235999999999999766e-01
1.276959099999999958e-01 4.182000000000000162e-01
1.069600299999999976e-01 4.007999999999999896e-01
1.644848700000000052e-01 4.416999999999999815e-01
8.759222999999999315e-02 3.832999999999999741e-01
1.322555099999999928e-01 4.077000000000000068e-01
1.306439699999999982e-01 4.134999999999999787e-01
1.501329200000000030e-01 3.867999999999999772e-01
9.647331000000000656e-02 3.986000000000000099e-01
8.068540999999999908e-02 4.087000000000000077e-01
1.048514799999999969e-01 4.187000000000000166e-01
8.553666000000000047e-02 4.012000000000000011e-01
1.219537900000000064e-01 3.906000000000000028e-01
1.416614999999999958e-01 4.613999999999999768e-01
8.864363000000000103e-02 3.998999999999999777e-01
8.739028000000000074e-02 3.719999999999999973e-01
1.040528800000000004e-01 3.886999999999999900e-01
2.408979599999999943e-01 4.398000000000000242e-01
8.236881999999999537e-02 3.860999999999999988e-01
1.264812300000000000e-01 3.993999999999999773e-01
8.986260000000000081e-02 4.169999999999999818e-01
1.312821100000000074e-01 4.026000000000000134e-01
2.064705400000000080e-01 4.158999999999999919e-01
8.821832999999999758e-02 4.209999999999999853e-01
1.002203400000000050e-01 3.997999999999999887e-01
1.566824599999999956e-01 4.087999999999999967e-01
9.505687999999999638e-02 3.972999999999999865e-01
2.579067999999999916e-01 4.343000000000000194e-01
1.135753600000000002e-01 3.891999999999999904e-01
1.362120400000000064e-01 4.366999999999999771e-01
1.122455799999999976e-01 4.013999999999999790e-01
1.019593099999999974e-01 4.205999999999999739e-01
2.072142399999999940e-01 4.416999999999999815e-01
1.392103000000000090e-01 4.086000000000000187e-01
1.516879299999999986e-01 4.601000000000000090e-01
2.214791000000000121e-01 4.686000000000000165e-01
1.347171000000000063e-01 4.253000000000000114e-01
1.668870399999999865e-01 3.946999999999999953e-01
1.196467400000000014e-01 3.859000000000000208e-01
1.387334100000000014e-01 4.283000000000000140e-01
1.194573800000000019e-01 3.924000000000000266e-01
1.400496499999999978e-01 4.637999999999999901e-01
2.551395900000000272e-01 4.485999999999999988e-01
1.192812300000000020e-01 3.836999999999999855e-01
2.078359999999999930e-01 4.142000000000000126e-01
1.120925900000000058e-01 4.321999999999999731e-01
1.179191099999999937e-01 4.179999999999999827e-01
1.135318599999999983e-01 4.045000000000000262e-01
3.189205700000000143e-01 4.749999999999999778e-01
1.211773500000000031e-01 4.126000000000000223e-01
1.257633200000000118e-01 4.129999999999999782e-01
1.494151400000000018e-01 4.008999999999999786e-01
1.162900600000000007e-01 3.968999999999999750e-01
7.488087999999999689e-02 4.315999999999999837e-01
1.291260300000000028e-01 4.138999999999999901e-01
1.297781600000000035e-01 4.390999999999999903e-01
1.060019100000000047e-01 3.774000000000000132e-01
1.220181300000000024e-01 4.157000000000000139e-01
9.691780999999999313e-02 3.814000000000000168e-01
1.431428700000000054e-01 4.010000000000000231e-01
1.258892100000000014e-01 4.174999999999999822e-01
1.093600899999999931e-01 3.791999999999999815e-01
1.166965199999999980e-01 3.684999999999999942e-01
1.212947199999999948e-01 3.881000000000000005e-01
9.108082000000000678e-02 4.428000000000000269e-01
1.548328399999999994e-01 4.001000000000000112e-01
2.387936400000000015e-01 4.900999999999999801e-01
9.276238000000000539e-02 3.761999999999999789e-01
9.639478999999999409e-02 4.020000000000000240e-01
2.317136999999999947e-01 4.544000000000000261e-01
1.248835799999999940e-01 4.183999999999999941e-01
1.201234000000000052e-01 4.035000000000000253e-01
1.298047200000000123e-01 4.116000000000000214e-01
1.103666999999999981e-01 3.684999999999999942e-01
1.099271299999999979e-01 4.133000000000000007e-01
1.423686299999999960e-01 4.358000000000000207e-01
9.594046000000000518e-02 4.225999999999999757e-01
1.302048600000000056e-01 3.966000000000000081e-01
2.034405699999999872e-01 4.174999999999999822e-01
1.565538999999999958e-01 4.455000000000000071e-01
1.266371599999999986e-01 4.139999999999999791e-01
1.172602699999999998e-01 4.279000000000000026e-01
1.286267799999999961e-01 3.714000000000000079e-01
1.237294500000000047e-01 4.320999999999999841e-01
1.215640199999999949e-01 4.299999999999999933e-01
1.300832899999999903e-01 3.773000000000000242e-01
1.031810900000000031e-01 4.012000000000000011e-01
1.570067599999999952e-01 4.652999999999999914e-01
1.726607000000000003e-01 4.117000000000000104e-01
1.004857299999999953e-01 3.992999999999999883e-01
1.186715200000000026e-01 3.985000000000000209e-01
7.788383000000000111e-02 3.649999999999999911e-01
1.044907900000000001e-01 4.208999999999999964e-01
1.218023000000000022e-01 4.149999999999999800e-01
1.203663999999999984e-01 4.143000000000000016e-01
8.494414000000000131e-02 4.173000000000000043e-01
1.482583399999999885e-01 4.315999999999999837e-01
1.228568000000000021e-01 4.188000000000000056e-01
1.776305300000000087e-01 4.227000000000000202e-01
1.235349699999999940e-01 4.280999999999999805e-01
1.519619299999999951e-01 3.749000000000000110e-01
1.476007000000000013e-01 4.181000000000000272e-01
1.488152600000000048e-01 3.927999999999999825e-01
1.650556099999999915e-01 4.312000000000000277e-01
1.829829099999999986e-01 4.384000000000000119e-01
1.259571300000000005e-01 4.016000000000000125e-01
1.214609400000000033e-01 3.862999999999999767e-01
1.187968600000000041e-01 3.911000000000000032e-01
1.971583399999999875e-01 4.686000000000000165e-01
1.853802800000000084e-01 4.274000000000000021e-01
4.129131500000000066e-01 4.995999999999999885e-01
1.311183399999999999e-01 4.419000000000000150e-01
1.408854200000000112e-01 4.260999999999999788e-01
1.242365299999999978e-01 3.970000000000000195e-01
1.356259900000000018e-01 4.419000000000000150e-01
8.161823999999999468e-02 4.479000000000000203e-01
1.120334699999999961e-01 4.016000000000000125e-01
3.247282799999999803e-01 4.925999999999999823e-01
1.221176199999999962e-01 4.017000000000000015e-01
1.723848699999999956e-01 3.765999999999999903e-01
1.169960399999999956e-01 4.022999999999999909e-01
1.701690499999999884e-01 4.334999999999999964e-01
1.195663500000000018e-01 4.188999999999999946e-01
1.111658400000000019e-01 4.028999999999999804e-01
8.845018999999999798e-02 3.633000000000000118e-01
1.133071799999999935e-01 4.259999999999999898e-01
2.873410000000000131e-01 4.722000000000000086e-01
1.100662099999999977e-01 3.956000000000000072e-01
1.919552700000000112e-01 4.199999999999999845e-01
1.192421000000000036e-01 4.097999999999999976e-01
1.839074900000000068e-01 4.179999999999999827e-01
2.137993800000000111e-01 4.162000000000000144e-01
9.333837999999999857e-02 4.062999999999999945e-01
1.224693599999999993e-01 4.048999999999999821e-01
1.136212899999999998e-01 3.627000000000000224e-01
1.067159200000000058e-01 4.007000000000000006e-01
1.394804699999999953e-01 4.107999999999999985e-01
1.298515000000000086e-01 3.837999999999999745e-01
1.455957999999999974e-01 4.304000000000000048e-01
1.324290399999999979e-01 4.581000000000000072e-01
1.263640600000000003e-01 4.289999999999999925e-01
1.257949800000000007e-01 4.017999999999999905e-01
1.707159799999999894e-01 4.596999999999999975e-01
1.318212199999999890e-01 3.997999999999999887e-01
1.091181799999999952e-01 4.378000000000000225e-01
7.970678000000000485e-02 4.168000000000000038e-01
1.663817400000000002e-01 4.176000000000000267e-01
1.156637300000000063e-01 3.845000000000000084e-01
9.307107000000000574e-02 4.008999999999999786e-01
1.546382400000000101e-01 4.046000000000000152e-01
1.425352199999999903e-01 4.259000000000000008e-01
8.969148000000000398e-02 3.845000000000000084e-01
1.231797399999999959e-01 4.067999999999999949e-01
1.465055000000000107e-01 4.495000000000000107e-01
8.455194000000000598e-02 4.005000000000000226e-01
1.862241500000000050e-01 3.831999999999999851e-01
1.429401399999999933e-01 3.998999999999999777e-01
9.565917999999999644e-02 4.321999999999999731e-01
1.426437299999999964e-01 4.426999999999999824e-01
1.040673599999999976e-01 4.022999999999999909e-01
1.985347899999999888e-01 4.269999999999999907e-01
1.073212600000000017e-01 3.946000000000000063e-01
1.894128200000000095e-01 4.336999999999999744e-01
8.324357999999999758e-02 4.102000000000000091e-01
1.113934399999999963e-01 4.248000000000000109e-01
9.518361999999999656e-02 3.975000000000000200e-01
1.158106700000000044e-01 4.060000000000000275e-01
1.760549499999999878e-01 4.169999999999999818e-01
8.393077999999999650e-02 3.931999999999999940e-01
1.186348299999999967e-01 4.565000000000000169e-01
1.330497599999999891e-01 3.997999999999999887e-01
9.396931999999999507e-02 3.960000000000000187e-01
1.253617599999999888e-01 4.200999999999999734e-01
1.375176700000000085e-01 4.328000000000000180e-01
1.855670700000000006e-01 4.092000000000000082e-01
3.259362599999999777e-01 4.637999999999999901e-01
1.585374900000000031e-01 4.671000000000000152e-01
1.181465899999999958e-01 4.000000000000000222e-01
1.182966200000000051e-01 4.133999999999999897e-01
1.705160000000000009e-01 4.446999999999999842e-01
1.125848599999999949e-01 3.981000000000000094e-01
1.679913700000000010e-01 4.227000000000000202e-01
1.070929600000000009e-01 4.318000000000000171e-01
1.691099000000000074e-01 4.516000000000000014e-01
8.591287999999999703e-02 3.947999999999999843e-01
9.797095000000000109e-02 3.924000000000000266e-01
1.249393899999999974e-01 3.788000000000000256e-01
3.512458999999999998e-01 5.193999999999999728e-01
1.213912199999999941e-01 4.097000000000000086e-01
1.107703700000000069e-01 3.758000000000000229e-01
2.151072599999999946e-01 5.207000000000000517e-01
1.332035599999999986e-01 4.168999999999999928e-01
1.163805200000000012e-01 4.047999999999999932e-01
1.379504599999999970e-01 4.329000000000000070e-01
1.021914500000000031e-01 3.849000000000000199e-01
1.366857700000000120e-01 4.017000000000000015e-01
1.523672199999999977e-01 3.948999999999999733e-01
9.467770999999999826e-02 4.102999999999999980e-01
1.225039799999999984e-01 3.815999999999999948e-01
9.592506000000000643e-02 3.907999999999999807e-01
4.696153100000000080e-01 5.209000000000000297e-01
1.087343199999999954e-01 4.063999999999999835e-01
9.451595999999999609e-02 4.549000000000000266e-01
1.607380399999999987e-01 4.460999999999999965e-01
1.005825899999999995e-01 4.074999999999999734e-01
1.067061200000000015e-01 4.118999999999999884e-01
1.289899100000000132e-01 4.222000000000000197e-01
1.268468299999999938e-01 4.040000000000000258e-01
1.491260899999999889e-01 4.126000000000000223e-01
1.170759600000000067e-01 3.882999999999999785e-01
9.788259000000000543e-02 3.919000000000000261e-01
1.095068399999999942e-01 4.245999999999999774e-01
9.393387999999999738e-02 4.033999999999999808e-01
8.911231999999999487e-02 4.016000000000000125e-01
9.382910999999999335e-02 4.220999999999999752e-01
1.454905300000000068e-01 4.027999999999999914e-01
1.229784800000000011e-01 4.169999999999999818e-01
1.319267899999999882e-01 4.042999999999999927e-01
1.464643099999999865e-01 4.495000000000000107e-01
8.535739000000000520e-02 4.289999999999999925e-01
1.911034799999999922e-01 4.228000000000000091e-01
1.493361800000000128e-01 4.590000000000000191e-01
1.871871999999999980e-01 3.844000000000000195e-01
2.263821299999999870e-01 4.484000000000000208e-01
1.245922799999999997e-01 4.234999999999999876e-01
1.752962299999999973e-01 4.747999999999999998e-01
1.075749599999999973e-01 4.147000000000000131e-01
1.020738800000000057e-01 4.006000000000000116e-01
7.846833999999999754e-02 3.796999999999999820e-01
1.450126200000000087e-01 4.183999999999999941e-01
2.035694200000000009e-01 4.465000000000000080e-01
1.252745399999999898e-01 4.058999999999999830e-01
1.300448600000000121e-01 4.213000000000000078e-01
2.112816999999999890e-01 4.527999999999999803e-01
8.186677000000000537e-02 4.277000000000000246e-01
1.993764100000000039e-01 4.280999999999999805e-01
2.168578999999999923e-01 4.568999999999999728e-01
1.329525199999999907e-01 4.088999999999999857e-01
1.883173099999999878e-01 4.151000000000000245e-01
1.530677500000000024e-01 4.013999999999999790e-01
1.255837800000000060e-01 3.845999999999999974e-01
1.050612199999999968e-01 3.901999999999999913e-01
2.898979400000000206e-01 4.716000000000000192e-01
1.421630600000000078e-01 3.920000000000000151e-01
1.219713600000000009e-01 4.018999999999999795e-01
1.263932700000000020e-01 4.302000000000000268e-01
7.470084000000000446e-02 4.153999999999999915e-01
2.624246299999999921e-01 4.477999999999999758e-01
1.190607999999999944e-01 4.481999999999999873e-01
1.045715599999999940e-01 4.253000000000000114e-01
9.579458999999999891e-02 4.550000000000000155e-01
9.925725999999999993e-02 4.027999999999999914e-01
1.246879000000000043e-01 4.300999999999999823e-01
1.693978700000000059e-01 3.980000000000000204e-01
9.743266999999999900e-02 3.871999999999999886e-01
6.879709000000000518e-02 3.750999999999999890e-01
1.854652599999999929e-01 4.325999999999999845e-01
1.146572800000000003e-01 4.356999999999999762e-01
1.851369099999999879e-01 4.299999999999999933e-01
1.227549899999999944e-01 3.892999999999999794e-01
1.586812200000000117e-01 4.138000000000000012e-01
1.323360000000000092e-01 4.099999999999999756e-01
1.260148299999999943e-01 4.247000000000000219e-01
2.032627300000000026e-01 4.220999999999999752e-01
1.373129100000000102e-01 4.707999999999999963e-01
1.721481400000000050e-01 3.842999999999999750e-01
2.047023799999999893e-01 3.852999999999999758e-01
1.422072400000000125e-01 3.970000000000000195e-01
1.351173200000000130e-01 4.060000000000000275e-01
2.248817899999999981e-01 4.445999999999999952e-01
1.202899699999999961e-01 4.131000000000000227e-01
9.874083999999999639e-02 4.079999999999999738e-01
1.895320600000000022e-01 4.541999999999999926e-01
1.832127899999999865e-01 3.891000000000000014e-01
9.856162999999999730e-02 3.881999999999999895e-01
2.513622300000000198e-01 4.565000000000000169e-01
9.204711000000000143e-02 4.051000000000000156e-01
1.191733700000000007e-01 3.770999999999999908e-01
1.371368400000000098e-01 4.106000000000000205e-01
1.696691399999999961e-01 4.072999999999999954e-01
1.676195400000000113e-01 4.158999999999999919e-01
1.312502799999999969e-01 3.936999999999999944e-01
8.290873999999999466e-02 3.976000000000000090e-01
8.465477000000000418e-02 4.086000000000000187e-01
1.364182700000000081e-01 4.117000000000000104e-01
9.840825000000000267e-02 4.036000000000000143e-01
1.703674900000000103e-01 3.950000000000000178e-01
1.106890199999999991e-01 4.060000000000000275e-01
1.338329900000000128e-01 3.998999999999999777e-01
1.500796299999999917e-01 3.991999999999999993e-01
1.614597799999999972e-01 4.041000000000000147e-01
1.149136500000000061e-01 4.203000000000000069e-01
1.496049100000000076e-01 4.027999999999999914e-01
1.187200000000000061e-01 4.057999999999999940e-01
1.344355100000000081e-01 4.233999999999999986e-01
1.049057399999999973e-01 4.469000000000000195e-01
1.951231999999999966e-01 4.113999999999999879e-01
1.143826000000000009e-01 4.329999999999999960e-01
1.067286900000000011e-01 4.425999999999999934e-01
1.056629000000000040e-01 4.237000000000000210e-01
2.025078299999999998e-01 4.426999999999999824e-01
2.085455300000000067e-01 4.547999999999999821e-01
1.678800900000000096e-01 4.197000000000000175e-01
1.043047599999999964e-01 4.174999999999999822e-01
7.699810999999999461e-02 4.053999999999999826e-01
1.637076699999999996e-01 4.104999999999999760e-01
1.504402400000000029e-01 4.408000000000000251e-01
1.335643199999999864e-01 3.906000000000000028e-01
1.591081400000000090e-01 4.252000000000000224e-01
1.461964799999999898e-01 4.183000000000000052e-01
1.802810400000000035e-01 4.268000000000000127e-01
9.254885000000000195e-02 4.199999999999999845e-01
1.269469300000000134e-01 4.289999999999999925e-01
1.231230499999999978e-01 3.870999999999999996e-01
1.022225199999999973e-01 4.269000000000000017e-01
2.744616899999999804e-01 4.763999999999999901e-01
1.435901900000000064e-01 4.047000000000000042e-01
1.357315799999999906e-01 3.770000000000000018e-01
8.637704999999999689e-02 3.785999999999999921e-01
1.092581900000000050e-01 3.743000000000000216e-01
1.281387900000000024e-01 4.204999999999999849e-01
1.275254799999999966e-01 4.373000000000000220e-01
1.763500100000000015e-01 4.076000000000000179e-01
8.638461999999999530e-02 4.006000000000000116e-01
1.267644599999999955e-01 4.370999999999999885e-01
1.783863699999999886e-01 4.186000000000000276e-01
1.061352400000000057e-01 4.371999999999999775e-01
1.286642199999999958e-01 4.194999999999999840e-01
2.354895999999999934e-01 4.506000000000000005e-01
1.285319199999999940e-01 3.948999999999999733e-01
1.396326200000000128e-01 4.018999999999999795e-01
1.317521600000000070e-01 4.395999999999999908e-01
1.660320200000000024e-01 4.255999999999999783e-01
7.510732000000000519e-02 4.041000000000000147e-01
9.106227999999999545e-02 3.799000000000000155e-01
1.312385600000000041e-01 4.339999999999999969e-01
2.455520900000000006e-01 4.420999999999999930e-01
1.426605400000000023e-01 4.122000000000000108e-01
1.090903700000000059e-01 4.042999999999999927e-01
1.472084899999999974e-01 4.127000000000000113e-01
1.349773900000000026e-01 3.719000000000000083e-01
1.077516500000000044e-01 3.970000000000000195e-01
1.412995400000000012e-01 3.842999999999999750e-01
1.180309300000000061e-01 4.223999999999999977e-01
1.161192100000000005e-01 4.340999999999999859e-01
1.170454499999999953e-01 3.943999999999999728e-01
1.535637499999999989e-01 3.907999999999999807e-01
2.564452500000000135e-01 4.833999999999999964e-01
9.504724000000000506e-02 3.966000000000000081e-01
1.343514399999999887e-01 4.341999999999999749e-01
1.163907400000000064e-01 3.988999999999999768e-01
7.869391000000000580e-02 3.916999999999999926e-01
8.891221000000000541e-02 3.860999999999999988e-01
1.265427699999999989e-01 3.967999999999999861e-01
1.725806699999999916e-01 4.526999999999999913e-01
8.804697999999999691e-02 3.841999999999999860e-01
9.898447999999999969e-02 3.694000000000000061e-01
1.275138199999999999e-01 3.862999999999999767e-01
1.116170199999999973e-01 3.857999999999999763e-01
4.483112399999999997e-01 5.275999999999999579e-01
1.229760599999999982e-01 3.945000000000000173e-01
8.947157000000000027e-02 4.218000000000000083e-01
1.141155999999999976e-01 4.041000000000000147e-01
1.870516799999999979e-01 4.510000000000000120e-01
1.364610500000000004e-01 4.038999999999999813e-01
1.933927099999999955e-01 4.517999999999999794e-01
1.220905099999999993e-01 4.047000000000000042e-01
1.120251200000000058e-01 3.929000000000000270e-01
1.477242599999999961e-01 3.966999999999999971e-01
1.168797899999999973e-01 4.314000000000000057e-01
1.291660000000000030e-01 4.184999999999999831e-01
1.109036699999999959e-01 3.982999999999999874e-01
1.521720900000000098e-01 4.313000000000000167e-01
1.230411200000000038e-01 4.027999999999999914e-01
1.330426100000000056e-01 4.314999999999999947e-01
1.025463699999999978e-01 4.252000000000000224e-01
1.292735399999999923e-01 3.905000000000000138e-01
9.053719000000000350e-02 4.071000000000000174e-01
1.705138499999999946e-01 4.218999999999999972e-01
1.119159799999999982e-01 4.109999999999999765e-01
1.202594599999999986e-01 4.442999999999999727e-01
1.450247000000000064e-01 4.063999999999999835e-01
1.558745800000000126e-01 4.193999999999999950e-01
1.930077299999999885e-01 4.303000000000000158e-01
1.006792499999999979e-01 4.255999999999999783e-01
1.540200200000000075e-01 4.626000000000000112e-01
1.257788699999999871e-01 4.047999999999999932e-01
8.601926000000000017e-02 3.987999999999999878e-01
1.474365199999999876e-01 4.190999999999999726e-01
9.937733999999999457e-02 3.855999999999999983e-01
1.270873299999999984e-01 4.250999999999999779e-01
1.383850600000000042e-01 4.274999999999999911e-01
1.040507600000000060e-01 4.152000000000000135e-01
2.278922600000000132e-01 4.384000000000000119e-01
9.934993999999999770e-02 3.996999999999999997e-01
8.296844000000000441e-02 3.856999999999999873e-01
1.197594599999999981e-01 4.482999999999999763e-01
1.087529700000000044e-01 4.164999999999999813e-01
1.395860100000000104e-01 4.062000000000000055e-01
1.516020299999999987e-01 4.593999999999999750e-01
7.838132000000000432e-02 3.986000000000000099e-01
7.438575999999999522e-02 4.126000000000000223e-01
1.043002999999999986e-01 4.245999999999999774e-01
1.586570599999999887e-01 3.930000000000000160e-01
1.188698900000000058e-01 4.136000000000000232e-01
1.151670999999999945e-01 4.460000000000000075e-01
8.933865000000000556e-02 4.294999999999999929e-01
2.233364999999999934e-01 4.531000000000000028e-01
1.060448999999999975e-01 3.997999999999999887e-01
9.382293999999999357e-02 4.093999999999999861e-01
1.377983000000000124e-01 4.018999999999999795e-01
2.081107799999999952e-01 4.258000000000000118e-01
2.267371800000000104e-01 4.153999999999999915e-01
1.261164899999999978e-01 3.906999999999999917e-01
1.647085899999999881e-01 4.157000000000000139e-01
1.401064200000000093e-01 3.846999999999999864e-01
2.217598799999999926e-01 5.374999999999999778e-01
1.014033500000000032e-01 4.003999999999999782e-01
1.160868300000000020e-01 4.082000000000000073e-01
9.451487999999999556e-02 4.122000000000000108e-01
1.479579599999999995e-01 4.138000000000000012e-01
1.806921999999999973e-01 4.099999999999999756e-01
1.101468899999999973e-01 4.129999999999999782e-01
1.476614699999999891e-01 4.128000000000000003e-01
1.311913100000000054e-01 4.551000000000000045e-01
1.261634000000000089e-01 4.515000000000000124e-01
9.428359000000000045e-02 4.077000000000000068e-01
1.634041200000000138e-01 5.059000000000000163e-01
1.234827399999999936e-01 4.035000000000000253e-01
1.558661500000000089e-01 4.242000000000000215e-01
1.323571600000000015e-01 3.812999999999999723e-01
1.321516299999999922e-01 4.312000000000000277e-01
1.714741100000000129e-01 4.218999999999999972e-01
9.552710000000000368e-02 4.082999999999999963e-01
1.041241900000000054e-01 4.113999999999999879e-01
2.139950700000000094e-01 4.343000000000000194e-01
1.092406499999999947e-01 3.835000000000000075e-01
1.471454500000000110e-01 4.012000000000000011e-01
1.180658099999999933e-01 3.983999999999999764e-01
1.136236000000000052e-01 4.042000000000000037e-01
1.062065100000000040e-01 3.425000000000000266e-01
1.430552700000000121e-01 4.032000000000000028e-01
1.144245299999999965e-01 3.612000000000000210e-01
1.827127900000000138e-01 4.470999999999999974e-01
8.371773000000000409e-02 3.942999999999999838e-01
1.387702600000000064e-01 4.107000000000000095e-01
1.420390300000000106e-01 3.987999999999999878e-01
1.014286699999999986e-01 4.022999999999999909e-01
1.019801300000000022e-01 3.771999999999999797e-01
9.240951000000000026e-02 3.824000000000000177e-01
2.242286699999999910e-01 4.694999999999999729e-01
1.104127399999999953e-01 3.778000000000000247e-01
1.247797499999999948e-01 4.193999999999999950e-01
1.029092499999999938e-01 4.273000000000000131e-01
8.836497999999999575e-02 4.470000000000000084e-01
8.229037999999999631e-02 4.037000000000000033e-01
1.130342399999999942e-01 3.867999999999999772e-01
1.192533499999999941e-01 4.104999999999999760e-01
7.683070000000000177e-02 3.952999999999999847e-01
1.056551099999999965e-01 3.801999999999999824e-01
1.151620800000000000e-01 4.363000000000000211e-01
2.659497599999999795e-01 4.787000000000000144e-01
1.000800800000000018e-01 4.047999999999999932e-01
1.165981600000000062e-01 4.190999999999999726e-01
8.223476999999999870e-02 4.015000000000000235e-01
1.229373500000000008e-01 4.178999999999999937e-01
1.048994899999999980e-01 3.924000000000000266e-01
1.528683700000000034e-01 3.856999999999999873e-01
1.853036600000000089e-01 4.361999999999999766e-01
1.528382199999999969e-01 4.166000000000000258e-01
1.241384100000000046e-01 4.431999999999999829e-01
8.605203999999999631e-02 4.104999999999999760e-01
8.399310000000000109e-02 4.007999999999999896e-01
7.764640000000000430e-02 3.993999999999999773e-01
1.061489699999999953e-01 3.775000000000000022e-01
1.354618999999999962e-01 4.023999999999999799e-01
1.308020599999999978e-01 4.178999999999999937e-01
1.553757699999999964e-01 4.258000000000000118e-01
1.488442899999999902e-01 4.724999999999999756e-01
1.592461199999999910e-01 4.248999999999999999e-01
8.221493000000000551e-02 4.162000000000000144e-01
1.018439299999999992e-01 4.249999999999999889e-01
7.543315999999999910e-02 3.960000000000000187e-01
1.010614799999999952e-01 4.299999999999999933e-01
8.458760999999999364e-02 4.358000000000000207e-01
1.473207900000000070e-01 4.082999999999999963e-01
9.202473999999999377e-02 4.195999999999999730e-01
1.125147999999999981e-01 4.358000000000000207e-01
1.298184300000000124e-01 4.186000000000000276e-01
1.673857099999999931e-01 4.057000000000000051e-01
1.368938299999999941e-01 4.329999999999999960e-01
8.888144000000000600e-02 3.783000000000000251e-01
1.133375300000000058e-01 4.228999999999999981e-01
2.001205799999999924e-01 4.245999999999999774e-01
1.019766700000000054e-01 3.906999999999999917e-01
9.818029999999999813e-02 4.369000000000000106e-01
1.293521900000000058e-01 4.148000000000000020e-01
1.682393799999999939e-01 4.380000000000000004e-01
1.002221999999999974e-01 3.557000000000000162e-01
1.111660000000000009e-01 4.208999999999999964e-01
1.311202099999999870e-01 4.181000000000000272e-01
1.137109800000000032e-01 4.047000000000000042e-01
1.198420999999999931e-01 4.238000000000000100e-01
1.160200100000000067e-01 4.056000000000000161e-01
8.505566000000000515e-02 3.991000000000000103e-01
1.305942099999999884e-01 4.072999999999999954e-01
1.856258199999999969e-01 4.566000000000000059e-01
1.997998699999999905e-01 4.530000000000000138e-01
1.018076299999999962e-01 3.956000000000000072e-01
1.666526899999999922e-01 3.956000000000000072e-01
9.295950999999999520e-02 3.775000000000000022e-01
1.233563099999999968e-01 3.710999999999999854e-01
1.875286499999999912e-01 4.294000000000000039e-01
1.006162000000000029e-01 3.793000000000000260e-01
1.322692699999999943e-01 4.295999999999999819e-01
8.099591999999999903e-02 4.217000000000000193e-01
9.965888999999999998e-02 3.872999999999999776e-01
1.580470300000000050e-01 4.410999999999999921e-01
1.812542500000000056e-01 4.063999999999999835e-01
1.099880800000000020e-01 4.148999999999999910e-01
1.579216999999999982e-01 4.319999999999999951e-01
1.214013500000000051e-01 3.991000000000000103e-01
1.044054299999999935e-01 3.759000000000000119e-01
1.134479399999999971e-01 4.042999999999999927e-01
1.213973700000000044e-01 3.911000000000000032e-01
1.307958800000000033e-01 4.506000000000000005e-01
2.232318299999999922e-01 4.434000000000000163e-01
2.251263099999999961e-01 4.593999999999999750e-01
8.387722000000000233e-02 4.128000000000000003e-01
1.984208699999999992e-01 4.102000000000000091e-01
1.045512900000000051e-01 4.041000000000000147e-01
1.612291799999999997e-01 3.891000000000000014e-01
2.354824699999999993e-01 4.763000000000000012e-01
1.369011800000000112e-01 4.274000000000000021e-01
1.505495699999999937e-01 4.218000000000000083e-01
1.149971899999999991e-01 3.921000000000000041e-01
1.738508699999999907e-01 4.025000000000000244e-01
1.346360900000000138e-01 4.066000000000000170e-01
2.498453499999999938e-01 4.334999999999999964e-01
1.566980400000000107e-01 3.980000000000000204e-01
1.389564100000000024e-01 4.219999999999999862e-01
8.849223999999999979e-02 4.456999999999999851e-01
1.199620500000000006e-01 4.289000000000000035e-01
1.637890300000000021e-01 4.091000000000000192e-01
1.331876600000000133e-01 3.912999999999999812e-01
2.295677799999999991e-01 4.782000000000000139e-01
1.432984599999999886e-01 3.790999999999999925e-01
8.307552999999999466e-02 4.163999999999999924e-01
1.626242999999999994e-01 4.269999999999999907e-01
1.988700200000000085e-01 4.452999999999999736e-01
1.419388600000000000e-01 4.043999999999999817e-01
9.683767000000000069e-02 4.091000000000000192e-01
1.364059300000000086e-01 3.871999999999999886e-01
1.496759500000000020e-01 4.250999999999999779e-01
1.404522800000000127e-01 4.341999999999999749e-01
1.233441599999999944e-01 4.037999999999999923e-01
8.995155000000000511e-02 3.553999999999999937e-01
8.976059999999999595e-02 3.938999999999999724e-01
1.814992900000000076e-01 4.721000000000000196e-01
1.293135699999999888e-01 3.996000000000000107e-01
1.437849599999999894e-01 3.931999999999999940e-01
1.227011400000000002e-01 4.459000000000000186e-01
1.361985800000000135e-01 4.131000000000000227e-01
1.548984599999999878e-01 3.958999999999999742e-01
9.552521999999999402e-02 3.940000000000000169e-01
2.651277699999999848e-01 4.430999999999999939e-01
1.524418100000000109e-01 4.479000000000000203e-01
1.895712200000000125e-01 4.279000000000000026e-01
1.130891400000000047e-01 4.186000000000000276e-01
1.305362599999999873e-01 3.961000000000000076e-01
1.537894300000000047e-01 4.200999999999999734e-01
2.174605099999999958e-01 4.446999999999999842e-01
1.438483100000000070e-01 3.725999999999999868e-01
1.502043000000000128e-01 4.087000000000000077e-01
1.168244199999999983e-01 4.264000000000000012e-01
1.536510199999999993e-01 4.541000000000000036e-01
1.098921800000000060e-01 4.557999999999999829e-01
1.978086099999999958e-01 4.312000000000000277e-01
2.006073600000000123e-01 4.554000000000000270e-01
1.919904600000000017e-01 4.576999999999999957e-01
1.016012200000000060e-01 3.937999999999999834e-01
1.384143300000000021e-01 3.674999999999999933e-01
1.492104700000000117e-01 4.426999999999999824e-01
1.444893399999999939e-01 4.122999999999999998e-01
1.948736199999999974e-01 4.341999999999999749e-01
1.602845800000000098e-01 3.902999999999999803e-01
1.669543300000000119e-01 4.420999999999999930e-01
1.666852199999999951e-01 4.061000000000000165e-01
1.132483999999999991e-01 3.972999999999999865e-01
2.229932199999999920e-01 4.445999999999999952e-01
1.012784399999999974e-01 3.906999999999999917e-01
8.404106999999999550e-02 4.006000000000000116e-01
8.844409000000000298e-02 4.042000000000000037e-01
1.298384800000000061e-01 4.107000000000000095e-01
1.918561300000000136e-01 4.117000000000000104e-01
1.541221500000000133e-01 4.447999999999999732e-01
9.200358000000000147e-02 4.184999999999999831e-01
1.367551700000000092e-01 3.911000000000000032e-01
1.228541900000000020e-01 4.052000000000000046e-01
9.514018000000000475e-02 3.760999999999999899e-01
1.882251699999999972e-01 4.551000000000000045e-01
2.717585000000000139e-01 4.445000000000000062e-01
8.831651999999999558e-02 4.087999999999999967e-01
9.281390999999999947e-02 3.819000000000000172e-01
1.054634799999999983e-01 4.057999999999999940e-01
2.003733299999999884e-01 4.284000000000000030e-01
1.474578199999999895e-01 4.055000000000000271e-01
8.714017000000000290e-02 4.008999999999999786e-01
1.516925699999999988e-01 4.284000000000000030e-01
9.461986000000000008e-02 4.002000000000000002e-01
1.219422099999999953e-01 4.018999999999999795e-01
9.321013000000000215e-02 4.102999999999999980e-01
1.140273299999999962e-01 4.423000000000000265e-01
1.132086600000000026e-01 4.391999999999999793e-01
1.442102700000000015e-01 4.385999999999999899e-01
1.192464500000000038e-01 4.117000000000000104e-01
1.515456900000000107e-01 4.107999999999999985e-01
1.551231399999999927e-01 3.982999999999999874e-01
9.841352000000000433e-02 4.469000000000000195e-01
1.459174400000000094e-01 3.946000000000000063e-01
1.281554299999999869e-01 4.551999999999999935e-01
9.264514000000000082e-02 3.977999999999999869e-01
1.247473000000000054e-01 4.302000000000000268e-01
2.366141700000000125e-01 4.401999999999999802e-01
9.486724000000000545e-02 3.817999999999999727e-01
1.455544400000000071e-01 4.022999999999999909e-01
9.132221000000000088e-02 4.318000000000000171e-01
1.126628800000000069e-01 4.042000000000000037e-01
1.512051699999999999e-01 4.504000000000000226e-01
1.065426000000000012e-01 3.906999999999999917e-01
1.753951400000000049e-01 4.369999999999999996e-01
1.141173899999999991e-01 3.907999999999999807e-01
1.454442900000000038e-01 4.282000000000000250e-01
1.600904599999999900e-01 4.143000000000000016e-01
1.378806700000000107e-01 4.066000000000000170e-01
1.290055200000000124e-01 4.168999999999999928e-01
1.461434699999999975e-01 4.133999999999999897e-01
1.991385800000000095e-01 4.642000000000000015e-01
1.145180999999999977e-01 4.914000000000000035e-01
1.050854900000000036e-01 4.204999999999999849e-01
2.182875900000000036e-01 4.116000000000000214e-01
1.338899699999999970e-01 4.235999999999999766e-01
1.151750599999999958e-01 4.319000000000000061e-01
1.819777099999999870e-01 4.265999999999999792e-01
1.106964399999999932e-01 4.729999999999999760e-01
1.376266100000000103e-01 4.369999999999999996e-01
1.304965200000000047e-01 4.213999999999999968e-01
9.381470000000000087e-02 3.734999999999999987e-01
1.311865200000000009e-01 4.088999999999999857e-01
9.254376999999999742e-02 4.138999999999999901e-01
1.134331900000000032e-01 3.756999999999999784e-01
1.706248399999999998e-01 4.268000000000000127e-01
1.770889300000000055e-01 4.356999999999999762e-01
1.243586299999999978e-01 3.986999999999999988e-01
1.083126699999999998e-01 3.926000000000000045e-01
7.911192999999999698e-02 4.607999999999999874e-01
9.506805999999999590e-02 4.017999999999999905e-01
1.095665200000000006e-01 4.183000000000000052e-01
1.072914900000000032e-01 4.722000000000000086e-01
1.958614800000000045e-01 4.442999999999999727e-01
1.246910100000000049e-01 3.804000000000000159e-01
1.163511400000000057e-01 4.138999999999999901e-01
1.181595000000000006e-01 4.050000000000000266e-01
1.378264999999999907e-01 3.855000000000000093e-01
2.428545699999999918e-01 4.561000000000000054e-01
9.572335999999999345e-02 3.785000000000000031e-01
8.670078999999999980e-02 4.148999999999999910e-01
1.275045700000000115e-01 4.146000000000000241e-01
9.698086000000000206e-02 3.956000000000000072e-01
1.145824399999999937e-01 4.087000000000000077e-01
1.294706700000000099e-01 4.433000000000000274e-01
1.730979500000000004e-01 4.719999999999999751e-01
1.790430100000000024e-01 4.063999999999999835e-01
1.636220200000000069e-01 3.986000000000000099e-01
8.994396999999999809e-02 4.017999999999999905e-01
3.579921200000000248e-01 4.842000000000000193e-01
1.084678399999999959e-01 4.113999999999999879e-01
1.337627200000000016e-01 4.460999999999999965e-01
7.960899000000000447e-02 4.107999999999999985e-01
1.282592999999999928e-01 3.724999999999999978e-01
1.242790899999999948e-01 3.956999999999999962e-01
1.306108300000000111e-01 4.166000000000000258e-01
1.098571799999999987e-01 3.899000000000000243e-01
1.728719900000000032e-01 4.353000000000000203e-01
1.344174599999999886e-01 4.541000000000000036e-01
1.418738599999999905e-01 4.050000000000000266e-01
1.695743899999999915e-01 4.183999999999999941e-01
2.067877200000000082e-01 4.062000000000000055e-01
1.439752699999999885e-01 4.292000000000000259e-01
8.900771000000000377e-02 3.890000000000000124e-01
1.108024600000000054e-01 3.746999999999999775e-01
1.145409099999999958e-01 4.007999999999999896e-01
7.613512000000000057e-02 4.097999999999999976e-01
7.066838999999999760e-02 3.630999999999999783e-01
1.769613499999999895e-01 4.339000000000000079e-01
1.172252099999999964e-01 4.134999999999999787e-01
7.522188999999999959e-02 4.273000000000000131e-01
1.441992800000000130e-01 3.966999999999999971e-01
9.619714000000000043e-02 4.050000000000000266e-01
1.595664800000000105e-01 4.415999999999999925e-01
2.103335600000000027e-01 4.232000000000000206e-01
1.045487100000000030e-01 3.723000000000000198e-01
1.341315200000000041e-01 3.696999999999999731e-01
1.187217899999999937e-01 4.183999999999999941e-01
1.329519799999999974e-01 4.055000000000000271e-01
9.415909999999999558e-02 3.704000000000000070e-01
9.510264999999999691e-02 4.267000000000000237e-01
1.041465200000000063e-01 4.031000000000000139e-01
2.133648300000000053e-01 4.398000000000000242e-01
1.387649400000000033e-01 4.924999999999999933e-01
1.038725499999999941e-01 3.870000000000000107e-01
1.066529400000000016e-01 4.203999999999999959e-01
1.892455500000000124e-01 4.277000000000000246e-01
1.563353399999999893e-01 4.186000000000000276e-01
2.254264099999999937e-01 4.040000000000000258e-01
1.663296499999999956e-01 4.442999999999999727e-01
1.236450300000000030e-01 4.057000000000000051e-01
1.971856399999999954e-01 4.128999999999999893e-01
1.229565600000000064e-01 3.885000000000000120e-01
8.434395000000000087e-02 4.358000000000000207e-01
2.956552900000000150e-01 5.060000000000000053e-01
1.617521700000000007e-01 3.978999999999999759e-01
1.132143800000000033e-01 4.033999999999999808e-01
1.213036400000000042e-01 4.208999999999999964e-01
1.217861699999999991e-01 4.990999999999999881e-01
8.042987999999999527e-02 4.011000000000000121e-01
1.055845799999999973e-01 3.879000000000000226e-01
1.324498899999999868e-01 4.162000000000000144e-01
1.367671199999999920e-01 4.117999999999999994e-01
1.266007600000000066e-01 4.084999999999999742e-01
7.207497000000000209e-02 3.821999999999999842e-01
1.327591100000000135e-01 3.672000000000000264e-01
9.772385000000000099e-02 4.497999999999999776e-01
1.364638200000000134e-01 4.103999999999999870e-01
1.205055500000000029e-01 3.832999999999999741e-01
1.408555700000000133e-01 4.359000000000000097e-01
1.569878100000000054e-01 4.202000000000000179e-01
1.823342400000000085e-01 4.304999999999999938e-01
1.503775800000000107e-01 4.491999999999999882e-01
1.285851000000000077e-01 3.800999999999999934e-01
1.489381999999999928e-01 4.073999999999999844e-01
1.205116900000000046e-01 3.966000000000000081e-01
1.223273799999999994e-01 4.012000000000000011e-01
1.424442399999999997e-01 4.386999999999999789e-01
9.380375999999999992e-02 3.876999999999999891e-01
1.076104799999999945e-01 4.319999999999999951e-01
1.574353699999999912e-01 3.800999999999999934e-01
2.229601800000000078e-01 4.979999999999999982e-01
1.006556599999999940e-01 4.361999999999999766e-01
1.649679599999999968e-01 4.021000000000000130e-01
1.440166099999999894e-01 4.204999999999999849e-01
1.017271899999999951e-01 3.857999999999999763e-01
1.422448000000000046e-01 4.127000000000000113e-01
2.101978899999999983e-01 4.469000000000000195e-01
1.881417200000000123e-01 4.401999999999999802e-01
2.069590699999999950e-01 3.896000000000000019e-01
1.086726600000000043e-01 4.506000000000000005e-01
1.234769200000000039e-01 4.131000000000000227e-01
1.111527300000000051e-01 3.987999999999999878e-01
2.008767100000000139e-01 4.395000000000000018e-01
1.917576500000000017e-01 4.776000000000000245e-01
1.140687999999999980e-01 3.788000000000000256e-01
1.058755299999999955e-01 4.063999999999999835e-01
1.675341399999999981e-01 3.983999999999999764e-01
7.809871000000000174e-02 3.789000000000000146e-01
1.025462399999999968e-01 4.162000000000000144e-01
1.310942400000000008e-01 4.087000000000000077e-01
8.857914000000000065e-02 4.097000000000000086e-01
1.297733399999999870e-01 4.002999999999999892e-01
8.963849000000000122e-02 4.176000000000000267e-01
1.266993100000000094e-01 4.072999999999999954e-01
9.722097999999999851e-02 3.733000000000000207e-01
1.026919500000000041e-01 4.264999999999999902e-01
1.347325299999999892e-01 4.164999999999999813e-01
1.434815000000000118e-01 4.161000000000000254e-01
9.339158999999999655e-02 3.892999999999999794e-01
1.153693400000000008e-01 3.996000000000000107e-01
1.552392700000000125e-01 3.835000000000000075e-01
9.723787000000000402e-02 3.916999999999999926e-01
9.256396000000000068e-02 3.884000000000000230e-01
1.307005199999999867e-01 4.360999999999999877e-01
1.129513800000000040e-01 4.084999999999999742e-01
9.720186999999999578e-02 3.978999999999999759e-01
9.977629000000000359e-02 4.429000000000000159e-01
9.758622999999999603e-02 3.953999999999999737e-01
1.086885499999999949e-01 3.870000000000000107e-01
9.886435000000000362e-02 4.063999999999999835e-01
9.532841000000000231e-02 3.598000000000000087e-01
1.781946600000000047e-01 3.881000000000000005e-01
2.022887499999999894e-01 4.324000000000000066e-01
1.076834099999999933e-01 4.168999999999999928e-01
1.034281999999999979e-01 3.972999999999999865e-01
1.157168900000000028e-01 3.961999999999999966e-01
1.363064400000000009e-01 4.006000000000000116e-01
1.552889199999999970e-01 4.050000000000000266e-01
1.058848099999999959e-01 4.166000000000000258e-01
1.635866400000000054e-01 4.173000000000000043e-01
7.885952000000000239e-02 3.992999999999999883e-01
9.729337000000000402e-02 3.770999999999999908e-01
1.786386100000000032e-01 4.270999999999999797e-01
1.022410900000000067e-01 3.822999999999999732e-01
1.321727900000000122e-01 4.194999999999999840e-01
8.946265000000000467e-02 4.157000000000000139e-01
1.638269800000000109e-01 4.662999999999999923e-01
7.783151000000000652e-02 3.987999999999999878e-01
1.698705899999999880e-01 4.233000000000000096e-01
2.245200900000000055e-01 4.648999999999999799e-01
1.438251999999999864e-01 4.013999999999999790e-01
1.250847499999999946e-01 4.016000000000000125e-01
1.137801900000000033e-01 4.027999999999999914e-01
1.155222199999999949e-01 4.305999999999999828e-01
9.945866000000000429e-02 3.941999999999999948e-01
1.169482000000000022e-01 3.955000000000000182e-01
1.219026700000000046e-01 4.012999999999999901e-01
9.250827000000000355e-02 4.062999999999999945e-01
1.210528700000000069e-01 4.126000000000000223e-01
1.039148000000000016e-01 3.995000000000000218e-01
1.825524299999999878e-01 4.258000000000000118e-01
1.479035800000000067e-01 3.931000000000000050e-01
2.200861699999999976e-01 4.178999999999999937e-01
1.138528899999999983e-01 4.223999999999999977e-01
1.423579100000000042e-01 4.077000000000000068e-01
1.087384400000000056e-01 4.273000000000000131e-01
1.774678799999999945e-01 4.002000000000000002e-01
1.083634400000000053e-01 4.435000000000000053e-01
4.267110499999999806e-01 4.798999999999999932e-01
1.239198600000000067e-01 4.193000000000000060e-01
1.296706599999999932e-01 3.874000000000000221e-01
1.493990000000000040e-01 4.069999999999999729e-01
1.136641099999999988e-01 3.875000000000000111e-01
1.133282199999999934e-01 4.092999999999999972e-01
1.249694999999999973e-01 4.394000000000000128e-01
7.760142999999999902e-02 4.016000000000000125e-01
1.355843399999999976e-01 3.850000000000000089e-01
1.062456400000000023e-01 3.981999999999999984e-01
1.267446000000000128e-01 4.099999999999999756e-01
1.400468400000000058e-01 4.186000000000000276e-01
8.825420999999999960e-02 3.971000000000000085e-01
1.227407699999999990e-01 4.437999999999999723e-01
1.017259199999999975e-01 4.198000000000000065e-01
1.037824700000000017e-01 3.786999999999999811e-01
1.133090499999999945e-01 3.962999999999999856e-01
8.493881999999999821e-02 3.734999999999999987e-01
1.527725100000000003e-01 4.265999999999999792e-01
1.610302600000000084e-01 4.439000000000000168e-01
1.367580300000000026e-01 4.077000000000000068e-01
8.188318999999999459e-02 4.137000000000000122e-01
2.225490199999999863e-01 4.295999999999999819e-01
1.037653999999999938e-01 4.123999999999999888e-01
1.043874300000000033e-01 4.037000000000000033e-01
8.452184000000000086e-02 3.963999999999999746e-01
1.141154399999999985e-01 4.077999999999999958e-01
1.521366399999999897e-01 4.229999999999999871e-01
8.855266999999999999e-02 3.894000000000000239e-01
1.682570100000000124e-01 4.275999999999999801e-01
1.614722500000000116e-01 4.331999999999999740e-01
1.195820799999999934e-01 3.981999999999999984e-01
9.899608999999999492e-02 4.248000000000000109e-01
1.711070799999999947e-01 4.167000000000000148e-01
1.101825399999999955e-01 4.733999999999999875e-01
1.121645799999999998e-01 3.850999999999999979e-01
1.508859999999999923e-01 4.057999999999999940e-01
2.050963100000000039e-01 4.395000000000000018e-01
1.612916399999999861e-01 4.181000000000000272e-01
9.019056999999999769e-02 3.947999999999999843e-01
1.711436199999999963e-01 4.480999999999999983e-01
9.978955999999999937e-02 3.805999999999999939e-01
8.569451000000000152e-02 3.886000000000000010e-01
1.143397699999999934e-01 3.794000000000000150e-01
1.253195300000000123e-01 4.169999999999999818e-01
1.433903099999999931e-01 3.926999999999999935e-01
1.047448299999999971e-01 3.746999999999999775e-01
9.730489000000000499e-02 4.101000000000000201e-01
1.434263000000000066e-01 4.657999999999999918e-01
1.345020100000000052e-01 4.309000000000000052e-01
1.255716299999999896e-01 3.978999999999999759e-01
1.195362400000000019e-01 4.333000000000000185e-01
1.294121199999999916e-01 4.108999999999999875e-01
3.542781500000000139e-01 4.618999999999999773e-01
1.134489699999999962e-01 3.980000000000000204e-01
1.060903299999999966e-01 4.210999999999999743e-01
2.028814100000000120e-01 4.117999999999999994e-01
1.394946400000000031e-01 3.874000000000000221e-01
9.792720000000000591e-02 4.333000000000000185e-01
1.107100800000000024e-01 3.991000000000000103e-01
1.753867699999999974e-01 4.333000000000000185e-01
1.395348200000000038e-01 4.552999999999999825e-01
1.153054899999999966e-01 4.163000000000000034e-01
8.091874999999999762e-02 3.906000000000000028e-01
9.886936000000000335e-02 3.839000000000000190e-01
1.280594499999999913e-01 4.212000000000000188e-01
1.048230299999999976e-01 4.036000000000000143e-01
1.143448900000000046e-01 4.257000000000000228e-01
1.319657899999999995e-01 3.815999999999999948e-01
7.487298000000000564e-02 4.203999999999999959e-01
1.495863199999999948e-01 3.826999999999999846e-01
1.324091199999999913e-01 4.228999999999999981e-01
1.137123800000000018e-01 4.153000000000000025e-01
1.100874399999999947e-01 4.183999999999999941e-01
9.154196000000000555e-02 3.791999999999999815e-01
1.329942799999999925e-01 3.980000000000000204e-01
9.968713999999999353e-02 4.133999999999999897e-01
1.096661099999999972e-01 4.612999999999999878e-01
1.100341400000000025e-01 3.915000000000000147e-01
1.621853099999999992e-01 4.010000000000000231e-01
1.437717000000000023e-01 4.310999999999999832e-01
8.398429999999999784e-02 4.057000000000000051e-01
2.621534899999999890e-01 4.692999999999999949e-01
1.050006400000000062e-01 4.129999999999999782e-01
1.171163100000000012e-01 3.896999999999999909e-01
2.169927100000000053e-01 4.409000000000000141e-01
2.051759800000000078e-01 4.354999999999999982e-01
1.042754099999999989e-01 3.827999999999999736e-01
1.075158100000000033e-01 4.208000000000000074e-01
1.265395500000000006e-01 4.354999999999999982e-01
9.731982999999999606e-02 4.002000000000000002e-01
1.407916100000000115e-01 4.204999999999999849e-01
1.972334099999999979e-01 4.304999999999999938e-01
1.395951800000000131e-01 4.149999999999999800e-01
2.019799499999999914e-01 4.767000000000000126e-01
9.938368999999999676e-02 4.582999999999999852e-01
9.768583000000000127e-02 3.929000000000000270e-01
1.537184199999999945e-01 4.843999999999999972e-01
1.929624199999999956e-01 4.210999999999999743e-01
1.142782100000000051e-01 3.736999999999999766e-01
1.742161399999999916e-01 4.166000000000000258e-01
1.219713399999999975e-01 4.652999999999999914e-01
8.921376999999999780e-02 3.890000000000000124e-01
1.402844900000000117e-01 4.050000000000000266e-01
1.827234600000000042e-01 4.163000000000000034e-01
1.016905800000000026e-01 4.128000000000000003e-01
8.843399000000000398e-02 4.030000000000000249e-01
1.482411999999999896e-01 4.344000000000000083e-01
1.784030299999999902e-01 4.474000000000000199e-01
1.815352199999999971e-01 4.087999999999999967e-01
8.060791000000000484e-02 4.151000000000000245e-01
1.903554199999999974e-01 5.251000000000000112e-01
1.342806000000000000e-01 4.114999999999999769e-01
8.488756000000000079e-02 3.690999999999999837e-01
1.175269500000000050e-01 3.981000000000000094e-01
9.931347999999999565e-02 3.824000000000000177e-01
9.689633000000000274e-02 3.867999999999999772e-01
3.428362699999999985e-01 4.737999999999999989e-01
1.649904600000000054e-01 3.836999999999999855e-01
9.554872000000000365e-02 4.172000000000000153e-01
3.037847499999999923e-01 4.751000000000000223e-01
1.718567799999999868e-01 4.267000000000000237e-01
7.704236999999999891e-02 4.173000000000000043e-01
1.156778599999999935e-01 4.289000000000000035e-01
1.623924700000000110e-01 4.492999999999999772e-01
1.233016100000000059e-01 3.975000000000000200e-01
9.908936999999999606e-02 3.682000000000000273e-01
1.921920000000000017e-01 4.314999999999999947e-01
9.322892000000000678e-02 3.890000000000000124e-01
1.151171899999999942e-01 3.993999999999999773e-01
1.493251499999999898e-01 4.213000000000000078e-01
9.824491999999999947e-02 4.092999999999999972e-01
8.821181999999999634e-02 3.988999999999999768e-01
1.860906599999999911e-01 4.190999999999999726e-01
1.070579299999999956e-01 3.982999999999999874e-01
1.419979799999999959e-01 3.799000000000000155e-01
1.218265500000000057e-01 4.262000000000000233e-01
1.162450299999999992e-01 4.056000000000000161e-01
1.571287799999999957e-01 4.162000000000000144e-01
1.436564999999999925e-01 4.087000000000000077e-01
1.023903800000000031e-01 4.119999999999999774e-01
1.197581499999999938e-01 4.097000000000000086e-01
1.293150100000000080e-01 4.501999999999999891e-01
1.460103399999999885e-01 4.338000000000000189e-01
1.666106800000000110e-01 4.087999999999999967e-01
9.367522999999999822e-02 3.993999999999999773e-01
1.197449800000000009e-01 4.321999999999999731e-01
9.209775000000000600e-02 4.108999999999999875e-01
9.159388000000000252e-02 3.774000000000000132e-01
1.172433300000000067e-01 4.335999999999999854e-01
9.090056000000000525e-02 3.860999999999999988e-01
1.161083200000000010e-01 4.032000000000000028e-01
1.048811600000000011e-01 4.328000000000000180e-01
1.430520299999999967e-01 3.887999999999999790e-01
1.732416599999999918e-01 4.280999999999999805e-01
1.104636499999999966e-01 4.042000000000000037e-01
9.974541000000000657e-02 3.716999999999999749e-01
1.064765000000000017e-01 4.052000000000000046e-01
1.143648800000000021e-01 4.000000000000000222e-01
1.462966300000000108e-01 4.147000000000000131e-01
1.506795400000000007e-01 4.309999999999999942e-01
2.191647200000000073e-01 4.610000000000000209e-01
1.381936500000000012e-01 4.329999999999999960e-01
1.897859699999999983e-01 4.440999999999999948e-01
1.304393000000000080e-01 3.876999999999999891e-01
1.222317200000000020e-01 4.285999999999999810e-01
1.065131799999999990e-01 4.114999999999999769e-01
1.242164600000000008e-01 3.940000000000000169e-01
1.251226400000000072e-01 4.063999999999999835e-01
1.300612399999999946e-01 4.091000000000000192e-01
1.951091100000000023e-01 4.189999999999999836e-01
7.902164999999999884e-02 3.992999999999999883e-01
9.229706999999999495e-02 4.492999999999999772e-01
1.116280899999999993e-01 3.902999999999999803e-01
1.319462000000000135e-01 3.966999999999999971e-01
1.063812299999999933e-01 4.088999999999999857e-01
1.543308399999999969e-01 4.136000000000000232e-01
1.643238300000000041e-01 3.716999999999999749e-01
1.283101700000000012e-01 4.194999999999999840e-01
1.217376200000000047e-01 4.182000000000000162e-01
1.233739199999999980e-01 4.040000000000000258e-01
1.311205099999999957e-01 4.300999999999999823e-01
1.480723899999999982e-01 3.982999999999999874e-01
1.158066100000000043e-01 4.036000000000000143e-01
1.309435399999999972e-01 3.799000000000000155e-01
1.192252899999999977e-01 4.045000000000000262e-01
7.965234999999999677e-02 3.996999999999999997e-01
1.478045000000000053e-01 3.976999999999999980e-01
1.360758300000000087e-01 4.441999999999999837e-01
9.097494999999999887e-02 4.203000000000000069e-01
9.940989999999999549e-02 4.091000000000000192e-01
1.299640200000000134e-01 4.114999999999999769e-01
8.620563000000000531e-02 3.719000000000000083e-01
1.826730400000000087e-01 4.223999999999999977e-01
8.464583000000000523e-02 4.119999999999999774e-01
2.054804799999999931e-01 4.727999999999999980e-01
1.620810599999999990e-01 4.088999999999999857e-01
1.339153399999999938e-01 4.685000000000000275e-01
1.188112800000000052e-01 4.260999999999999788e-01
9.604013999999999607e-02 3.667000000000000259e-01
1.431681099999999873e-01 4.225999999999999757e-01
1.695792000000000133e-01 4.280999999999999805e-01
1.164204300000000053e-01 4.031000000000000139e-01
1.090540900000000063e-01 4.668999999999999817e-01
1.302037299999999898e-01 3.967999999999999861e-01
1.512625999999999971e-01 4.873000000000000109e-01
1.005208100000000021e-01 4.132000000000000117e-01
1.267462299999999875e-01 4.107000000000000095e-01
1.724362799999999973e-01 4.248000000000000109e-01
1.224407200000000029e-01 4.244999999999999885e-01
1.266537699999999989e-01 4.119999999999999774e-01
1.284728300000000101e-01 4.204999999999999849e-01
1.330886199999999908e-01 4.199999999999999845e-01
1.237658199999999986e-01 4.098999999999999866e-01
1.065945100000000034e-01 3.945000000000000173e-01
1.356311799999999901e-01 4.218000000000000083e-01
1.499536700000000111e-01 4.292000000000000259e-01
1.573219800000000002e-01 4.460000000000000075e-01
1.052497500000000030e-01 4.208000000000000074e-01
1.196430700000000041e-01 4.227000000000000202e-01
1.759273299999999929e-01 4.298000000000000154e-01
1.857665099999999958e-01 4.188000000000000056e-01
1.307935699999999979e-01 3.704000000000000070e-01
2.547196800000000039e-01 4.626000000000000112e-01
1.237484600000000046e-01 4.385999999999999899e-01
1.327439400000000047e-01 4.002000000000000002e-01
1.652487199999999878e-01 4.310999999999999832e-01
1.860667199999999910e-01 4.968000000000000194e-01
1.236241500000000021e-01 3.825999999999999956e-01
1.904843300000000073e-01 4.240999999999999770e-01
1.297292999999999918e-01 4.386999999999999789e-01
1.677439099999999961e-01 4.253000000000000114e-01
1.530485199999999935e-01 4.073999999999999844e-01
8.505928999999999574e-02 4.006000000000000116e-01
1.339375700000000058e-01 4.173000000000000043e-01
9.198083999999999427e-02 4.027000000000000024e-01
1.017366700000000013e-01 4.027999999999999914e-01
1.539658200000000032e-01 4.384000000000000119e-01
9.219531000000000254e-02 3.553000000000000047e-01
9.307123999999999953e-02 3.877999999999999781e-01
1.383199300000000076e-01 4.278000000000000136e-01
1.577560399999999863e-01 3.871999999999999886e-01
2.704625999999999975e-01 4.184999999999999831e-01
2.030730299999999877e-01 4.620000000000000218e-01
1.031590899999999950e-01 4.217000000000000193e-01
1.394895899999999966e-01 4.598999999999999755e-01
1.388877900000000110e-01 4.172000000000000153e-01
1.330234999999999890e-01 4.192000000000000171e-01
1.003080199999999977e-01 3.981999999999999984e-01
9.600504999999999456e-02 4.096000000000000196e-01
1.183529400000000037e-01 3.942999999999999838e-01
1.231417499999999943e-01 4.008999999999999786e-01
1.376992200000000111e-01 4.138999999999999901e-01
9.300717000000000012e-02 4.007000000000000006e-01
1.013224600000000031e-01 4.168999999999999928e-01
1.219795999999999936e-01 4.144999999999999796e-01
1.141443300000000022e-01 3.966000000000000081e-01
1.130204199999999964e-01 4.108999999999999875e-01
1.495388199999999890e-01 4.544000000000000261e-01
1.132656300000000060e-01 3.996000000000000107e-01
1.192612100000000064e-01 3.730999999999999872e-01
9.131723999999999397e-02 4.099999999999999756e-01
1.243855600000000061e-01 4.189999999999999836e-01
1.061711399999999972e-01 4.025000000000000244e-01
1.010857899999999948e-01 3.770000000000000018e-01
1.393916400000000111e-01 4.787000000000000144e-01
8.611365999999999465e-02 3.472999999999999976e-01
2.199585699999999922e-01 3.980000000000000204e-01
1.054911699999999952e-01 4.238000000000000100e-01
1.038937999999999945e-01 3.948999999999999733e-01
1.513585899999999873e-01 3.693000000000000171e-01
9.689454999999999596e-02 4.158000000000000029e-01
1.636986199999999891e-01 4.161000000000000254e-01
1.240223399999999948e-01 3.960000000000000187e-01
1.686786000000000119e-01 4.491999999999999882e-01
2.184253300000000009e-01 4.433000000000000274e-01
1.184654499999999999e-01 4.183000000000000052e-01
1.175768600000000053e-01 4.487999999999999767e-01
1.129835500000000020e-01 4.126000000000000223e-01
8.362923999999999358e-02 4.118999999999999884e-01
1.213605199999999995e-01 4.128999999999999893e-01
1.099568699999999982e-01 3.886999999999999900e-01
1.381210700000000124e-01 4.061000000000000165e-01
9.321930999999999967e-02 4.102000000000000091e-01
1.439102300000000001e-01 4.219999999999999862e-01
1.454313200000000028e-01 4.244999999999999885e-01
1.163720399999999960e-01 4.112999999999999989e-01
9.234146999999999494e-02 3.811999999999999833e-01
1.410330700000000104e-01 4.146000000000000241e-01
1.111998599999999976e-01 3.826999999999999846e-01
2.002501799999999998e-01 4.537999999999999812e-01
1.893149299999999924e-01 4.112999999999999989e-01
1.014297599999999938e-01 4.174999999999999822e-01
1.479744699999999968e-01 3.860999999999999988e-01
1.069393700000000058e-01 4.136000000000000232e-01
1.036764000000000019e-01 3.971999999999999975e-01
1.157838199999999956e-01 4.022999999999999909e-01
1.558956800000000087e-01 3.981000000000000094e-01
2.410655200000000054e-01 5.080999999999999961e-01
8.607273999999999481e-02 3.891000000000000014e-01
1.557490900000000067e-01 4.181000000000000272e-01
1.430075100000000043e-01 4.299000000000000044e-01
1.412371299999999885e-01 4.485000000000000098e-01
7.665218000000000032e-02 3.948999999999999733e-01
9.389097000000000415e-02 4.192000000000000171e-01
1.599342800000000120e-01 4.052000000000000046e-01
8.785015000000000185e-02 4.046000000000000152e-01
1.184667199999999976e-01 4.410999999999999921e-01
2.203580400000000050e-01 4.249999999999999889e-01
1.364528999999999881e-01 4.415999999999999925e-01
9.879588000000000259e-02 4.012000000000000011e-01
7.748879000000000183e-02 4.298000000000000154e-01
1.335401999999999978e-01 4.277000000000000246e-01
1.246887099999999943e-01 4.149999999999999800e-01
1.079475000000000018e-01 4.047999999999999932e-01
1.036585899999999949e-01 4.339999999999999969e-01
9.830547000000000590e-02 4.084999999999999742e-01
1.051279400000000031e-01 3.764000000000000123e-01
1.575669399999999887e-01 4.308000000000000163e-01
1.220004499999999964e-01 4.007999999999999896e-01
1.277683900000000095e-01 3.851999999999999869e-01
1.289802800000000027e-01 3.734999999999999987e-01
1.419464199999999898e-01 4.423000000000000265e-01
2.024002500000000038e-01 4.556999999999999940e-01
8.781010000000000204e-02 4.106000000000000205e-01
1.089917200000000003e-01 3.850000000000000089e-01
1.414661799999999969e-01 4.112999999999999989e-01
1.369147300000000123e-01 4.682000000000000051e-01
2.195432599999999901e-01 4.118999999999999884e-01
1.120066900000000060e-01 4.121000000000000218e-01
3.020894100000000027e-01 4.948000000000000176e-01
1.465622099999999983e-01 4.338000000000000189e-01
1.540657500000000013e-01 4.335999999999999854e-01
1.631672500000000137e-01 4.615000000000000213e-01
9.953726000000000240e-02 4.117999999999999994e-01
1.418871700000000069e-01 4.058999999999999830e-01
2.079955099999999946e-01 3.775999999999999912e-01
1.601216799999999885e-01 3.830000000000000071e-01
9.618569999999999898e-02 3.658000000000000140e-01
2.037843900000000097e-01 3.855999999999999983e-01
1.872949499999999878e-01 4.122000000000000108e-01
9.212471999999999328e-02 4.531000000000000028e-01
1.662182399999999893e-01 4.295999999999999819e-01
9.971810999999999869e-02 4.052000000000000046e-01
1.307038299999999931e-01 4.506000000000000005e-01
1.467566800000000005e-01 4.575000000000000178e-01
9.910378000000000243e-02 3.925000000000000155e-01
1.125085799999999969e-01 3.783000000000000251e-01
1.063814500000000024e-01 4.037999999999999923e-01
9.767597999999999558e-02 3.922999999999999821e-01
8.865894000000000552e-02 4.062999999999999945e-01
1.027198000000000000e-01 4.365999999999999881e-01
1.710789799999999916e-01 5.070000000000000062e-01
1.601063000000000069e-01 4.114999999999999769e-01
1.096699200000000041e-01 4.223999999999999977e-01
8.153122999999999621e-02 4.057000000000000051e-01
1.550755699999999959e-01 4.495999999999999996e-01
1.049385899999999983e-01 4.375000000000000000e-01
1.456163799999999897e-01 4.020000000000000240e-01
7.996361000000000441e-02 4.027999999999999914e-01
1.554305900000000074e-01 4.022000000000000020e-01
2.746017900000000123e-01 4.379000000000000115e-01
1.222193000000000029e-01 4.046000000000000152e-01
1.376156500000000060e-01 4.103999999999999870e-01
9.721356000000000441e-02 3.992999999999999883e-01
1.143440299999999993e-01 3.706999999999999740e-01
1.973910000000000109e-01 4.430000000000000049e-01
1.491487599999999913e-01 4.171000000000000263e-01
1.266418199999999883e-01 3.825000000000000067e-01
1.507296200000000086e-01 4.142000000000000126e-01
1.270000300000000137e-01 4.418000000000000260e-01
1.296958000000000000e-01 4.076000000000000179e-01
1.862946099999999994e-01 4.177000000000000157e-01
1.695611300000000043e-01 3.980000000000000204e-01
1.404369599999999996e-01 4.148000000000000020e-01
1.142626300000000039e-01 3.991000000000000103e-01
1.224789299999999997e-01 3.941999999999999948e-01
1.394240300000000043e-01 4.113999999999999879e-01
2.249326600000000065e-01 4.672000000000000042e-01
1.565964900000000048e-01 4.339999999999999969e-01
2.174468400000000023e-01 4.309000000000000052e-01
1.775444300000000031e-01 3.929000000000000270e-01
1.059127599999999947e-01 3.966999999999999971e-01
1.874361499999999958e-01 4.566999999999999948e-01
1.268824199999999958e-01 4.267000000000000237e-01
1.211824199999999990e-01 4.079999999999999738e-01
1.159916299999999983e-01 4.218000000000000083e-01
9.762208999999999470e-02 4.814999999999999836e-01
1.255861400000000128e-01 4.692000000000000060e-01
1.117084299999999975e-01 4.223999999999999977e-01
1.181104800000000038e-01 4.168999999999999928e-01
1.632973299999999905e-01 3.865000000000000102e-01
1.073059900000000039e-01 4.030000000000000249e-01
1.422152999999999889e-01 4.480999999999999983e-01
3.065575199999999723e-01 4.868000000000000105e-01
7.508705000000000240e-02 4.052000000000000046e-01
9.821833000000000646e-02 4.212000000000000188e-01
1.064920599999999995e-01 4.333000000000000185e-01
9.485772000000000648e-02 4.164999999999999813e-01
9.230309999999999904e-02 3.938999999999999724e-01
1.160682900000000045e-01 4.072000000000000064e-01
1.377600800000000070e-01 4.154999999999999805e-01
1.450556299999999910e-01 4.209999999999999853e-01
1.628532299999999877e-01 4.676000000000000156e-01
8.784166999999999670e-02 4.106000000000000205e-01
8.711373000000000033e-02 3.942999999999999838e-01
1.256451700000000005e-01 4.610000000000000209e-01
2.155401899999999926e-01 4.731000000000000205e-01
1.017712399999999989e-01 4.133999999999999897e-01
1.041996200000000067e-01 4.002000000000000002e-01
1.388968299999999989e-01 3.780999999999999917e-01
2.153376800000000035e-01 4.859999999999999876e-01
1.804413599999999951e-01 4.259999999999999898e-01
9.565982000000000651e-02 4.277000000000000246e-01
1.037915799999999944e-01 3.976000000000000090e-01
1.286337899999999979e-01 4.058999999999999830e-01
1.669491200000000064e-01 4.099999999999999756e-01
5.718448000000000420e-01 5.389000000000000457e-01
9.478920000000000401e-02 4.275999999999999801e-01
1.066659499999999955e-01 4.046000000000000152e-01
1.550136000000000014e-01 4.393000000000000238e-01
7.520414999999999739e-02 4.007999999999999896e-01
1.508160199999999951e-01 4.501999999999999891e-01
8.346404000000000323e-02 3.916000000000000036e-01
1.281834599999999991e-01 4.309999999999999942e-01
1.111695199999999939e-01 4.546999999999999931e-01
1.138369699999999957e-01 4.958000000000000185e-01
9.474501000000000450e-02 3.947999999999999843e-01
1.209412799999999982e-01 3.588000000000000078e-01
1.377420400000000100e-01 3.971999999999999975e-01
1.627160199999999890e-01 4.273000000000000131e-01
1.160932999999999965e-01 4.093999999999999861e-01
1.111484300000000064e-01 3.880000000000000115e-01
1.410678099999999879e-01 4.081000000000000183e-01
9.824486000000000330e-02 4.290999999999999814e-01
1.059501300000000035e-01 4.136000000000000232e-01
1.208925400000000067e-01 4.447999999999999732e-01
1.226681000000000021e-01 4.199999999999999845e-01
1.223457299999999998e-01 4.275999999999999801e-01
9.677542999999999562e-02 4.596000000000000085e-01
1.130709200000000053e-01 4.183999999999999941e-01
1.383285300000000051e-01 4.414000000000000146e-01
1.180307399999999951e-01 4.027000000000000024e-01
3.565946400000000183e-01 5.364999999999999769e-01
1.462651799999999946e-01 4.280999999999999805e-01
1.683020699999999981e-01 4.102000000000000091e-01
1.392580499999999943e-01 3.852999999999999758e-01
1.156406900000000043e-01 3.857999999999999763e-01
1.586561900000000025e-01 4.126000000000000223e-01
1.841877100000000045e-01 4.225999999999999757e-01
1.230935699999999994e-01 4.339999999999999969e-01
1.211430200000000040e-01 3.993999999999999773e-01
1.483909499999999937e-01 4.197000000000000175e-01
1.197440800000000027e-01 3.869000000000000217e-01
1.493971299999999891e-01 3.854000000000000203e-01
1.106583800000000006e-01 3.997999999999999887e-01
1.139287999999999967e-01 4.359000000000000097e-01
1.181506900000000027e-01 4.452999999999999736e-01
1.125220499999999985e-01 4.507999999999999785e-01
9.504751999999999645e-02 4.146000000000000241e-01
1.089281899999999942e-01 3.897999999999999798e-01
1.489708499999999880e-01 4.294999999999999929e-01
2.124591000000000118e-01 3.929000000000000270e-01
1.217164800000000019e-01 3.804000000000000159e-01
1.253338599999999914e-01 4.058999999999999830e-01
1.322981900000000099e-01 4.215999999999999748e-01
1.163669700000000001e-01 4.083999999999999853e-01
1.515459000000000112e-01 3.991000000000000103e-01
1.497674300000000069e-01 4.210999999999999743e-01
1.625324400000000002e-01 4.197000000000000175e-01
1.414964300000000064e-01 3.921999999999999931e-01
1.138691500000000023e-01 3.997999999999999887e-01
1.206216299999999936e-01 3.680999999999999828e-01
1.209971299999999944e-01 4.117000000000000104e-01
1.377318600000000115e-01 4.187000000000000166e-01
1.023713400000000051e-01 3.952999999999999847e-01
1.519031499999999868e-01 4.128000000000000003e-01
1.282326500000000036e-01 4.314999999999999947e-01
1.211437499999999945e-01 4.324999999999999956e-01
1.290580500000000075e-01 4.593999999999999750e-01
1.169881700000000024e-01 4.353000000000000203e-01
8.943413999999999531e-02 3.876999999999999891e-01
1.173308799999999985e-01 4.047999999999999932e-01
1.173889099999999991e-01 4.264000000000000012e-01
1.526690699999999901e-01 4.511000000000000010e-01
9.427217999999999709e-02 3.783000000000000251e-01
1.461617699999999964e-01 4.109999999999999765e-01
1.371763799999999867e-01 4.078999999999999848e-01
2.071309799999999923e-01 4.339000000000000079e-01
1.162274100000000032e-01 3.980000000000000204e-01
1.309657399999999972e-01 3.811999999999999833e-01
1.657058100000000089e-01 3.709000000000000075e-01
1.268610000000000015e-01 4.031000000000000139e-01
1.159663999999999973e-01 4.194999999999999840e-01
8.743684000000000178e-02 4.249999999999999889e-01
8.220658999999999605e-02 3.932999999999999829e-01
1.066528300000000040e-01 4.178999999999999937e-01
1.753233600000000114e-01 3.956000000000000072e-01
1.459886200000000134e-01 4.708999999999999853e-01
1.266198400000000113e-01 4.005000000000000226e-01
1.051710599999999968e-01 4.056000000000000161e-01
1.192295099999999969e-01 4.428000000000000269e-01
2.120347499999999941e-01 4.415999999999999925e-01
8.486551000000000511e-02 4.046000000000000152e-01
1.346129799999999932e-01 4.318000000000000171e-01
1.216650100000000040e-01 4.300999999999999823e-01
9.764541999999999666e-02 3.775999999999999912e-01
1.565955300000000106e-01 4.235999999999999766e-01
7.550853999999999899e-02 3.916000000000000036e-01
1.130723099999999953e-01 4.338000000000000189e-01
6.683632999999999935e-02 3.709999999999999964e-01
1.088376800000000061e-01 4.108999999999999875e-01
1.593288700000000113e-01 4.158000000000000029e-01
9.590740999999999850e-02 3.981999999999999984e-01
1.017681700000000050e-01 4.088999999999999857e-01
4.156123700000000087e-01 5.695999999999999952e-01
1.180072399999999994e-01 4.136000000000000232e-01
9.460148000000000168e-02 4.413000000000000256e-01
1.195620200000000050e-01 4.045000000000000262e-01
1.763064199999999915e-01 4.717999999999999972e-01
8.513951999999999631e-02 4.159999999999999809e-01
1.319938599999999906e-01 4.210999999999999743e-01
1.160226599999999997e-01 4.109999999999999765e-01
1.129082599999999964e-01 3.967999999999999861e-01
1.206596900000000000e-01 4.245999999999999774e-01
2.060601400000000027e-01 4.466999999999999860e-01
1.292285800000000096e-01 4.010000000000000231e-01
2.992872799999999889e-01 4.904999999999999916e-01
1.383271500000000098e-01 3.808000000000000274e-01
1.251694200000000035e-01 3.861999999999999877e-01
2.858813299999999891e-01 4.692999999999999949e-01
2.427594700000000050e-01 4.567999999999999838e-01
1.186512400000000050e-01 3.970000000000000195e-01
2.037228500000000109e-01 4.244999999999999885e-01
7.323317999999999495e-02 4.092999999999999972e-01
1.361056700000000119e-01 4.183000000000000052e-01
1.031383899999999965e-01 3.945000000000000173e-01
1.369819999999999927e-01 3.991000000000000103e-01
1.268372299999999953e-01 4.188999999999999946e-01
8.879636999999999947e-02 4.012000000000000011e-01
1.110399700000000017e-01 3.955000000000000182e-01
1.494717499999999866e-01 3.990000000000000213e-01
1.018121000000000026e-01 3.774000000000000132e-01
1.479894399999999999e-01 4.092000000000000082e-01
1.561365000000000114e-01 4.181000000000000272e-01
1.729790300000000058e-01 4.336999999999999744e-01
9.346952000000000038e-02 4.209999999999999853e-01
9.838816000000000228e-02 4.178000000000000047e-01
9.647616999999999998e-02 3.983999999999999764e-01
1.838946200000000086e-01 4.076000000000000179e-01
8.310399999999999732e-02 4.428000000000000269e-01
2.683311199999999785e-01 4.379000000000000115e-01
1.253493499999999983e-01 3.851999999999999869e-01
1.326759000000000133e-01 3.995000000000000218e-01
2.327618100000000134e-01 4.732999999999999985e-01
8.722718999999999612e-02 4.134999999999999787e-01
1.419339400000000084e-01 4.456999999999999851e-01
1.067670500000000022e-01 4.260999999999999788e-01
1.010840499999999947e-01 4.168000000000000038e-01
8.781078999999999968e-02 4.005000000000000226e-01
9.857417999999999736e-02 3.986999999999999988e-01
1.034316599999999947e-01 4.259999999999999898e-01
2.568386500000000017e-01 4.588999999999999746e-01
1.518864699999999957e-01 4.158000000000000029e-01
8.824099999999999999e-02 3.811999999999999833e-01
2.810892799999999969e-01 4.796000000000000263e-01
7.118481000000000114e-02 4.305999999999999828e-01
8.586989999999999901e-02 3.905000000000000138e-01
1.048744100000000012e-01 3.812999999999999723e-01
1.630647600000000030e-01 4.069999999999999729e-01
1.225348400000000060e-01 4.616999999999999993e-01
1.383037000000000016e-01 4.712999999999999967e-01
1.528972600000000071e-01 3.770999999999999908e-01
1.640049500000000104e-01 4.526000000000000023e-01
1.263092500000000118e-01 4.078999999999999848e-01
1.124370400000000020e-01 4.097999999999999976e-01
1.270490699999999862e-01 4.426999999999999824e-01
1.209458800000000056e-01 3.874000000000000221e-01
1.181292399999999965e-01 4.169999999999999818e-01
1.122840900000000031e-01 4.324999999999999956e-01
1.404608800000000102e-01 4.264999999999999902e-01
1.611983499999999903e-01 4.247000000000000219e-01
1.624248500000000095e-01 4.416999999999999815e-01
1.140939700000000029e-01 4.043999999999999817e-01
2.204044099999999951e-01 4.199999999999999845e-01
1.483559100000000075e-01 4.076000000000000179e-01
1.283009900000000036e-01 5.038000000000000256e-01
1.201255199999999995e-01 3.886000000000000010e-01
1.095441699999999963e-01 4.172000000000000153e-01
1.547754399999999864e-01 4.159999999999999809e-01
1.195096600000000037e-01 4.064999999999999725e-01
1.224691100000000060e-01 4.147000000000000131e-01
1.125653900000000013e-01 3.966000000000000081e-01
1.214281900000000053e-01 4.084999999999999742e-01
1.352034699999999923e-01 4.203999999999999959e-01
1.863979699999999962e-01 4.400000000000000022e-01
1.262138200000000043e-01 4.157000000000000139e-01
1.189725199999999983e-01 4.218000000000000083e-01
9.786015000000000685e-02 4.222000000000000197e-01
1.476892700000000114e-01 4.277000000000000246e-01
1.355681499999999984e-01 3.800999999999999934e-01
1.637934000000000057e-01 3.779000000000000137e-01
9.950087000000000514e-02 4.264999999999999902e-01
3.780655099999999935e-01 4.998000000000000220e-01
1.014236500000000041e-01 3.775000000000000022e-01
1.144519999999999982e-01 4.112000000000000099e-01
3.294960399999999900e-01 4.435000000000000053e-01
1.298490200000000094e-01 4.282000000000000250e-01
1.390553200000000100e-01 3.899000000000000243e-01
2.229055899999999868e-01 4.692999999999999949e-01
1.520865499999999870e-01 4.056000000000000161e-01
2.182229599999999936e-01 4.339000000000000079e-01
1.241749199999999942e-01 4.168000000000000038e-01
1.280478600000000133e-01 4.031000000000000139e-01
1.358642899999999987e-01 3.976000000000000090e-01
9.702589000000000352e-02 4.022999999999999909e-01
1.789668700000000001e-01 4.310999999999999832e-01
1.144296499999999939e-01 4.194999999999999840e-01
1.066639199999999954e-01 4.410999999999999921e-01
8.313719999999999444e-02 4.319000000000000061e-01
1.535844100000000045e-01 4.631000000000000116e-01
1.859379700000000080e-01 3.856999999999999873e-01
1.263631400000000127e-01 4.179999999999999827e-01
1.228837499999999999e-01 4.471999999999999864e-01
8.637501999999999680e-02 3.836999999999999855e-01
1.812477299999999958e-01 4.359000000000000097e-01
1.111629199999999984e-01 4.218000000000000083e-01
9.541381000000000168e-02 3.941000000000000059e-01
9.022273000000000098e-02 3.825999999999999956e-01
1.227640799999999976e-01 4.087000000000000077e-01
9.852308999999999373e-02 4.361999999999999766e-01
1.149096299999999987e-01 3.768000000000000238e-01
1.395472399999999891e-01 3.946999999999999953e-01
1.702096100000000112e-01 3.917999999999999816e-01
1.351764900000000102e-01 4.173000000000000043e-01
1.390088399999999946e-01 3.955000000000000182e-01
1.519805499999999920e-01 4.410000000000000031e-01
1.152558999999999945e-01 3.956000000000000072e-01
1.193923199999999962e-01 3.800000000000000044e-01
2.020473100000000077e-01 4.610000000000000209e-01
1.264749099999999959e-01 4.490000000000000102e-01
1.274861599999999873e-01 4.147000000000000131e-01
9.177325000000000066e-02 4.262000000000000233e-01
1.299169300000000138e-01 4.051000000000000156e-01
8.477026000000000006e-02 3.817999999999999727e-01
1.601421199999999989e-01 3.739999999999999991e-01
9.985307000000000210e-02 4.396999999999999797e-01
1.186591300000000015e-01 3.887999999999999790e-01
1.160424500000000053e-01 3.696999999999999731e-01
1.332300499999999888e-01 4.166000000000000258e-01
1.025155999999999984e-01 4.005000000000000226e-01
1.139975500000000030e-01 4.158000000000000029e-01
1.176190200000000047e-01 3.708000000000000185e-01
9.920405000000000195e-02 4.013999999999999790e-01
1.249990500000000004e-01 4.511000000000000010e-01
1.309333400000000092e-01 4.032999999999999918e-01
1.167344899999999963e-01 4.188999999999999946e-01
1.037196900000000033e-01 4.043999999999999817e-01
1.003010299999999994e-01 3.887999999999999790e-01
9.902616999999999670e-02 3.855000000000000093e-01
1.253004799999999919e-01 4.193999999999999950e-01
1.551565299999999870e-01 4.307000000000000273e-01
1.237706999999999974e-01 4.469000000000000195e-01
1.240803300000000026e-01 4.002000000000000002e-01
1.245546500000000029e-01 3.849000000000000199e-01
1.100232899999999958e-01 3.910000000000000142e-01
1.945135199999999953e-01 4.421999999999999820e-01
1.035190899999999942e-01 4.200999999999999734e-01
1.684162100000000106e-01 4.289999999999999925e-01
1.541017799999999938e-01 4.037000000000000033e-01
1.425370800000000104e-01 3.770999999999999908e-01
1.782330400000000092e-01 4.032999999999999918e-01
1.632005099999999931e-01 4.273000000000000131e-01
9.212763000000000202e-02 3.831999999999999851e-01
2.273729899999999970e-01 4.653999999999999804e-01
2.065381299999999865e-01 4.440000000000000058e-01
1.362943199999999966e-01 4.429000000000000159e-01
1.091191400000000034e-01 4.177000000000000157e-01
1.068461099999999941e-01 4.157000000000000139e-01
1.314921799999999863e-01 4.198999999999999955e-01
2.210747399999999918e-01 4.415000000000000036e-01
1.048105099999999956e-01 3.864000000000000212e-01
1.261857600000000079e-01 4.072000000000000064e-01
1.310527900000000023e-01 3.885000000000000120e-01
1.041215300000000038e-01 4.077999999999999958e-01
1.206077299999999963e-01 4.068999999999999839e-01
1.122995900000000047e-01 4.033999999999999808e-01
1.035836400000000046e-01 3.950000000000000178e-01
3.467711800000000122e-01 4.717000000000000082e-01
1.107241199999999953e-01 4.131000000000000227e-01
1.182773800000000014e-01 4.161000000000000254e-01
1.157324899999999934e-01 4.047000000000000042e-01
1.257439300000000038e-01 4.176000000000000267e-01
1.164686000000000055e-01 4.405999999999999917e-01
1.047450199999999942e-01 3.907999999999999807e-01
1.273128500000000052e-01 3.957999999999999852e-01
8.835999999999999410e-02 3.837999999999999745e-01
1.152823899999999985e-01 4.354000000000000092e-01
1.450258899999999906e-01 3.632000000000000228e-01
1.074194599999999944e-01 4.324999999999999956e-01
1.583624600000000104e-01 4.660000000000000253e-01
1.002120400000000022e-01 4.257000000000000228e-01
8.504169000000000311e-02 4.128999999999999893e-01
9.260000999999999649e-02 3.598999999999999977e-01
1.288061500000000081e-01 3.912999999999999812e-01
1.518100900000000086e-01 4.166000000000000258e-01
7.333288999999999780e-02 3.834000000000000186e-01
1.465482399999999963e-01 4.275999999999999801e-01
1.502110799999999968e-01 3.988999999999999768e-01
1.442541099999999910e-01 4.092999999999999972e-01
2.783874900000000152e-01 4.811000000000000276e-01
1.470478400000000130e-01 4.278000000000000136e-01
1.417051300000000125e-01 4.465999999999999970e-01
1.089544699999999977e-01 4.172000000000000153e-01
1.893830300000000078e-01 3.773000000000000242e-01
9.850939999999999697e-02 4.303000000000000158e-01
1.734481900000000021e-01 4.335999999999999854e-01
1.686031799999999914e-01 4.319000000000000061e-01
1.090340399999999987e-01 3.852999999999999758e-01
1.091021900000000017e-01 3.985000000000000209e-01
1.331999600000000061e-01 4.250999999999999779e-01
1.090432699999999977e-01 3.870000000000000107e-01
1.962782899999999942e-01 4.440999999999999948e-01
8.729241999999999557e-02 4.186000000000000276e-01
1.030968099999999971e-01 3.814000000000000168e-01
1.180249200000000054e-01 4.142000000000000126e-01
1.211005700000000046e-01 4.169999999999999818e-01
2.156187400000000032e-01 4.178999999999999937e-01
9.232287000000000132e-02 3.544999999999999818e-01
1.010357999999999951e-01 4.230999999999999761e-01
1.680351200000000100e-01 4.199999999999999845e-01
1.069491100000000000e-01 3.877999999999999781e-01
1.976474300000000128e-01 4.112000000000000099e-01
9.325514999999999499e-02 4.299999999999999933e-01
1.191944600000000021e-01 3.966000000000000081e-01
1.897719800000000068e-01 4.157000000000000139e-01
9.140160999999999425e-02 4.122000000000000108e-01
1.296662799999999949e-01 4.182000000000000162e-01
1.129921200000000014e-01 3.821999999999999842e-01
