# Heisenberg model
# L=12, J=1, W=2.5
# Correlations between the gap ratio r_S and V (the rescaled ratio between variances of off-diagonal and diagonal hamiltonian matrix elements)
# V r_S
2.652569900000000258e-01 4.902000000000000246e-01
2.370523700000000122e-01 4.378000000000000225e-01
2.852649300000000276e-01 4.722000000000000086e-01
3.647798099999999821e-01 4.781000000000000250e-01
3.151085299999999978e-01 4.647000000000000020e-01
1.431891200000000031e-01 4.842000000000000193e-01
2.975473699999999777e-01 4.577999999999999847e-01
2.020670599999999928e-01 4.355999999999999872e-01
2.434090700000000052e-01 4.950999999999999845e-01
2.618992399999999776e-01 4.440999999999999948e-01
1.941955999999999960e-01 4.596999999999999975e-01
4.158645000000000258e-01 5.168000000000000371e-01
2.316788499999999917e-01 4.330999999999999850e-01
2.449955500000000064e-01 4.627000000000000002e-01
3.157264000000000181e-01 5.175999999999999490e-01
2.867508799999999858e-01 4.398000000000000242e-01
2.278516700000000061e-01 4.319999999999999951e-01
2.284549800000000019e-01 4.395000000000000018e-01
1.860306399999999971e-01 4.122999999999999998e-01
2.016657699999999942e-01 4.485999999999999988e-01
3.036524500000000182e-01 4.389000000000000123e-01
3.315416500000000211e-01 4.844999999999999862e-01
2.116757200000000116e-01 4.462999999999999745e-01
1.736082399999999970e-01 4.310999999999999832e-01
1.642222899999999930e-01 3.998999999999999777e-01
3.008004799999999812e-01 5.074999999999999512e-01
3.101217299999999844e-01 4.390000000000000013e-01
2.367603400000000136e-01 4.428000000000000269e-01
2.022725400000000007e-01 4.087999999999999967e-01
2.451457599999999903e-01 4.491999999999999882e-01
1.777383600000000119e-01 4.838000000000000078e-01
5.541694400000000131e-01 5.190000000000000169e-01
2.876345299999999994e-01 4.672000000000000042e-01
2.531890500000000266e-01 4.454000000000000181e-01
2.114577099999999932e-01 4.274000000000000021e-01
2.081753399999999865e-01 4.215999999999999748e-01
2.019481800000000049e-01 4.636000000000000121e-01
2.203223699999999896e-01 4.157000000000000139e-01
2.450025000000000119e-01 4.682999999999999940e-01
2.162057400000000074e-01 4.772000000000000131e-01
3.472350100000000106e-01 4.762000000000000122e-01
1.918256000000000128e-01 3.958999999999999742e-01
1.579922099999999940e-01 4.153999999999999915e-01
2.122083200000000058e-01 4.161000000000000254e-01
2.124842299999999962e-01 4.457999999999999741e-01
1.479441599999999912e-01 3.854000000000000203e-01
2.530443399999999787e-01 4.512999999999999790e-01
2.087947500000000012e-01 5.372000000000000108e-01
2.046782299999999888e-01 4.169999999999999818e-01
2.908271000000000051e-01 4.495999999999999996e-01
1.808597000000000121e-01 4.541000000000000036e-01
1.868111500000000091e-01 4.456999999999999851e-01
3.029852100000000048e-01 4.784999999999999809e-01
3.283882599999999874e-01 4.884000000000000008e-01
2.265149100000000137e-01 4.365999999999999881e-01
2.067363799999999974e-01 4.134999999999999787e-01
2.703461400000000125e-01 4.572999999999999843e-01
2.678681199999999873e-01 5.173999999999999710e-01
2.456561999999999912e-01 4.457999999999999741e-01
3.179152700000000276e-01 4.187000000000000166e-01
2.018608699999999978e-01 4.672000000000000042e-01
2.111774999999999902e-01 4.379000000000000115e-01
2.206907800000000031e-01 4.228999999999999981e-01
2.482030600000000031e-01 4.575000000000000178e-01
2.437366599999999939e-01 4.883000000000000118e-01
2.402456299999999878e-01 4.675000000000000266e-01
1.650422699999999909e-01 4.087999999999999967e-01
1.984253800000000123e-01 4.378000000000000225e-01
2.247501000000000082e-01 4.400000000000000022e-01
2.118341599999999936e-01 4.435000000000000053e-01
5.426262499999999767e-01 5.371000000000000218e-01
1.587202600000000019e-01 4.445000000000000062e-01
2.883884500000000184e-01 4.560000000000000164e-01
2.858905800000000053e-01 5.036000000000000476e-01
2.197146500000000113e-01 4.215999999999999748e-01
2.363341499999999928e-01 4.652000000000000024e-01
2.011525700000000028e-01 4.610000000000000209e-01
2.934399200000000207e-01 4.918000000000000149e-01
2.406801500000000094e-01 4.254000000000000004e-01
2.135501900000000008e-01 4.425999999999999934e-01
2.917891699999999866e-01 4.822000000000000175e-01
2.417803000000000035e-01 4.691000000000000170e-01
3.267067799999999744e-01 4.979000000000000092e-01
1.912469199999999869e-01 3.862999999999999767e-01
2.234156099999999867e-01 4.082999999999999963e-01
2.002699400000000074e-01 4.576999999999999957e-01
3.589297599999999866e-01 4.734999999999999765e-01
1.899635399999999863e-01 4.240999999999999770e-01
2.186129699999999898e-01 4.958000000000000185e-01
2.144662900000000039e-01 4.302000000000000268e-01
2.276324299999999967e-01 4.567999999999999838e-01
2.028605099999999939e-01 4.066000000000000170e-01
5.123657499999999532e-01 5.375999999999999668e-01
2.525868800000000136e-01 4.759999999999999787e-01
2.014346599999999876e-01 4.036000000000000143e-01
2.217568500000000054e-01 4.087999999999999967e-01
3.669689400000000212e-01 4.872000000000000219e-01
2.271737000000000062e-01 4.389000000000000123e-01
2.471092500000000025e-01 4.771000000000000241e-01
1.963373499999999938e-01 4.450000000000000067e-01
1.437497699999999989e-01 4.072000000000000064e-01
1.631465199999999893e-01 4.007999999999999896e-01
2.356816599999999873e-01 4.239999999999999880e-01
2.962558699999999767e-01 5.125999999999999446e-01
3.305547999999999820e-01 4.909000000000000030e-01
2.752202200000000154e-01 5.070999999999999952e-01
2.095382600000000040e-01 4.166000000000000258e-01
1.939941299999999869e-01 4.114999999999999769e-01
3.136113799999999951e-01 4.772000000000000131e-01
2.936406400000000083e-01 4.781000000000000250e-01
2.536549300000000007e-01 4.583999999999999742e-01
2.666451300000000080e-01 5.081999999999999851e-01
2.050995300000000021e-01 4.687999999999999945e-01
2.023098000000000118e-01 4.247000000000000219e-01
1.935081600000000124e-01 4.390999999999999903e-01
1.839206700000000083e-01 4.037000000000000033e-01
2.940075100000000274e-01 4.611999999999999988e-01
2.071558400000000078e-01 4.339999999999999969e-01
1.586162299999999969e-01 4.774999999999999800e-01
1.967500600000000044e-01 4.208000000000000074e-01
1.715073000000000014e-01 5.311000000000000165e-01
1.954458199999999923e-01 4.373000000000000220e-01
4.005126399999999753e-01 5.278000000000000469e-01
1.664282199999999878e-01 5.382000000000000117e-01
3.160021599999999764e-01 4.724999999999999756e-01
2.403141199999999922e-01 5.184999999999999609e-01
3.094998099999999863e-01 4.934999999999999942e-01
2.200222699999999920e-01 4.365999999999999881e-01
4.417605900000000085e-01 5.063999999999999613e-01
2.018571200000000010e-01 4.747999999999999998e-01
2.318042399999999947e-01 4.450000000000000067e-01
2.445374200000000053e-01 4.434000000000000163e-01
2.474574800000000074e-01 4.672999999999999932e-01
2.015206800000000076e-01 4.804999999999999827e-01
2.927855999999999792e-01 4.825999999999999734e-01
2.030078399999999950e-01 4.242000000000000215e-01
3.283369600000000110e-01 5.403999999999999915e-01
2.473059400000000019e-01 4.581999999999999962e-01
2.246999399999999869e-01 4.944000000000000061e-01
2.340143600000000046e-01 4.318000000000000171e-01
2.012637999999999927e-01 4.061000000000000165e-01
1.878166300000000122e-01 4.163999999999999924e-01
2.168490799999999996e-01 4.425999999999999934e-01
1.845857700000000101e-01 4.621000000000000107e-01
2.487746100000000071e-01 4.500000000000000111e-01
4.690973099999999896e-01 5.470000000000000417e-01
1.404326399999999975e-01 4.067999999999999949e-01
1.717117499999999963e-01 4.376999999999999780e-01
1.756250400000000100e-01 4.445999999999999952e-01
3.370285100000000034e-01 5.114999999999999547e-01
2.109423199999999887e-01 4.008999999999999786e-01
3.579786400000000146e-01 5.093999999999999639e-01
2.917352799999999857e-01 4.688999999999999835e-01
4.263072500000000264e-01 5.158000000000000362e-01
2.283889299999999900e-01 4.331999999999999740e-01
2.299444200000000105e-01 4.167000000000000148e-01
1.788022599999999906e-01 3.987999999999999878e-01
2.024197299999999922e-01 4.391999999999999793e-01
2.026518800000000065e-01 4.354000000000000092e-01
3.801409000000000038e-01 5.209000000000000297e-01
1.969245599999999985e-01 4.270999999999999797e-01
2.052544099999999982e-01 4.525000000000000133e-01
3.609560900000000072e-01 5.190000000000000169e-01
2.952864800000000178e-01 4.898000000000000131e-01
1.919637899999999953e-01 4.385000000000000009e-01
1.722714999999999941e-01 4.450999999999999956e-01
2.463508500000000101e-01 4.568999999999999728e-01
2.071501799999999893e-01 4.425000000000000044e-01
3.439317299999999911e-01 4.555000000000000160e-01
1.646578999999999959e-01 4.132000000000000117e-01
2.306597200000000125e-01 4.607999999999999874e-01
1.830708600000000019e-01 4.524000000000000243e-01
4.132600699999999794e-01 4.995999999999999885e-01
3.673347200000000035e-01 4.507999999999999785e-01
2.318355400000000066e-01 4.782000000000000139e-01
3.060762499999999942e-01 4.960999999999999854e-01
2.667133999999999894e-01 4.187000000000000166e-01
2.402878200000000131e-01 4.390999999999999903e-01
2.322743200000000063e-01 4.250999999999999779e-01
2.090546000000000071e-01 4.245999999999999774e-01
1.712195300000000087e-01 4.081000000000000183e-01
1.790329700000000135e-01 4.028999999999999804e-01
1.567855300000000063e-01 4.208000000000000074e-01
2.013114199999999909e-01 4.396999999999999797e-01
3.525091899999999723e-01 4.932000000000000273e-01
2.408182600000000062e-01 4.556000000000000050e-01
2.120323600000000031e-01 5.010999999999999899e-01
2.129610700000000023e-01 4.793999999999999928e-01
1.943374999999999964e-01 4.323000000000000176e-01
1.696025899999999975e-01 4.405999999999999917e-01
2.293003899999999928e-01 4.505000000000000115e-01
2.018359999999999876e-01 4.500000000000000111e-01
2.478978199999999910e-01 4.658999999999999808e-01
2.453846899999999887e-01 4.425000000000000044e-01
2.050270100000000095e-01 4.349000000000000088e-01
2.740378700000000167e-01 4.571999999999999953e-01
2.686191700000000182e-01 4.229999999999999871e-01
2.516750099999999768e-01 4.999000000000000110e-01
2.064024700000000045e-01 4.395999999999999908e-01
2.733735199999999810e-01 4.000000000000000222e-01
2.496007799999999943e-01 4.776000000000000245e-01
3.393864500000000062e-01 5.200000000000000178e-01
1.832220699999999869e-01 5.012999999999999678e-01
2.182250900000000104e-01 4.711000000000000187e-01
2.876763900000000040e-01 4.665000000000000258e-01
1.851410300000000120e-01 4.519000000000000239e-01
3.332334100000000077e-01 4.532999999999999807e-01
2.019205599999999989e-01 4.314000000000000057e-01
2.757943900000000004e-01 4.621000000000000107e-01
1.812025300000000005e-01 4.419000000000000150e-01
2.393916500000000114e-01 4.158000000000000029e-01
1.572588900000000123e-01 4.472999999999999754e-01
2.238181300000000040e-01 4.285999999999999810e-01
1.809456999999999871e-01 4.409000000000000141e-01
2.171781200000000023e-01 4.027999999999999914e-01
2.188389000000000029e-01 4.254000000000000004e-01
1.989181700000000053e-01 4.632000000000000006e-01
2.734582899999999928e-01 4.677000000000000046e-01
2.750820500000000224e-01 4.742000000000000104e-01
1.840745199999999915e-01 4.214999999999999858e-01
1.679816799999999943e-01 4.333000000000000185e-01
3.092035300000000042e-01 5.060000000000000053e-01
1.660366199999999959e-01 4.171000000000000263e-01
2.889138600000000223e-01 4.506000000000000005e-01
1.767670799999999931e-01 4.128000000000000003e-01
2.790391500000000136e-01 4.857000000000000206e-01
2.021306900000000017e-01 4.442999999999999727e-01
2.614295500000000105e-01 4.718999999999999861e-01
2.096972800000000137e-01 4.586999999999999966e-01
2.564547999999999828e-01 4.269000000000000017e-01
2.383638299999999988e-01 4.290999999999999814e-01
3.286995500000000070e-01 4.722000000000000086e-01
2.412256399999999912e-01 4.693999999999999839e-01
1.475895500000000138e-01 4.655000000000000249e-01
4.396244599999999947e-01 4.692999999999999949e-01
2.287440199999999924e-01 4.865999999999999770e-01
2.136929700000000099e-01 4.384000000000000119e-01
2.369980799999999999e-01 4.465000000000000080e-01
2.002392400000000128e-01 4.607999999999999874e-01
3.006784599999999807e-01 4.764999999999999791e-01
1.653235200000000016e-01 4.072000000000000064e-01
2.449961300000000064e-01 4.390999999999999903e-01
2.421727700000000094e-01 4.381999999999999784e-01
2.760653200000000029e-01 4.627999999999999892e-01
1.814048000000000049e-01 4.038999999999999813e-01
1.527333899999999967e-01 4.546000000000000041e-01
1.964655299999999993e-01 4.457999999999999741e-01
1.615842100000000059e-01 4.356999999999999762e-01
2.268825299999999989e-01 4.299000000000000044e-01
2.614000499999999949e-01 5.405999999999999694e-01
1.672336199999999995e-01 4.539000000000000257e-01
1.649564400000000097e-01 4.162000000000000144e-01
1.950345300000000115e-01 4.151000000000000245e-01
4.270022500000000276e-01 5.294999999999999707e-01
1.558087999999999973e-01 4.153999999999999915e-01
2.348622900000000013e-01 4.556000000000000050e-01
1.694460299999999975e-01 4.203000000000000069e-01
2.432912200000000025e-01 4.640000000000000235e-01
3.710497500000000115e-01 4.698999999999999844e-01
1.664611699999999916e-01 4.299000000000000044e-01
1.881536400000000109e-01 4.190999999999999726e-01
2.873335799999999773e-01 4.804999999999999827e-01
1.788480899999999874e-01 4.036000000000000143e-01
4.540848200000000001e-01 5.051999999999999824e-01
2.120355899999999960e-01 4.485999999999999988e-01
2.519118499999999927e-01 5.239000000000000323e-01
2.096695799999999943e-01 4.087000000000000077e-01
1.912784999999999902e-01 4.270999999999999797e-01
3.722748200000000063e-01 5.391000000000000236e-01
2.571374900000000241e-01 4.737000000000000099e-01
2.787461600000000206e-01 4.722000000000000086e-01
3.956316400000000066e-01 5.389000000000000457e-01
2.493014699999999972e-01 4.676000000000000156e-01
3.047698799999999930e-01 4.383000000000000229e-01
2.228046999999999944e-01 4.370999999999999885e-01
2.563072000000000128e-01 4.937000000000000277e-01
2.224696399999999963e-01 4.479000000000000203e-01
2.585980700000000132e-01 4.959000000000000075e-01
4.497034599999999993e-01 5.352000000000000091e-01
2.221579200000000087e-01 4.163000000000000034e-01
3.732984599999999986e-01 4.839999999999999858e-01
2.093972199999999950e-01 4.469000000000000195e-01
2.197458599999999873e-01 4.661000000000000143e-01
2.119582299999999975e-01 4.490999999999999992e-01
5.483159199999999567e-01 5.263999999999999790e-01
2.255110100000000117e-01 4.502999999999999781e-01
2.335989499999999996e-01 4.465000000000000080e-01
2.748266999999999793e-01 4.660000000000000253e-01
2.168575299999999928e-01 4.003999999999999782e-01
1.420954200000000001e-01 4.587999999999999856e-01
2.395099400000000045e-01 4.603999999999999759e-01
2.406543399999999944e-01 4.492999999999999772e-01
1.985253100000000104e-01 4.169999999999999818e-01
2.269961400000000129e-01 4.588999999999999746e-01
1.822065099999999882e-01 4.339999999999999969e-01
2.639719200000000265e-01 4.561999999999999944e-01
2.338205399999999934e-01 4.583999999999999742e-01
2.045265500000000014e-01 4.193999999999999950e-01
2.175785699999999989e-01 4.485000000000000098e-01
2.257183899999999910e-01 4.552999999999999825e-01
1.716547999999999963e-01 4.178000000000000047e-01
2.841575199999999968e-01 4.732999999999999985e-01
4.236261599999999738e-01 5.502000000000000224e-01
1.746999399999999980e-01 4.122999999999999998e-01
1.812631299999999945e-01 4.161000000000000254e-01
4.122258500000000048e-01 4.994000000000000106e-01
2.320498099999999952e-01 4.369000000000000106e-01
2.236478500000000091e-01 4.375999999999999890e-01
2.407009499999999969e-01 4.020000000000000240e-01
2.063221100000000030e-01 4.425999999999999934e-01
2.055382099999999990e-01 3.981999999999999984e-01
2.626281300000000152e-01 4.158999999999999919e-01
1.804433400000000076e-01 4.585000000000000187e-01
2.414028199999999902e-01 4.451999999999999846e-01
3.660510100000000100e-01 4.562999999999999834e-01
2.871129800000000176e-01 5.044999999999999485e-01
2.351365800000000117e-01 4.359999999999999987e-01
2.185782000000000003e-01 4.340999999999999859e-01
2.386333999999999955e-01 4.593999999999999750e-01
2.300157800000000030e-01 4.766000000000000236e-01
2.261941500000000105e-01 4.621999999999999997e-01
2.411896000000000040e-01 4.452999999999999736e-01
1.934712799999999955e-01 3.871999999999999886e-01
2.878899400000000108e-01 5.029000000000000137e-01
3.145708600000000077e-01 4.677999999999999936e-01
1.886308200000000046e-01 4.622999999999999887e-01
2.210785700000000020e-01 4.529000000000000248e-01
1.476054800000000111e-01 4.068999999999999839e-01
1.958193300000000137e-01 4.457999999999999741e-01
2.266150000000000109e-01 4.605000000000000204e-01
2.240775799999999984e-01 4.336999999999999744e-01
1.605051399999999906e-01 4.430000000000000049e-01
2.728289799999999987e-01 5.059000000000000163e-01
2.284765099999999938e-01 4.545000000000000151e-01
3.229703999999999908e-01 4.825999999999999734e-01
2.296728299999999945e-01 4.302000000000000268e-01
2.792181899999999772e-01 4.511000000000000010e-01
2.716924199999999900e-01 4.544000000000000261e-01
2.737909900000000119e-01 4.686000000000000165e-01
3.016513000000000111e-01 4.662999999999999923e-01
3.319785599999999781e-01 4.943000000000000171e-01
2.339400899999999894e-01 4.219999999999999862e-01
2.260120499999999921e-01 4.385000000000000009e-01
2.213004899999999886e-01 4.544000000000000261e-01
3.556478100000000087e-01 5.324999999999999734e-01
3.360006700000000013e-01 4.897000000000000242e-01
6.851179200000000469e-01 4.852000000000000202e-01
2.430042400000000102e-01 4.708999999999999853e-01
2.600514099999999829e-01 4.190999999999999726e-01
2.309096999999999955e-01 4.596000000000000085e-01
2.508889100000000205e-01 4.892000000000000237e-01
1.544381099999999896e-01 5.191999999999999948e-01
2.092919500000000044e-01 4.163000000000000034e-01
5.570551900000000334e-01 5.714000000000000190e-01
2.271718199999999965e-01 4.481999999999999873e-01
3.141036799999999962e-01 4.728999999999999870e-01
2.181097200000000069e-01 4.526000000000000023e-01
3.103468699999999969e-01 4.941999999999999726e-01
2.226624500000000118e-01 4.213000000000000078e-01
2.077465300000000126e-01 4.133000000000000007e-01
1.668823299999999954e-01 4.336999999999999744e-01
2.115586499999999870e-01 4.252000000000000224e-01
5.001033200000000178e-01 5.290000000000000258e-01
2.057862699999999934e-01 4.441999999999999837e-01
3.469916100000000059e-01 4.631000000000000116e-01
2.220886499999999986e-01 4.062000000000000055e-01
3.335306699999999736e-01 4.909999999999999920e-01
3.830903399999999737e-01 5.011999999999999789e-01
1.757420199999999988e-01 3.966000000000000081e-01
2.277927600000000108e-01 4.638999999999999790e-01
2.121172500000000072e-01 4.230999999999999761e-01
1.998026900000000050e-01 4.541999999999999926e-01
2.576077399999999740e-01 4.519000000000000239e-01
2.407830099999999918e-01 4.158999999999999919e-01
2.682236700000000251e-01 4.865999999999999770e-01
2.452999200000000046e-01 5.102999999999999758e-01
2.346561500000000078e-01 4.722999999999999976e-01
2.336546700000000087e-01 4.273000000000000131e-01
3.112748000000000181e-01 5.079000000000000181e-01
2.442356400000000038e-01 4.316999999999999726e-01
2.040948099999999876e-01 4.742999999999999994e-01
1.509435199999999977e-01 4.335999999999999854e-01
3.039099200000000001e-01 5.003999999999999559e-01
2.157459999999999933e-01 4.395999999999999908e-01
1.752584799999999943e-01 4.474000000000000199e-01
2.838230800000000054e-01 4.637000000000000011e-01
2.629173399999999994e-01 4.701000000000000179e-01
1.691355900000000023e-01 4.393000000000000238e-01
2.290462699999999963e-01 4.615000000000000213e-01
2.697982800000000014e-01 4.943000000000000171e-01
1.597905799999999876e-01 4.026000000000000134e-01
3.374145900000000142e-01 5.016000000000000458e-01
2.636201400000000028e-01 4.559000000000000274e-01
1.799356199999999906e-01 4.471999999999999864e-01
2.631057099999999926e-01 4.598999999999999755e-01
1.950604900000000030e-01 4.470000000000000084e-01
3.579316900000000246e-01 4.793000000000000038e-01
2.008850600000000042e-01 4.008999999999999786e-01
3.427485299999999957e-01 4.849999999999999867e-01
1.574051599999999884e-01 3.778000000000000247e-01
2.081520400000000104e-01 4.854999999999999871e-01
1.790769700000000020e-01 4.128000000000000003e-01
2.160068099999999935e-01 4.312000000000000277e-01
3.203112000000000181e-01 4.965999999999999859e-01
1.586584000000000050e-01 3.915000000000000147e-01
2.210136099999999992e-01 5.285999999999999588e-01
2.463862400000000064e-01 4.263000000000000123e-01
1.768829299999999938e-01 4.279999999999999916e-01
2.328919799999999984e-01 4.233999999999999986e-01
2.541890199999999878e-01 4.549000000000000266e-01
3.363137299999999774e-01 5.073999999999999622e-01
5.588680299999999601e-01 5.659999999999999476e-01
2.905140800000000079e-01 5.375999999999999668e-01
2.201488699999999965e-01 4.232000000000000206e-01
2.204146399999999950e-01 4.455999999999999961e-01
3.109355599999999997e-01 4.552999999999999825e-01
2.102735000000000021e-01 4.254999999999999893e-01
3.066480999999999790e-01 4.815999999999999726e-01
2.004769100000000082e-01 5.091999999999999860e-01
3.085487399999999880e-01 5.147000000000000464e-01
1.622690900000000047e-01 4.081000000000000183e-01
1.841047700000000009e-01 4.172000000000000153e-01
2.321481200000000134e-01 4.600000000000000200e-01
5.964675200000000288e-01 5.111999999999999877e-01
2.258888799999999863e-01 4.627000000000000002e-01
2.070417599999999914e-01 4.092000000000000082e-01
3.852316299999999916e-01 5.563000000000000167e-01
2.466553200000000112e-01 4.242000000000000215e-01
2.170180300000000007e-01 4.652000000000000024e-01
2.549432999999999838e-01 4.636000000000000121e-01
1.916953000000000129e-01 4.460999999999999965e-01
2.527383699999999900e-01 4.567999999999999838e-01
2.799161900000000092e-01 4.697000000000000064e-01
1.781631599999999871e-01 4.334999999999999964e-01
2.278538699999999861e-01 4.474000000000000199e-01
1.804155400000000131e-01 4.112999999999999989e-01
7.631189200000000339e-01 5.143999999999999684e-01
2.034095399999999998e-01 4.689999999999999725e-01
1.778708999999999985e-01 5.070999999999999952e-01
2.942807199999999956e-01 4.824999999999999845e-01
1.888049599999999939e-01 4.380999999999999894e-01
1.997851599999999894e-01 4.615000000000000213e-01
2.392709799999999942e-01 4.839999999999999858e-01
2.355053500000000022e-01 4.773999999999999910e-01
2.743277100000000024e-01 4.559000000000000274e-01
2.182514399999999910e-01 4.485999999999999988e-01
1.839455799999999974e-01 4.055000000000000271e-01
2.047884000000000093e-01 3.976999999999999980e-01
1.768188599999999944e-01 4.278000000000000136e-01
1.680845599999999940e-01 4.250999999999999779e-01
1.766294499999999934e-01 3.955000000000000182e-01
2.680413600000000063e-01 4.386999999999999789e-01
2.286912200000000006e-01 4.782000000000000139e-01
2.444205299999999970e-01 4.565000000000000169e-01
2.697269999999999945e-01 4.504000000000000226e-01
1.612577799999999895e-01 4.608999999999999764e-01
3.455710300000000013e-01 4.804999999999999827e-01
2.746904099999999960e-01 4.642999999999999905e-01
3.390270100000000175e-01 4.562999999999999834e-01
4.035982499999999917e-01 5.100000000000000089e-01
2.315366100000000038e-01 4.173000000000000043e-01
3.190294200000000080e-01 5.164999999999999591e-01
2.013385400000000103e-01 4.354000000000000092e-01
1.914842200000000105e-01 4.227000000000000202e-01
1.486763500000000127e-01 3.608999999999999986e-01
2.672135999999999956e-01 4.386999999999999789e-01
3.662638300000000124e-01 4.697999999999999954e-01
2.327383899999999894e-01 4.181000000000000272e-01
2.411221799999999915e-01 4.309000000000000052e-01
3.789620300000000053e-01 5.143999999999999684e-01
1.548920699999999928e-01 4.420000000000000040e-01
3.593269000000000046e-01 4.738999999999999879e-01
3.880942800000000137e-01 5.168000000000000371e-01
2.462160999999999933e-01 5.024999999999999467e-01
3.409175300000000242e-01 4.829999999999999849e-01
2.811220999999999859e-01 4.616999999999999993e-01
2.332828999999999875e-01 5.021999999999999797e-01
1.968412099999999887e-01 4.102000000000000091e-01
5.040511300000000139e-01 5.356999999999999540e-01
2.622711799999999926e-01 4.567999999999999838e-01
2.269135499999999916e-01 4.354000000000000092e-01
2.347075299999999975e-01 4.642000000000000015e-01
1.417646200000000078e-01 4.239999999999999880e-01
4.612174399999999785e-01 5.330000000000000293e-01
2.217677600000000082e-01 4.114999999999999769e-01
1.959640599999999955e-01 4.411999999999999811e-01
1.801800500000000083e-01 4.284000000000000030e-01
1.864210400000000101e-01 4.460000000000000075e-01
2.317050900000000024e-01 4.449000000000000177e-01
3.090377899999999789e-01 4.489000000000000212e-01
1.831347399999999903e-01 4.418000000000000260e-01
1.308891500000000097e-01 4.092999999999999972e-01
3.361431100000000227e-01 4.637999999999999901e-01
2.139586500000000002e-01 5.359000000000000430e-01
3.355927300000000058e-01 4.804999999999999827e-01
2.282968499999999956e-01 4.596999999999999975e-01
2.907603100000000218e-01 4.479000000000000203e-01
2.451370599999999900e-01 4.677000000000000046e-01
2.340416300000000005e-01 4.481999999999999873e-01
3.657572399999999835e-01 4.556999999999999940e-01
2.538320600000000260e-01 4.994999999999999996e-01
3.137026500000000273e-01 4.692000000000000060e-01
3.681341799999999775e-01 4.961999999999999744e-01
2.623479000000000227e-01 4.398000000000000242e-01
2.500006300000000015e-01 4.485000000000000098e-01
4.011637699999999751e-01 5.107000000000000428e-01
2.239424200000000031e-01 4.385999999999999899e-01
1.854914300000000127e-01 4.176000000000000267e-01
3.429477200000000114e-01 5.570000000000000506e-01
3.323645700000000258e-01 4.526999999999999913e-01
1.851687300000000036e-01 4.633999999999999786e-01
4.437072400000000028e-01 4.884999999999999898e-01
1.734052000000000093e-01 4.210999999999999743e-01
2.219670099999999924e-01 4.217000000000000193e-01
2.535250700000000190e-01 4.323000000000000176e-01
3.094983599999999724e-01 4.868999999999999995e-01
3.060158900000000126e-01 4.656000000000000139e-01
2.432354599999999867e-01 4.487999999999999767e-01
1.567942499999999961e-01 4.259000000000000008e-01
1.599779500000000076e-01 4.514000000000000234e-01
2.522716999999999876e-01 4.273000000000000131e-01
1.848925100000000099e-01 4.349000000000000088e-01
3.106835900000000095e-01 4.842000000000000193e-01
2.068967499999999904e-01 4.807000000000000162e-01
2.477561699999999978e-01 4.320999999999999841e-01
2.759733899999999851e-01 4.682000000000000051e-01
2.955146200000000056e-01 4.282000000000000250e-01
2.144140800000000069e-01 4.363000000000000211e-01
2.751542499999999891e-01 4.447999999999999732e-01
2.211644200000000005e-01 4.224999999999999867e-01
2.488094100000000086e-01 4.545000000000000151e-01
1.965627299999999911e-01 4.929000000000000048e-01
3.522663400000000111e-01 4.793999999999999928e-01
2.134705699999999984e-01 4.596999999999999975e-01
1.998255300000000012e-01 4.238000000000000100e-01
1.979185300000000092e-01 3.971999999999999975e-01
3.645097600000000160e-01 5.026000000000000467e-01
3.744659599999999866e-01 4.771000000000000241e-01
3.064589099999999733e-01 5.144999999999999574e-01
1.954859700000000089e-01 4.207000000000000184e-01
1.459817399999999987e-01 4.365999999999999881e-01
2.993529999999999802e-01 4.991999999999999771e-01
2.765954199999999807e-01 4.636000000000000121e-01
2.472863499999999881e-01 4.525000000000000133e-01
2.914915000000000145e-01 4.935999999999999832e-01
2.692635299999999732e-01 4.714999999999999747e-01
3.274361599999999761e-01 4.481999999999999873e-01
1.743135100000000048e-01 4.612999999999999878e-01
2.356813899999999906e-01 4.568999999999999728e-01
2.289462600000000125e-01 4.601000000000000090e-01
1.917510900000000129e-01 4.566999999999999948e-01
4.800979400000000008e-01 5.401000000000000245e-01
2.647479200000000255e-01 4.461999999999999855e-01
2.510732500000000256e-01 4.416999999999999815e-01
1.631137599999999965e-01 3.914000000000000257e-01
2.043446899999999955e-01 4.756000000000000227e-01
2.377762700000000118e-01 4.265999999999999792e-01
2.366985400000000128e-01 4.527999999999999803e-01
3.208094400000000013e-01 4.472999999999999754e-01
1.631275399999999876e-01 4.077000000000000068e-01
2.353604900000000055e-01 4.521000000000000019e-01
3.242448700000000184e-01 5.054999999999999494e-01
1.987638999999999934e-01 5.116000000000000547e-01
2.386991499999999988e-01 4.803999999999999937e-01
4.183139000000000163e-01 5.258000000000000451e-01
2.384668000000000065e-01 4.274000000000000021e-01
2.578725099999999992e-01 4.521000000000000019e-01
2.441146999999999900e-01 4.672000000000000042e-01
3.033145300000000266e-01 4.996999999999999775e-01
1.425113899999999878e-01 4.344999999999999973e-01
1.716212000000000015e-01 4.329999999999999960e-01
2.432149100000000064e-01 5.505999999999999783e-01
4.344491300000000167e-01 5.070999999999999952e-01
2.631348800000000154e-01 4.877000000000000224e-01
2.040451699999999979e-01 4.260999999999999788e-01
2.710142899999999910e-01 4.969000000000000083e-01
2.497562000000000115e-01 4.129999999999999782e-01
2.016542900000000138e-01 4.477999999999999758e-01
2.607711600000000018e-01 4.688999999999999835e-01
2.199439800000000111e-01 4.612999999999999878e-01
2.165543900000000133e-01 4.476999999999999869e-01
2.181973399999999896e-01 4.364999999999999991e-01
2.819755199999999795e-01 4.603999999999999759e-01
4.517719199999999935e-01 5.591000000000000414e-01
1.788306699999999971e-01 3.805000000000000049e-01
2.486624799999999913e-01 5.052999999999999714e-01
2.170361600000000057e-01 4.424000000000000155e-01
1.490894700000000017e-01 3.842999999999999750e-01
1.677212899999999951e-01 4.289000000000000035e-01
2.349705400000000055e-01 4.225999999999999757e-01
3.144353300000000129e-01 4.913000000000000145e-01
1.661498799999999998e-01 4.445000000000000062e-01
1.859300500000000134e-01 4.215999999999999748e-01
2.366780400000000062e-01 4.289000000000000035e-01
2.085503200000000112e-01 4.537999999999999812e-01
7.341929999999999845e-01 5.531000000000000361e-01
2.286869400000000052e-01 4.375000000000000000e-01
1.687365600000000077e-01 4.300999999999999823e-01
2.129960599999999871e-01 4.428000000000000269e-01
3.388001900000000011e-01 5.272999999999999909e-01
2.523463499999999970e-01 4.333000000000000185e-01
3.493866700000000103e-01 5.389000000000000457e-01
2.271239399999999964e-01 4.484000000000000208e-01
2.092770899999999989e-01 4.373000000000000220e-01
2.719059899999999863e-01 4.190999999999999726e-01
2.179035800000000134e-01 4.738999999999999879e-01
2.395800999999999903e-01 4.329000000000000070e-01
2.072793400000000064e-01 4.524000000000000243e-01
2.795801500000000273e-01 4.591999999999999971e-01
2.288017300000000087e-01 4.243999999999999995e-01
2.463737400000000077e-01 4.444000000000000172e-01
1.923323999999999867e-01 4.248000000000000109e-01
2.397688500000000056e-01 4.198000000000000065e-01
1.706694300000000108e-01 4.117999999999999994e-01
3.109319199999999728e-01 4.487999999999999767e-01
2.090827500000000116e-01 4.455999999999999961e-01
2.238884700000000061e-01 4.682000000000000051e-01
2.672345300000000257e-01 4.472999999999999754e-01
2.859469299999999881e-01 4.895999999999999797e-01
3.487454999999999861e-01 4.792000000000000148e-01
1.889787300000000114e-01 4.820999999999999730e-01
2.827602699999999802e-01 5.018000000000000238e-01
2.336263199999999984e-01 4.405000000000000027e-01
1.624626899999999929e-01 4.452999999999999736e-01
2.714085800000000104e-01 4.895999999999999797e-01
1.866371400000000069e-01 4.189999999999999836e-01
2.359282699999999955e-01 4.506000000000000005e-01
2.557004800000000078e-01 4.736000000000000210e-01
1.950307400000000080e-01 4.273000000000000131e-01
4.060456900000000147e-01 5.057000000000000384e-01
1.865878400000000048e-01 4.141000000000000236e-01
1.569031800000000032e-01 3.887999999999999790e-01
2.230041200000000001e-01 4.501999999999999891e-01
2.034428299999999912e-01 4.282000000000000250e-01
2.577914099999999986e-01 4.835999999999999743e-01
2.785981699999999783e-01 4.772000000000000131e-01
1.485169500000000087e-01 4.056000000000000161e-01
1.411855800000000050e-01 4.028999999999999804e-01
1.954779899999999904e-01 4.106000000000000205e-01
2.907189299999999865e-01 4.597999999999999865e-01
2.214298100000000047e-01 4.193999999999999950e-01
2.148642199999999947e-01 4.410000000000000031e-01
1.684953600000000107e-01 4.555000000000000160e-01
3.986532899999999935e-01 5.139000000000000234e-01
1.986022299999999907e-01 4.442999999999999727e-01
1.766182799999999886e-01 4.263000000000000123e-01
2.546781399999999973e-01 4.275999999999999801e-01
3.737506800000000018e-01 5.128000000000000336e-01
4.041739500000000040e-01 4.784999999999999809e-01
2.342205400000000048e-01 4.167000000000000148e-01
3.010598500000000177e-01 4.339000000000000079e-01
2.586968299999999887e-01 4.147000000000000131e-01
3.960887000000000158e-01 5.722000000000000419e-01
1.902799699999999927e-01 4.274999999999999911e-01
2.164969300000000041e-01 4.346999999999999753e-01
1.778689400000000032e-01 4.440999999999999948e-01
2.723099199999999831e-01 5.006000000000000449e-01
3.281280500000000044e-01 4.820999999999999730e-01
2.059301500000000062e-01 3.754000000000000115e-01
2.717974599999999907e-01 4.673999999999999821e-01
2.431321100000000124e-01 4.717999999999999972e-01
2.343030799999999969e-01 4.607999999999999874e-01
1.774509700000000134e-01 4.385000000000000009e-01
2.988350900000000254e-01 5.312000000000000055e-01
2.295807199999999881e-01 4.556000000000000050e-01
2.859324500000000047e-01 4.274999999999999911e-01
2.451740900000000112e-01 4.601999999999999980e-01
2.448142500000000110e-01 4.823999999999999955e-01
3.125603699999999763e-01 5.001999999999999780e-01
1.796971900000000066e-01 4.248000000000000109e-01
1.951623399999999897e-01 4.383000000000000229e-01
3.834108800000000095e-01 4.833999999999999964e-01
2.043133900000000114e-01 4.000000000000000222e-01
2.709052699999999758e-01 4.792000000000000148e-01
2.200057800000000119e-01 4.234999999999999876e-01
2.121213700000000035e-01 4.326999999999999735e-01
1.988914099999999907e-01 4.277000000000000246e-01
2.638199199999999855e-01 4.938000000000000167e-01
2.135450799999999982e-01 4.469000000000000195e-01
3.315248800000000218e-01 4.534000000000000252e-01
1.582699499999999926e-01 4.072999999999999954e-01
2.563713599999999926e-01 4.348000000000000198e-01
2.620558000000000054e-01 4.756000000000000227e-01
1.903254500000000071e-01 4.117000000000000104e-01
1.913159000000000109e-01 4.107999999999999985e-01
1.740612900000000074e-01 4.280999999999999805e-01
4.001030899999999946e-01 4.920999999999999819e-01
2.064042000000000099e-01 4.207000000000000184e-01
2.318668999999999869e-01 4.933000000000000163e-01
1.929835900000000104e-01 4.681000000000000161e-01
1.667275500000000021e-01 4.961999999999999744e-01
1.556655799999999978e-01 4.092000000000000082e-01
2.110731200000000030e-01 4.032000000000000028e-01
2.221085799999999999e-01 4.551000000000000045e-01
1.456747100000000128e-01 4.275999999999999801e-01
1.979045799999999966e-01 4.699999999999999734e-01
2.148552999999999991e-01 4.500000000000000111e-01
4.667652099999999860e-01 5.668999999999999595e-01
1.879013999999999962e-01 4.376999999999999780e-01
2.174041100000000115e-01 4.622999999999999887e-01
1.555640699999999987e-01 4.062999999999999945e-01
2.286186500000000066e-01 4.863999999999999990e-01
1.965515399999999968e-01 4.117999999999999994e-01
2.807789600000000219e-01 4.471999999999999864e-01
3.358722499999999833e-01 5.245999999999999552e-01
2.807270599999999727e-01 4.447999999999999732e-01
2.307367399999999957e-01 4.484000000000000208e-01
1.625223600000000046e-01 4.514000000000000234e-01
1.587720200000000137e-01 4.380999999999999894e-01
1.471703299999999881e-01 4.154999999999999805e-01
1.987884699999999949e-01 4.133999999999999897e-01
2.506024099999999977e-01 4.409000000000000141e-01
2.424499099999999907e-01 4.373000000000000220e-01
2.850903000000000187e-01 4.724999999999999756e-01
2.738411199999999934e-01 5.318000000000000504e-01
2.917277799999999921e-01 4.682999999999999940e-01
1.555278499999999953e-01 3.986999999999999988e-01
1.910713199999999889e-01 4.893000000000000127e-01
1.431098399999999882e-01 4.551000000000000045e-01
1.896657099999999874e-01 4.238999999999999990e-01
1.598555899999999919e-01 4.506999999999999895e-01
2.712084799999999740e-01 4.665000000000000258e-01
1.733646799999999932e-01 4.338000000000000189e-01
2.101488099999999914e-01 4.179999999999999827e-01
2.407249899999999998e-01 4.655000000000000249e-01
3.056182100000000013e-01 4.615000000000000213e-01
2.531012699999999893e-01 4.814999999999999836e-01
1.676654300000000042e-01 4.415000000000000036e-01
2.116126299999999960e-01 5.064999999999999503e-01
3.605597600000000069e-01 4.671000000000000152e-01
1.913096800000000097e-01 4.459000000000000186e-01
1.844819099999999990e-01 4.460000000000000075e-01
2.399068900000000115e-01 4.410000000000000031e-01
3.070696700000000168e-01 4.932000000000000273e-01
1.881569700000000067e-01 4.269000000000000017e-01
2.077468199999999987e-01 4.627000000000000002e-01
2.430075299999999994e-01 4.521999999999999909e-01
2.122767399999999915e-01 4.753999999999999893e-01
2.231503099999999906e-01 4.189999999999999836e-01
2.163783599999999918e-01 4.456999999999999851e-01
1.607082800000000089e-01 4.484000000000000208e-01
2.420855299999999932e-01 4.385000000000000009e-01
3.364121899999999998e-01 4.923000000000000154e-01
3.600285400000000080e-01 4.986999999999999766e-01
1.910061299999999962e-01 4.390000000000000013e-01
3.043710900000000108e-01 4.455000000000000071e-01
1.750566500000000081e-01 4.189999999999999836e-01
2.293577300000000097e-01 4.424000000000000155e-01
3.395983900000000277e-01 4.667999999999999927e-01
1.888653899999999941e-01 4.127000000000000113e-01
2.450202300000000055e-01 4.707000000000000073e-01
1.533009899999999981e-01 4.678999999999999826e-01
1.871437400000000029e-01 4.346999999999999753e-01
2.896736500000000047e-01 4.849999999999999867e-01
3.290734799999999738e-01 4.949000000000000066e-01
2.056469200000000108e-01 4.464000000000000190e-01
2.894588300000000003e-01 4.743999999999999884e-01
2.259067800000000015e-01 3.991999999999999993e-01
1.956663800000000009e-01 4.252000000000000224e-01
2.118089900000000025e-01 4.457999999999999741e-01
2.258997500000000103e-01 4.581000000000000072e-01
2.424390800000000012e-01 4.434000000000000163e-01
3.984831200000000240e-01 5.134999999999999565e-01
4.015607299999999769e-01 5.020999999999999908e-01
1.585607400000000056e-01 4.257000000000000228e-01
3.577427699999999877e-01 4.873999999999999999e-01
1.959277299999999944e-01 4.588999999999999746e-01
2.951204700000000236e-01 4.497999999999999776e-01
4.183024200000000081e-01 5.463999999999999968e-01
2.531141000000000085e-01 5.027000000000000357e-01
2.767839599999999955e-01 4.336999999999999744e-01
2.145624499999999879e-01 4.348000000000000198e-01
3.165854799999999747e-01 4.596999999999999975e-01
2.491599300000000017e-01 4.522999999999999798e-01
4.412942899999999780e-01 5.096000000000000529e-01
2.873603100000000077e-01 4.819999999999999840e-01
2.566955000000000209e-01 4.792000000000000148e-01
1.669586999999999877e-01 5.109000000000000208e-01
2.233624800000000021e-01 4.898000000000000131e-01
2.994917999999999747e-01 4.436999999999999833e-01
2.466274999999999995e-01 4.405999999999999917e-01
4.087577199999999911e-01 5.441000000000000281e-01
2.642418799999999846e-01 4.621999999999999997e-01
1.570985799999999877e-01 4.240999999999999770e-01
2.975039800000000012e-01 4.877000000000000224e-01
3.584875399999999934e-01 5.138000000000000345e-01
2.618818299999999821e-01 4.536000000000000032e-01
1.820619900000000069e-01 4.269000000000000017e-01
2.522501799999999905e-01 4.650000000000000244e-01
2.752768500000000174e-01 4.526000000000000023e-01
2.592983400000000160e-01 5.237000000000000544e-01
2.293362999999999929e-01 4.776000000000000245e-01
1.696073899999999968e-01 4.062000000000000055e-01
1.692609900000000001e-01 3.957999999999999852e-01
3.294855300000000264e-01 5.151999999999999913e-01
2.398391199999999890e-01 4.576000000000000068e-01
2.650857099999999744e-01 4.673999999999999821e-01
2.282018299999999944e-01 4.868000000000000105e-01
2.518883599999999778e-01 4.369999999999999996e-01
2.842702899999999810e-01 4.531000000000000028e-01
1.796937899999999921e-01 4.237000000000000210e-01
4.654729599999999912e-01 4.798000000000000043e-01
2.800446200000000219e-01 4.526000000000000023e-01
3.430131299999999994e-01 5.182999999999999829e-01
2.111707999999999918e-01 4.583999999999999742e-01
2.419839300000000137e-01 4.410000000000000031e-01
2.823637099999999900e-01 4.879999999999999893e-01
3.890787399999999785e-01 4.912000000000000255e-01
2.651955699999999916e-01 4.683999999999999830e-01
2.761884600000000245e-01 4.657000000000000028e-01
2.178054000000000101e-01 4.203000000000000069e-01
2.821256400000000109e-01 4.496999999999999886e-01
2.054758700000000049e-01 4.621000000000000107e-01
3.567270900000000244e-01 5.028000000000000247e-01
3.613658200000000043e-01 5.070999999999999952e-01
3.470502799999999888e-01 4.973000000000000198e-01
1.906354000000000104e-01 4.193999999999999950e-01
2.557514699999999808e-01 4.411999999999999811e-01
2.744733999999999785e-01 4.379000000000000115e-01
2.663068699999999733e-01 4.509000000000000230e-01
3.518512699999999938e-01 4.820999999999999730e-01
2.935050900000000240e-01 4.827000000000000179e-01
3.048843700000000156e-01 5.109000000000000208e-01
3.044264600000000098e-01 4.746000000000000218e-01
2.114540900000000112e-01 4.323000000000000176e-01
3.980951600000000035e-01 5.278000000000000469e-01
1.900555499999999898e-01 4.018999999999999795e-01
1.588594700000000026e-01 4.395000000000000018e-01
1.668712499999999987e-01 3.978999999999999759e-01
2.407601699999999956e-01 4.672000000000000042e-01
3.468263200000000213e-01 4.613999999999999768e-01
2.829358799999999730e-01 4.597999999999999865e-01
1.733263600000000126e-01 4.858999999999999986e-01
2.528594200000000014e-01 4.850999999999999757e-01
2.284719199999999950e-01 4.445000000000000062e-01
1.789985199999999943e-01 4.284000000000000030e-01
3.407634700000000127e-01 5.113999999999999657e-01
4.758734299999999862e-01 5.282000000000000028e-01
1.666395400000000027e-01 4.122999999999999998e-01
1.747931899999999872e-01 4.334999999999999964e-01
1.975615300000000130e-01 4.450000000000000067e-01
3.609783400000000086e-01 4.892000000000000237e-01
2.714454000000000033e-01 4.489000000000000212e-01
1.645017300000000127e-01 3.991999999999999993e-01
2.787541599999999731e-01 4.636000000000000121e-01
1.780586299999999955e-01 4.012999999999999901e-01
2.268620699999999990e-01 4.472999999999999754e-01
1.755100500000000008e-01 3.996000000000000107e-01
2.128391599999999995e-01 4.711000000000000187e-01
2.113834099999999938e-01 4.827000000000000179e-01
2.658231400000000133e-01 4.714999999999999747e-01
2.220963599999999927e-01 4.632999999999999896e-01
2.785010800000000120e-01 4.854999999999999871e-01
2.846563200000000182e-01 4.496999999999999886e-01
1.849020000000000108e-01 4.854999999999999871e-01
2.687805200000000228e-01 4.390000000000000013e-01
2.378055199999999925e-01 5.392000000000000126e-01
1.744877699999999865e-01 4.405999999999999917e-01
2.318097299999999916e-01 4.773000000000000020e-01
4.201235700000000017e-01 5.189000000000000279e-01
1.785055500000000128e-01 3.980000000000000204e-01
2.681520299999999857e-01 4.847000000000000197e-01
1.720922099999999955e-01 4.451999999999999846e-01
2.104123599999999927e-01 4.898000000000000131e-01
2.779142499999999738e-01 4.428000000000000269e-01
1.994926800000000056e-01 4.409000000000000141e-01
3.191965700000000128e-01 4.283000000000000140e-01
2.129992300000000116e-01 4.142000000000000126e-01
2.679612900000000186e-01 4.640000000000000235e-01
2.931729800000000274e-01 5.107000000000000428e-01
2.548216999999999843e-01 4.338000000000000189e-01
2.392983899999999997e-01 4.375999999999999890e-01
2.691717599999999821e-01 4.647999999999999909e-01
3.589327199999999829e-01 5.077000000000000401e-01
2.137113499999999944e-01 5.359000000000000430e-01
1.968846700000000116e-01 5.125999999999999446e-01
3.904291500000000026e-01 4.794999999999999818e-01
2.478557999999999872e-01 4.647000000000000020e-01
2.148783599999999905e-01 4.361999999999999766e-01
3.302897799999999773e-01 4.743999999999999884e-01
2.069099799999999933e-01 5.131999999999999895e-01
2.543789100000000136e-01 4.581000000000000072e-01
2.419142699999999868e-01 4.603999999999999759e-01
1.766033800000000042e-01 3.996000000000000107e-01
2.431237199999999876e-01 4.673999999999999821e-01
1.743042999999999954e-01 4.171000000000000263e-01
2.117827599999999866e-01 4.069999999999999729e-01
3.111202100000000081e-01 4.621000000000000107e-01
3.220566899999999788e-01 4.536000000000000032e-01
2.311248800000000048e-01 4.162000000000000144e-01
2.026565600000000134e-01 4.476999999999999869e-01
1.498548399999999892e-01 5.041999999999999815e-01
1.788682799999999906e-01 4.156000000000000250e-01
2.048948999999999909e-01 4.097999999999999976e-01
2.008318500000000062e-01 5.316999999999999504e-01
3.534936699999999821e-01 4.552999999999999825e-01
2.317105600000000099e-01 4.270999999999999797e-01
2.169658999999999893e-01 4.524000000000000243e-01
2.201717499999999994e-01 4.431999999999999829e-01
2.547272999999999898e-01 4.733999999999999875e-01
4.301362899999999767e-01 4.766000000000000236e-01
1.800514900000000085e-01 4.344999999999999973e-01
1.637026799999999893e-01 4.207000000000000184e-01
2.366617900000000108e-01 5.000999999999999890e-01
1.823201899999999931e-01 4.062000000000000055e-01
2.138256799999999902e-01 4.238000000000000100e-01
2.401148200000000066e-01 4.829999999999999849e-01
3.153112200000000032e-01 5.279000000000000359e-01
3.253514399999999918e-01 5.098000000000000309e-01
2.992068900000000031e-01 4.425000000000000044e-01
1.695936299999999952e-01 4.102999999999999980e-01
6.063676999999999540e-01 5.449000000000000510e-01
2.029336999999999946e-01 4.457999999999999741e-01
2.476333000000000006e-01 5.121999999999999886e-01
1.507645999999999986e-01 4.275999999999999801e-01
2.379879799999999879e-01 4.243000000000000105e-01
2.309847100000000097e-01 4.102999999999999980e-01
2.421146799999999988e-01 5.102999999999999758e-01
2.054134400000000027e-01 4.023999999999999799e-01
3.149286499999999767e-01 5.082999999999999741e-01
2.487778599999999896e-01 4.381999999999999784e-01
2.617689400000000055e-01 4.504000000000000226e-01
3.093374999999999875e-01 4.753000000000000003e-01
3.715723100000000167e-01 5.140000000000000124e-01
2.654157200000000216e-01 4.555000000000000160e-01
1.678946699999999959e-01 4.385999999999999899e-01
2.070989599999999986e-01 4.611999999999999988e-01
2.137518800000000052e-01 4.517999999999999794e-01
1.443985100000000077e-01 4.087999999999999967e-01
1.343422499999999964e-01 4.103999999999999870e-01
3.218414099999999944e-01 5.041999999999999815e-01
2.185160499999999895e-01 4.883000000000000118e-01
1.427218299999999940e-01 4.078999999999999848e-01
2.658040899999999929e-01 4.591000000000000081e-01
1.809065300000000098e-01 4.243999999999999995e-01
2.922762199999999755e-01 4.555000000000000160e-01
3.774051700000000120e-01 5.047000000000000375e-01
1.959231100000000114e-01 4.429000000000000159e-01
2.482780800000000121e-01 4.235999999999999766e-01
2.211675899999999972e-01 4.203999999999999959e-01
2.462151700000000110e-01 4.747999999999999998e-01
1.772259700000000104e-01 4.406999999999999806e-01
1.789307400000000048e-01 4.939999999999999947e-01
1.952023599999999914e-01 3.901000000000000023e-01
3.823783900000000124e-01 4.905999999999999805e-01
2.563620999999999817e-01 5.407999999999999474e-01
1.947112599999999971e-01 4.552999999999999825e-01
1.996900500000000078e-01 4.534000000000000252e-01
3.424690699999999866e-01 5.113999999999999657e-01
2.867378800000000005e-01 4.758999999999999897e-01
4.020478200000000002e-01 5.255999999999999561e-01
3.038212399999999924e-01 5.016000000000000458e-01
2.298669100000000076e-01 4.178999999999999937e-01
3.556931400000000187e-01 4.835999999999999743e-01
2.286525299999999927e-01 4.632999999999999896e-01
1.594115399999999905e-01 4.588999999999999746e-01
5.129115199999999541e-01 5.288000000000000478e-01
2.960143000000000080e-01 4.873999999999999999e-01
2.113935799999999976e-01 4.545000000000000151e-01
2.257341399999999998e-01 4.531000000000000028e-01
2.265865099999999910e-01 5.470000000000000417e-01
1.522661800000000010e-01 4.136000000000000232e-01
1.977783399999999969e-01 4.244999999999999885e-01
2.453364299999999942e-01 4.184999999999999831e-01
2.528802800000000128e-01 4.516999999999999904e-01
2.350725499999999912e-01 4.303000000000000158e-01
1.369341699999999939e-01 4.062999999999999945e-01
2.458776599999999979e-01 4.425000000000000044e-01
1.836595299999999875e-01 4.526999999999999913e-01
2.523511600000000188e-01 4.445999999999999952e-01
2.243235899999999894e-01 4.361999999999999766e-01
2.599995199999999840e-01 4.825999999999999734e-01
2.878574500000000147e-01 4.632999999999999896e-01
3.308889300000000255e-01 5.023999999999999577e-01
2.764873400000000259e-01 4.848999999999999977e-01
2.385602099999999948e-01 4.808999999999999941e-01
2.740032900000000105e-01 4.490999999999999992e-01
2.243344600000000133e-01 4.616999999999999993e-01
2.275421400000000038e-01 4.456999999999999851e-01
2.627593899999999816e-01 4.404000000000000137e-01
1.765836100000000020e-01 4.617999999999999883e-01
2.014020099999999924e-01 4.840999999999999748e-01
2.886250499999999941e-01 4.413000000000000256e-01
3.980414400000000241e-01 5.072999999999999732e-01
1.889363199999999909e-01 4.627000000000000002e-01
3.015019099999999841e-01 4.502999999999999781e-01
2.654873899999999898e-01 4.151000000000000245e-01
1.908616599999999885e-01 4.279999999999999916e-01
2.624131299999999944e-01 4.415000000000000036e-01
3.771822899999999756e-01 4.839999999999999858e-01
3.406239099999999742e-01 4.808000000000000052e-01
3.718545699999999954e-01 4.711000000000000187e-01
2.032994399999999979e-01 4.763999999999999901e-01
2.295704500000000092e-01 4.632000000000000006e-01
2.077231700000000125e-01 4.167000000000000148e-01
3.618117000000000139e-01 4.697000000000000064e-01
3.466621100000000233e-01 5.316999999999999504e-01
2.129128799999999988e-01 4.304000000000000048e-01
1.982991299999999901e-01 4.093999999999999861e-01
3.058706700000000112e-01 4.787000000000000144e-01
1.479992199999999869e-01 4.258000000000000118e-01
1.923321699999999967e-01 4.682000000000000051e-01
2.429620100000000060e-01 4.203999999999999959e-01
1.671165199999999906e-01 4.550000000000000155e-01
2.406458900000000012e-01 4.102999999999999980e-01
1.690394500000000078e-01 4.172000000000000153e-01
2.352459100000000025e-01 4.393000000000000238e-01
1.827531300000000136e-01 4.250999999999999779e-01
1.925936699999999946e-01 3.764000000000000123e-01
2.493284199999999950e-01 4.681000000000000161e-01
2.645594000000000001e-01 4.590000000000000191e-01
1.758382699999999910e-01 4.172000000000000153e-01
2.152233500000000077e-01 4.124999999999999778e-01
2.848558299999999766e-01 4.660000000000000253e-01
1.827835899999999958e-01 4.036000000000000143e-01
1.743408499999999917e-01 4.283000000000000140e-01
2.422719100000000070e-01 4.667999999999999927e-01
2.109256999999999938e-01 4.247000000000000219e-01
1.827186799999999944e-01 4.457999999999999741e-01
1.873549599999999871e-01 5.214999999999999636e-01
1.834115099999999998e-01 4.334999999999999964e-01
2.033278199999999925e-01 4.502999999999999781e-01
1.857137899999999897e-01 4.550000000000000155e-01
1.793384500000000104e-01 4.554000000000000270e-01
3.239216999999999791e-01 4.460999999999999965e-01
3.641475800000000262e-01 4.995999999999999885e-01
2.015323400000000043e-01 4.879999999999999893e-01
1.939144899999999949e-01 4.529000000000000248e-01
2.158403499999999864e-01 4.718999999999999861e-01
2.520765799999999945e-01 4.546999999999999931e-01
2.849411199999999922e-01 4.567999999999999838e-01
1.983157399999999904e-01 4.507999999999999785e-01
2.991465300000000216e-01 4.729999999999999760e-01
1.493927300000000014e-01 4.335999999999999854e-01
1.828836399999999862e-01 4.153999999999999915e-01
3.246700299999999983e-01 4.630000000000000226e-01
1.917844300000000057e-01 4.194999999999999840e-01
2.448513099999999887e-01 4.611999999999999988e-01
1.687203800000000031e-01 5.118000000000000327e-01
2.995565299999999875e-01 5.227000000000000535e-01
1.475095899999999960e-01 4.314000000000000057e-01
3.098403399999999919e-01 4.228000000000000091e-01
4.005764299999999833e-01 5.112999999999999767e-01
2.651554899999999937e-01 4.635000000000000231e-01
2.324041500000000038e-01 4.430999999999999939e-01
2.123997999999999997e-01 4.526999999999999913e-01
2.154947700000000022e-01 4.292000000000000259e-01
1.867834899999999965e-01 4.129999999999999782e-01
2.180248999999999937e-01 4.373000000000000220e-01
2.267922500000000008e-01 4.506000000000000005e-01
1.742400600000000022e-01 3.770999999999999908e-01
2.252910399999999980e-01 4.577999999999999847e-01
1.947869999999999879e-01 4.264999999999999902e-01
3.312554999999999805e-01 4.591999999999999971e-01
2.722159399999999896e-01 4.617999999999999883e-01
3.933626499999999804e-01 4.469000000000000195e-01
2.125290499999999971e-01 4.581000000000000072e-01
2.626095199999999852e-01 4.666000000000000147e-01
2.034168899999999891e-01 4.662999999999999923e-01
3.226960500000000120e-01 4.535000000000000142e-01
2.027472499999999900e-01 4.868999999999999995e-01
7.043997800000000309e-01 5.341000000000000192e-01
2.303514799999999974e-01 4.712000000000000077e-01
2.404657400000000111e-01 4.371999999999999775e-01
2.747988499999999834e-01 4.385999999999999899e-01
2.121934099999999990e-01 4.339999999999999969e-01
2.115960699999999972e-01 4.420000000000000040e-01
2.322011499999999951e-01 5.351000000000000201e-01
1.470878999999999936e-01 3.951999999999999957e-01
2.508161999999999892e-01 4.348000000000000198e-01
1.989614199999999999e-01 4.218999999999999972e-01
2.353255499999999945e-01 4.154999999999999805e-01
2.585931799999999781e-01 4.334999999999999964e-01
1.665263499999999897e-01 4.712999999999999967e-01
2.282717599999999902e-01 4.550000000000000155e-01
1.908593799999999951e-01 4.229999999999999871e-01
1.945497700000000108e-01 4.678999999999999826e-01
2.115619699999999881e-01 4.203999999999999959e-01
1.604954399999999892e-01 4.289000000000000035e-01
2.806139599999999956e-01 4.686000000000000165e-01
2.947803900000000032e-01 4.882000000000000228e-01
2.528644199999999786e-01 4.714999999999999747e-01
1.549220600000000003e-01 4.491999999999999882e-01
3.973727499999999968e-01 4.912000000000000255e-01
1.945191599999999965e-01 4.249999999999999889e-01
1.956341199999999947e-01 3.957999999999999852e-01
1.597357399999999872e-01 4.274999999999999911e-01
2.129957799999999957e-01 4.645000000000000240e-01
2.795190900000000256e-01 4.751000000000000223e-01
1.670684500000000072e-01 4.303000000000000158e-01
3.070996500000000018e-01 4.989000000000000101e-01
2.955359399999999970e-01 5.021999999999999797e-01
2.226902900000000129e-01 4.228000000000000091e-01
1.859509599999999985e-01 4.118999999999999884e-01
3.119380900000000012e-01 4.960999999999999854e-01
2.059937400000000085e-01 5.251000000000000112e-01
2.095254000000000005e-01 4.502999999999999781e-01
2.773640700000000181e-01 4.526000000000000023e-01
3.687841099999999983e-01 4.954999999999999960e-01
2.952272400000000019e-01 4.415000000000000036e-01
1.700409099999999896e-01 4.238000000000000100e-01
3.120000499999999732e-01 5.026000000000000467e-01
1.873788399999999910e-01 4.294000000000000039e-01
1.618715799999999871e-01 4.339000000000000079e-01
2.133944700000000028e-01 4.064999999999999725e-01
2.328176299999999976e-01 4.852000000000000202e-01
2.644012199999999924e-01 4.666000000000000147e-01
1.962744899999999959e-01 4.177000000000000157e-01
1.829043900000000000e-01 3.871999999999999886e-01
2.644636499999999946e-01 5.044999999999999485e-01
2.489256300000000088e-01 4.489000000000000212e-01
2.332615000000000105e-01 4.435999999999999943e-01
2.226091799999999898e-01 4.702999999999999958e-01
2.400120599999999993e-01 4.575000000000000178e-01
6.009236799999999601e-01 4.985999999999999877e-01
2.118108200000000108e-01 4.621000000000000107e-01
1.986835399999999918e-01 4.781000000000000250e-01
3.651271999999999851e-01 4.960999999999999854e-01
2.576323999999999836e-01 4.258000000000000118e-01
1.840259399999999990e-01 4.047999999999999932e-01
2.069342999999999877e-01 4.480000000000000093e-01
3.191824300000000170e-01 4.601999999999999980e-01
2.577023199999999847e-01 5.182999999999999829e-01
2.151099700000000114e-01 3.966999999999999971e-01
1.531599399999999944e-01 4.138000000000000012e-01
1.857228200000000107e-01 4.722000000000000086e-01
2.376368899999999895e-01 4.228000000000000091e-01
1.964145700000000105e-01 4.566000000000000059e-01
2.134035599999999921e-01 4.373000000000000220e-01
2.444888400000000128e-01 4.243000000000000105e-01
1.420809000000000100e-01 5.080000000000000071e-01
2.751221600000000045e-01 4.149999999999999800e-01
2.452650500000000122e-01 4.711000000000000187e-01
2.122792300000000132e-01 4.376999999999999780e-01
2.058241399999999888e-01 4.504000000000000226e-01
1.724903200000000025e-01 4.447999999999999732e-01
2.462891700000000017e-01 4.863999999999999990e-01
1.871945799999999993e-01 4.361999999999999766e-01
2.050725700000000096e-01 4.375999999999999890e-01
2.057290700000000139e-01 4.490000000000000102e-01
2.967542699999999867e-01 4.219999999999999862e-01
2.650627099999999792e-01 4.480999999999999983e-01
1.587559699999999963e-01 4.031000000000000139e-01
4.607900799999999908e-01 5.103999999999999648e-01
1.967327000000000103e-01 3.972999999999999865e-01
2.183229799999999998e-01 4.687999999999999945e-01
3.883145499999999806e-01 5.190000000000000169e-01
3.689155199999999968e-01 5.173999999999999710e-01
1.954333799999999899e-01 3.976999999999999980e-01
2.012328100000000120e-01 4.413000000000000256e-01
2.349648799999999871e-01 4.640000000000000235e-01
1.829313399999999978e-01 4.618999999999999773e-01
2.598883399999999955e-01 4.721000000000000196e-01
3.557724400000000231e-01 4.581999999999999962e-01
2.578073699999999802e-01 4.439000000000000168e-01
3.636369600000000091e-01 4.913000000000000145e-01
1.866485800000000084e-01 5.073999999999999622e-01
1.835910099999999989e-01 4.404000000000000137e-01
2.822415699999999972e-01 5.060999999999999943e-01
3.486700300000000197e-01 4.485000000000000098e-01
2.132850699999999933e-01 3.840999999999999970e-01
3.172033799999999792e-01 4.682999999999999940e-01
2.269135100000000127e-01 4.702000000000000068e-01
1.682687099999999880e-01 3.856999999999999873e-01
2.590065400000000073e-01 4.540000000000000147e-01
3.315428000000000264e-01 4.838999999999999968e-01
1.907959100000000130e-01 4.269999999999999907e-01
1.668528999999999984e-01 4.545000000000000151e-01
2.727993599999999907e-01 4.758000000000000007e-01
3.242729699999999937e-01 4.979999999999999982e-01
3.295459399999999817e-01 4.799999999999999822e-01
1.525916999999999968e-01 4.092999999999999972e-01
3.443226400000000131e-01 5.292999999999999927e-01
2.485386699999999893e-01 4.366999999999999771e-01
1.604020700000000077e-01 4.434000000000000163e-01
2.190509200000000101e-01 4.338000000000000189e-01
1.865222300000000111e-01 3.995000000000000218e-01
1.821677700000000066e-01 4.239999999999999880e-01
5.840549200000000329e-01 5.098000000000000309e-01
3.015402600000000044e-01 4.754999999999999782e-01
1.797362100000000074e-01 4.184999999999999831e-01
5.253552200000000116e-01 5.262000000000000011e-01
3.132089599999999807e-01 4.616000000000000103e-01
1.460629200000000127e-01 4.782000000000000139e-01
2.157710700000000092e-01 4.742000000000000104e-01
2.971080999999999861e-01 4.990999999999999881e-01
2.292612499999999998e-01 4.158999999999999919e-01
1.861188699999999918e-01 4.389000000000000123e-01
3.473862400000000128e-01 4.754999999999999782e-01
1.755440299999999898e-01 4.590000000000000191e-01
2.147755799999999937e-01 4.452999999999999736e-01
2.746713700000000258e-01 5.050999999999999934e-01
1.845983099999999877e-01 4.018999999999999795e-01
1.664493499999999959e-01 4.128000000000000003e-01
3.371909900000000238e-01 4.369999999999999996e-01
2.004142800000000002e-01 4.446999999999999842e-01
2.619845100000000038e-01 4.258000000000000118e-01
2.266578200000000098e-01 4.263000000000000123e-01
2.167776399999999937e-01 3.890000000000000124e-01
2.880992399999999787e-01 5.131000000000000005e-01
2.648629399999999912e-01 4.334999999999999964e-01
1.920524200000000015e-01 4.580000000000000182e-01
2.230018000000000000e-01 4.154999999999999805e-01
2.398416499999999896e-01 4.470000000000000084e-01
2.689413399999999732e-01 4.616000000000000103e-01
3.042995900000000087e-01 4.464000000000000190e-01
1.763512100000000082e-01 4.198999999999999955e-01
2.229784999999999962e-01 4.062000000000000055e-01
1.734968699999999975e-01 3.855999999999999983e-01
1.725843599999999922e-01 4.566999999999999948e-01
2.185481700000000138e-01 4.773000000000000020e-01
1.713281200000000004e-01 4.030000000000000249e-01
2.165350699999999962e-01 4.613999999999999768e-01
1.965186999999999906e-01 5.190000000000000169e-01
2.638143199999999911e-01 4.431999999999999829e-01
3.155545100000000103e-01 4.652999999999999914e-01
2.064949799999999946e-01 4.370999999999999885e-01
1.872994000000000048e-01 4.060000000000000275e-01
1.993744400000000139e-01 4.489000000000000212e-01
2.134390899999999980e-01 4.409000000000000141e-01
2.694368400000000108e-01 4.607999999999999874e-01
2.770080799999999899e-01 4.601000000000000090e-01
3.918602800000000053e-01 5.080999999999999961e-01
2.553670399999999896e-01 4.811000000000000276e-01
3.433718199999999943e-01 5.500000000000000444e-01
2.418139300000000103e-01 4.561000000000000054e-01
2.273732599999999937e-01 4.339999999999999969e-01
1.994400500000000076e-01 3.978999999999999759e-01
2.308743199999999940e-01 5.170000000000000151e-01
2.324708799999999909e-01 4.328000000000000180e-01
2.411509199999999908e-01 4.203999999999999959e-01
3.522429100000000202e-01 4.688999999999999835e-01
1.496895699999999940e-01 3.942999999999999838e-01
1.738577400000000106e-01 4.319999999999999951e-01
2.085700299999999896e-01 4.495999999999999996e-01
2.444545200000000085e-01 4.995999999999999885e-01
1.992040099999999869e-01 4.240999999999999770e-01
2.832946700000000262e-01 4.643999999999999795e-01
3.004039000000000015e-01 4.555000000000000160e-01
2.380773399999999984e-01 5.149000000000000243e-01
2.265007699999999902e-01 4.433000000000000274e-01
2.293887900000000091e-01 4.048999999999999821e-01
2.430080400000000085e-01 4.434000000000000163e-01
2.725076699999999796e-01 4.439000000000000168e-01
2.159996200000000033e-01 4.593999999999999750e-01
2.426978899999999995e-01 4.228999999999999981e-01
2.220589000000000035e-01 4.390000000000000013e-01
1.508439299999999872e-01 4.350999999999999868e-01
2.720446999999999727e-01 4.697000000000000064e-01
2.516741399999999906e-01 4.481999999999999873e-01
1.714629400000000081e-01 4.182000000000000162e-01
1.866957300000000042e-01 4.218999999999999972e-01
2.409803899999999888e-01 4.804999999999999827e-01
1.628018499999999980e-01 4.254999999999999893e-01
3.314580999999999777e-01 4.521999999999999909e-01
1.599616700000000002e-01 3.951000000000000068e-01
3.694177299999999997e-01 4.978000000000000203e-01
2.965761900000000173e-01 4.514000000000000234e-01
2.479001500000000136e-01 5.060000000000000053e-01
2.213260400000000017e-01 4.400000000000000022e-01
1.806232299999999957e-01 4.409000000000000141e-01
2.640157200000000093e-01 4.732000000000000095e-01
3.093456600000000223e-01 5.118000000000000327e-01
2.170888300000000104e-01 4.354999999999999982e-01
2.039804000000000062e-01 5.082999999999999741e-01
2.414008300000000107e-01 4.220999999999999752e-01
2.780132300000000001e-01 5.037000000000000366e-01
1.886938999999999977e-01 4.536999999999999922e-01
2.353284200000000104e-01 4.499000000000000221e-01
3.141907700000000081e-01 4.375000000000000000e-01
2.277422000000000057e-01 4.562999999999999834e-01
2.351658000000000082e-01 4.521000000000000019e-01
2.383630399999999983e-01 4.425000000000000044e-01
2.464542399999999911e-01 4.687000000000000055e-01
2.300799000000000039e-01 4.729999999999999760e-01
1.995855400000000057e-01 4.449000000000000177e-01
2.508979700000000257e-01 5.153999999999999693e-01
2.757560700000000198e-01 4.319000000000000061e-01
2.884305899999999867e-01 4.677999999999999936e-01
1.971788399999999941e-01 3.886999999999999900e-01
2.227982000000000018e-01 5.014999999999999458e-01
3.200956600000000041e-01 4.462999999999999745e-01
3.366479199999999894e-01 5.130000000000000115e-01
2.424350200000000011e-01 4.561000000000000054e-01
4.490377700000000027e-01 5.098000000000000309e-01
2.300492899999999896e-01 4.489000000000000212e-01
2.458511100000000116e-01 4.607999999999999874e-01
3.019803400000000138e-01 4.652000000000000024e-01
3.371508999999999756e-01 5.238000000000000433e-01
2.298301000000000094e-01 4.455000000000000071e-01
3.445378299999999894e-01 4.966999999999999749e-01
2.405686300000000055e-01 4.223000000000000087e-01
3.062273799999999935e-01 4.890999999999999792e-01
2.810890099999999725e-01 4.941999999999999726e-01
1.607148800000000044e-01 4.516999999999999904e-01
2.479390099999999875e-01 4.565000000000000169e-01
1.732851900000000056e-01 4.064999999999999725e-01
1.908786899999999898e-01 4.192000000000000171e-01
2.826670700000000203e-01 4.723999999999999866e-01
1.736735199999999979e-01 4.433000000000000274e-01
1.752587800000000029e-01 4.025000000000000244e-01
2.555870399999999876e-01 4.224999999999999867e-01
2.891748499999999833e-01 4.409000000000000141e-01
4.738450399999999951e-01 5.288000000000000478e-01
3.654438199999999748e-01 4.873000000000000109e-01
1.934317999999999871e-01 4.527999999999999803e-01
2.576236199999999976e-01 4.890999999999999792e-01
2.565760200000000157e-01 5.016000000000000458e-01
2.463402899999999895e-01 4.460999999999999965e-01
1.883112999999999870e-01 4.351999999999999758e-01
1.805598999999999954e-01 5.006000000000000449e-01
2.205143900000000046e-01 4.462999999999999745e-01
2.289792599999999900e-01 4.249999999999999889e-01
2.545054600000000167e-01 4.477999999999999758e-01
1.751428800000000008e-01 4.243999999999999995e-01
1.901346399999999937e-01 4.051000000000000156e-01
2.269280999999999937e-01 4.833000000000000074e-01
2.130471200000000065e-01 4.349999999999999978e-01
2.110485300000000120e-01 4.495999999999999996e-01
2.750401900000000177e-01 5.098000000000000309e-01
2.114847300000000097e-01 4.593999999999999750e-01
2.221224699999999885e-01 4.556000000000000050e-01
1.720832099999999865e-01 4.166000000000000258e-01
2.311723400000000039e-01 4.786000000000000254e-01
1.988281299999999918e-01 4.408000000000000251e-01
1.897093900000000055e-01 4.207000000000000184e-01
2.574531400000000247e-01 5.172999999999999821e-01
1.626344899999999927e-01 4.212000000000000188e-01
3.931546699999999839e-01 5.181999999999999940e-01
1.976111000000000117e-01 4.364999999999999991e-01
1.947493600000000102e-01 4.250999999999999779e-01
2.781786600000000220e-01 4.883000000000000118e-01
1.821645600000000031e-01 4.173999999999999932e-01
2.993375600000000025e-01 4.925999999999999823e-01
2.305321499999999912e-01 4.142000000000000126e-01
3.078160699999999972e-01 4.941999999999999726e-01
3.906539399999999773e-01 4.974000000000000088e-01
2.207136600000000060e-01 4.282000000000000250e-01
2.191393799999999947e-01 4.243000000000000105e-01
2.109829400000000077e-01 4.153999999999999915e-01
1.581085799999999986e-01 4.303000000000000158e-01
2.258346400000000032e-01 4.504000000000000226e-01
2.055912500000000032e-01 3.955000000000000182e-01
2.552405899999999894e-01 4.302000000000000268e-01
1.755266500000000063e-01 3.881999999999999895e-01
2.653029499999999818e-01 4.547999999999999821e-01
2.679388200000000220e-01 5.281000000000000139e-01
2.170029800000000120e-01 4.537999999999999812e-01
1.739381100000000069e-01 4.496999999999999886e-01
2.603080700000000025e-01 5.228000000000000425e-01
2.078071599999999908e-01 4.534000000000000252e-01
3.607743999999999951e-01 5.201999999999999957e-01
3.425849799999999834e-01 4.716000000000000192e-01
1.903274000000000077e-01 4.102000000000000091e-01
2.723384500000000097e-01 5.046000000000000485e-01
2.002022999999999997e-01 4.260999999999999788e-01
1.943595899999999987e-01 4.143999999999999906e-01
2.159591600000000111e-01 4.657999999999999918e-01
2.859831500000000193e-01 4.554000000000000270e-01
4.272708299999999904e-01 5.142999999999999794e-01
1.625600299999999943e-01 4.107000000000000095e-01
2.857314499999999979e-01 4.799999999999999822e-01
2.637370600000000231e-01 4.613999999999999768e-01
2.606627100000000197e-01 5.248000000000000442e-01
1.453472299999999939e-01 4.022000000000000020e-01
1.767412899999999953e-01 4.324999999999999956e-01
2.929057299999999753e-01 4.489000000000000212e-01
1.657922400000000074e-01 4.072999999999999954e-01
2.207158999999999927e-01 4.351999999999999758e-01
3.938057200000000257e-01 4.590000000000000191e-01
2.523321199999999931e-01 4.630000000000000226e-01
1.855905300000000036e-01 4.043999999999999817e-01
1.468814200000000125e-01 4.028999999999999804e-01
2.472441700000000131e-01 4.532999999999999807e-01
2.317065100000000044e-01 4.641000000000000125e-01
2.020042300000000068e-01 4.040000000000000258e-01
1.943276399999999959e-01 4.511000000000000010e-01
1.847073899999999991e-01 4.409000000000000141e-01
1.969606999999999886e-01 4.293000000000000149e-01
2.888506499999999866e-01 4.462999999999999745e-01
2.269649300000000092e-01 4.544000000000000261e-01
2.371254600000000101e-01 4.370999999999999885e-01
2.392540800000000079e-01 4.425999999999999934e-01
2.618949600000000100e-01 4.939999999999999947e-01
3.643319099999999811e-01 5.026000000000000467e-01
1.657194700000000076e-01 4.460000000000000075e-01
2.038690700000000133e-01 4.157000000000000139e-01
2.610607200000000239e-01 4.607999999999999874e-01
2.531377200000000105e-01 4.709999999999999742e-01
3.924776099999999768e-01 4.885999999999999788e-01
2.092442700000000100e-01 4.450999999999999956e-01
5.227666499999999994e-01 5.450000000000000400e-01
2.698964099999999755e-01 4.546000000000000041e-01
2.828389000000000042e-01 4.964000000000000079e-01
2.984308500000000253e-01 5.101999999999999869e-01
1.869249199999999944e-01 4.079999999999999738e-01
2.617920499999999984e-01 4.303000000000000158e-01
3.735609699999999922e-01 4.529000000000000248e-01
2.932263900000000034e-01 4.949000000000000066e-01
1.808858999999999884e-01 4.181000000000000272e-01
3.666188400000000014e-01 4.663999999999999813e-01
3.392073400000000238e-01 4.738999999999999879e-01
1.735456999999999972e-01 4.869999999999999885e-01
3.036315800000000120e-01 4.779999999999999805e-01
1.872502900000000137e-01 4.038999999999999813e-01
2.422777100000000072e-01 4.426999999999999824e-01
2.702328500000000244e-01 5.043999999999999595e-01
1.861448099999999939e-01 4.495000000000000107e-01
2.101377399999999895e-01 4.113999999999999879e-01
1.992044000000000037e-01 4.321999999999999731e-01
1.835732599999999881e-01 4.035000000000000253e-01
1.672614199999999940e-01 4.200999999999999734e-01
1.926436499999999996e-01 4.582999999999999852e-01
3.118904399999999910e-01 4.937000000000000277e-01
2.932000699999999793e-01 4.662000000000000033e-01
2.050793700000000108e-01 4.338000000000000189e-01
1.542791699999999933e-01 4.058999999999999830e-01
2.845745900000000161e-01 4.341999999999999749e-01
1.966215600000000008e-01 4.809999999999999831e-01
2.682592899999999836e-01 4.440999999999999948e-01
1.514134000000000035e-01 4.487999999999999767e-01
2.851844599999999730e-01 4.728999999999999870e-01
4.803166500000000116e-01 5.396999999999999575e-01
2.273513199999999956e-01 4.673999999999999821e-01
2.543598000000000248e-01 4.964000000000000079e-01
1.827397600000000011e-01 4.127000000000000113e-01
2.134020399999999873e-01 3.735999999999999877e-01
3.560340399999999961e-01 5.160000000000000142e-01
2.743668599999999902e-01 4.264999999999999902e-01
2.351447700000000030e-01 4.176000000000000267e-01
2.770944399999999974e-01 4.893000000000000127e-01
2.357747699999999946e-01 4.825999999999999734e-01
2.405098599999999920e-01 4.566000000000000059e-01
3.375326000000000159e-01 4.853000000000000091e-01
3.093149900000000119e-01 4.364000000000000101e-01
2.592717099999999886e-01 4.682000000000000051e-01
2.132573700000000017e-01 4.814999999999999836e-01
2.278096500000000024e-01 4.884999999999999898e-01
2.575095099999999970e-01 4.852000000000000202e-01
4.012463499999999739e-01 5.147000000000000464e-01
2.871860600000000208e-01 4.827000000000000179e-01
3.890564200000000139e-01 5.161000000000000032e-01
3.228251799999999894e-01 5.102999999999999758e-01
1.983657500000000073e-01 4.101000000000000201e-01
3.394436200000000015e-01 4.898000000000000131e-01
2.355679499999999982e-01 4.631000000000000116e-01
2.255199699999999863e-01 4.689999999999999725e-01
2.163279800000000030e-01 4.546999999999999931e-01
1.834761299999999873e-01 5.442000000000000171e-01
2.332870400000000011e-01 5.607999999999999652e-01
2.087131299999999967e-01 3.998999999999999777e-01
2.200849099999999947e-01 4.794999999999999818e-01
2.986528500000000252e-01 4.616000000000000103e-01
2.008577599999999963e-01 4.174999999999999822e-01
2.623618999999999812e-01 4.707999999999999963e-01
5.295815699999999460e-01 5.155999999999999472e-01
1.424741700000000111e-01 4.292000000000000259e-01
1.845504199999999928e-01 4.203000000000000069e-01
1.994022799999999873e-01 4.264000000000000012e-01
1.784883499999999901e-01 4.340999999999999859e-01
1.738686600000000082e-01 4.350999999999999868e-01
2.164640300000000017e-01 4.376999999999999780e-01
2.546115500000000198e-01 4.645000000000000240e-01
2.672880999999999729e-01 4.465999999999999970e-01
2.978948399999999941e-01 5.336999999999999522e-01
1.657768299999999861e-01 4.213000000000000078e-01
1.644536600000000015e-01 4.394000000000000128e-01
2.333909700000000031e-01 5.161000000000000032e-01
3.859399199999999919e-01 5.334999999999999742e-01
1.909407700000000097e-01 4.395999999999999908e-01
1.952975499999999864e-01 4.359999999999999987e-01
2.565917699999999968e-01 4.658999999999999808e-01
3.856086400000000025e-01 5.178000000000000380e-01
3.277059800000000078e-01 4.677000000000000046e-01
1.799367799999999906e-01 4.477999999999999758e-01
1.945660999999999918e-01 4.143999999999999906e-01
2.386457200000000056e-01 4.909999999999999920e-01
3.048755100000000162e-01 4.798999999999999932e-01
8.959054699999999816e-01 5.463999999999999968e-01
1.783645600000000053e-01 4.325999999999999845e-01
1.997133199999999997e-01 4.460000000000000075e-01
2.844681199999999910e-01 4.813000000000000056e-01
1.426892499999999897e-01 4.303000000000000158e-01
2.772434100000000234e-01 5.014999999999999458e-01
1.578072799999999942e-01 4.329000000000000070e-01
2.378547599999999984e-01 4.672999999999999932e-01
2.077530900000000014e-01 4.573999999999999733e-01
2.125007499999999883e-01 4.924999999999999933e-01
1.782847300000000024e-01 4.292000000000000259e-01
2.250938299999999948e-01 4.510000000000000120e-01
2.545800999999999759e-01 4.343000000000000194e-01
2.976605800000000079e-01 4.762000000000000122e-01
2.165084100000000122e-01 4.702999999999999958e-01
2.077155099999999921e-01 4.670000000000000262e-01
2.603684399999999788e-01 4.550000000000000155e-01
1.845982200000000073e-01 4.778999999999999915e-01
1.984326399999999935e-01 4.097999999999999976e-01
2.250076900000000102e-01 4.919000000000000039e-01
2.281435199999999885e-01 4.573999999999999733e-01
2.275745299999999971e-01 5.252000000000000002e-01
1.819497300000000040e-01 4.801000000000000267e-01
2.111383900000000091e-01 4.539000000000000257e-01
2.556020099999999906e-01 5.140000000000000124e-01
2.199436399999999958e-01 4.512999999999999790e-01
6.043210399999999760e-01 5.142999999999999794e-01
2.693824100000000166e-01 4.532999999999999807e-01
3.071762199999999998e-01 4.490999999999999992e-01
2.572206100000000162e-01 4.374000000000000110e-01
2.157051000000000107e-01 4.079999999999999738e-01
2.907174399999999936e-01 4.737000000000000099e-01
3.340008500000000158e-01 4.919000000000000039e-01
2.288942700000000108e-01 4.884999999999999898e-01
2.254503399999999991e-01 4.675000000000000266e-01
2.730580899999999756e-01 4.297000000000000264e-01
2.229769100000000004e-01 4.459000000000000186e-01
2.747956200000000182e-01 4.789999999999999813e-01
2.068421400000000077e-01 4.102000000000000091e-01
2.126639999999999919e-01 4.228000000000000091e-01
2.201561400000000002e-01 4.889999999999999902e-01
2.101617199999999963e-01 5.122999999999999776e-01
1.788311800000000062e-01 4.057000000000000051e-01
2.037556699999999998e-01 4.647000000000000020e-01
2.740596599999999827e-01 4.582999999999999852e-01
3.808936800000000122e-01 4.870999999999999774e-01
2.264634299999999933e-01 4.430999999999999939e-01
2.328428499999999901e-01 4.719999999999999751e-01
2.450708600000000015e-01 4.786000000000000254e-01
2.169939800000000030e-01 4.344000000000000083e-01
2.785014499999999837e-01 4.343000000000000194e-01
2.754347100000000270e-01 4.833000000000000074e-01
2.973471300000000150e-01 4.526999999999999913e-01
2.611132700000000084e-01 4.381999999999999784e-01
2.125579599999999902e-01 4.245999999999999774e-01
2.245288300000000126e-01 4.364000000000000101e-01
2.251925300000000019e-01 4.393000000000000238e-01
2.545623499999999928e-01 4.694999999999999729e-01
1.920182400000000067e-01 4.047000000000000042e-01
2.791169399999999801e-01 4.505000000000000115e-01
2.379411600000000127e-01 4.884999999999999898e-01
2.254516400000000087e-01 4.842000000000000193e-01
2.393906100000000037e-01 5.228000000000000425e-01
2.180957699999999944e-01 4.565000000000000169e-01
1.686686500000000033e-01 3.931000000000000050e-01
2.187033800000000028e-01 4.299000000000000044e-01
2.188062400000000129e-01 5.157000000000000473e-01
2.804358800000000262e-01 4.549000000000000266e-01
1.774303499999999867e-01 3.987999999999999878e-01
2.692034500000000108e-01 4.514000000000000234e-01
2.535940099999999808e-01 4.781000000000000250e-01
3.721377000000000157e-01 4.773000000000000020e-01
2.167463799999999885e-01 4.847000000000000197e-01
2.427368099999999973e-01 4.254999999999999893e-01
3.027590000000000003e-01 4.647999999999999909e-01
2.355302800000000085e-01 4.828999999999999959e-01
2.162832100000000035e-01 5.101999999999999869e-01
1.650410700000000119e-01 4.415999999999999925e-01
1.555126000000000008e-01 3.541000000000000258e-01
1.996898500000000021e-01 4.611000000000000099e-01
3.190752800000000167e-01 4.959999999999999964e-01
2.689037300000000075e-01 5.363999999999999879e-01
2.351061100000000070e-01 3.920000000000000151e-01
1.970379200000000053e-01 4.627000000000000002e-01
2.220663700000000129e-01 4.698999999999999844e-01
3.801977000000000273e-01 5.094999999999999529e-01
1.603619000000000017e-01 4.346999999999999753e-01
2.491195400000000004e-01 4.248000000000000109e-01
2.263725199999999937e-01 4.238000000000000100e-01
1.835181899999999977e-01 4.278000000000000136e-01
2.871844100000000011e-01 4.706000000000000183e-01
1.432482700000000109e-01 4.052999999999999936e-01
2.111408600000000135e-01 4.914000000000000035e-01
1.272650600000000132e-01 3.874000000000000221e-01
2.035940699999999881e-01 4.384000000000000119e-01
2.918694499999999747e-01 5.060999999999999943e-01
1.803836799999999907e-01 4.350999999999999868e-01
1.909352599999999955e-01 4.143999999999999906e-01
6.889054900000000092e-01 5.143999999999999684e-01
2.199020200000000036e-01 4.339999999999999969e-01
1.780254099999999950e-01 4.349000000000000088e-01
2.226547899999999913e-01 4.389000000000000123e-01
3.207358399999999943e-01 5.040999999999999925e-01
1.608610099999999987e-01 4.037000000000000033e-01
2.445379900000000106e-01 4.501000000000000001e-01
2.163830499999999935e-01 4.189999999999999836e-01
2.108489799999999914e-01 4.277000000000000246e-01
2.245960999999999930e-01 4.566999999999999948e-01
3.703733900000000245e-01 5.439000000000000501e-01
2.396899500000000127e-01 4.389000000000000123e-01
5.184806800000000271e-01 5.151999999999999913e-01
2.555996099999999771e-01 4.535000000000000142e-01
2.325532700000000064e-01 4.304999999999999938e-01
4.978461200000000031e-01 5.321000000000000174e-01
4.299840799999999907e-01 5.284999999999999698e-01
2.210426600000000019e-01 4.524000000000000243e-01
3.665172099999999822e-01 4.870999999999999774e-01
1.390660999999999980e-01 4.112000000000000099e-01
2.517262200000000005e-01 4.802000000000000157e-01
1.933946699999999908e-01 4.428000000000000269e-01
2.532550399999999868e-01 4.469000000000000195e-01
2.354884800000000000e-01 4.945999999999999841e-01
1.675109700000000090e-01 4.072999999999999954e-01
2.075222399999999967e-01 4.134999999999999787e-01
2.749244200000000027e-01 4.117999999999999994e-01
1.910141599999999884e-01 4.349000000000000088e-01
2.723643199999999931e-01 4.531999999999999917e-01
2.863965800000000117e-01 4.791000000000000258e-01
3.151098900000000036e-01 4.904000000000000026e-01
1.759792099999999970e-01 4.927000000000000268e-01
1.848563199999999906e-01 4.181000000000000272e-01
1.814099600000000090e-01 4.288000000000000145e-01
3.335090700000000186e-01 4.946999999999999731e-01
1.571505199999999880e-01 4.252000000000000224e-01
4.705042500000000127e-01 4.626000000000000112e-01
2.328701300000000085e-01 4.163999999999999924e-01
2.457320199999999955e-01 4.702999999999999958e-01
4.139175999999999966e-01 5.096000000000000529e-01
1.646599400000000046e-01 4.192000000000000171e-01
2.618732899999999808e-01 4.895999999999999797e-01
1.998941399999999979e-01 4.803000000000000047e-01
1.897062599999999877e-01 4.238999999999999990e-01
1.657207199999999880e-01 4.021000000000000130e-01
1.851913299999999873e-01 4.549000000000000266e-01
1.939207000000000014e-01 4.186000000000000276e-01
4.523947300000000227e-01 4.838999999999999968e-01
2.790881900000000138e-01 5.086000000000000520e-01
1.665023599999999881e-01 4.262000000000000233e-01
4.904176900000000172e-01 5.123999999999999666e-01
1.352942099999999981e-01 4.384000000000000119e-01
1.621908499999999975e-01 4.235999999999999766e-01
1.965066099999999982e-01 3.894000000000000239e-01
2.982559300000000024e-01 4.691000000000000170e-01
2.279083299999999923e-01 5.028000000000000247e-01
2.555587599999999959e-01 4.945999999999999841e-01
2.808286799999999972e-01 4.561000000000000054e-01
2.998601000000000183e-01 4.820999999999999730e-01
2.345597199999999993e-01 4.671000000000000152e-01
2.100104100000000085e-01 4.163000000000000034e-01
2.358610100000000098e-01 5.090000000000000080e-01
2.251019499999999951e-01 4.078999999999999848e-01
2.201181299999999952e-01 4.116000000000000214e-01
2.097381399999999896e-01 4.739999999999999769e-01
2.593133000000000243e-01 5.098000000000000309e-01
2.950677700000000070e-01 4.676000000000000156e-01
2.971633900000000272e-01 4.499000000000000221e-01
2.129576099999999916e-01 4.576999999999999957e-01
3.938812700000000055e-01 4.877000000000000224e-01
2.729975499999999777e-01 4.640000000000000235e-01
2.380612000000000006e-01 5.419000000000000483e-01
2.236516000000000060e-01 4.461999999999999855e-01
2.048550199999999988e-01 4.188000000000000056e-01
2.840588800000000136e-01 4.787000000000000144e-01
2.225621499999999864e-01 4.365999999999999881e-01
2.277923199999999926e-01 4.858000000000000096e-01
2.102388500000000049e-01 4.320999999999999841e-01
2.259541999999999939e-01 4.369000000000000106e-01
2.501511000000000151e-01 4.873000000000000109e-01
3.377057199999999870e-01 4.989000000000000101e-01
2.343918100000000060e-01 4.320999999999999841e-01
2.216114899999999943e-01 4.561999999999999944e-01
1.839051399999999947e-01 4.529000000000000248e-01
2.718455100000000124e-01 4.782000000000000139e-01
2.507879199999999975e-01 4.492999999999999772e-01
2.994992499999999946e-01 4.350999999999999868e-01
1.868594399999999878e-01 4.400000000000000022e-01
6.355281999999999876e-01 5.224999999999999645e-01
1.903164300000000086e-01 4.379000000000000115e-01
2.135939000000000032e-01 4.566999999999999948e-01
5.642004900000000545e-01 5.255999999999999561e-01
2.407786600000000055e-01 5.040000000000000036e-01
2.568676999999999766e-01 4.374000000000000110e-01
3.979526800000000031e-01 5.151000000000000023e-01
2.794328400000000157e-01 4.597999999999999865e-01
3.903236600000000167e-01 5.311000000000000165e-01
2.308011000000000090e-01 4.390000000000000013e-01
2.376165199999999977e-01 4.945999999999999841e-01
2.513049199999999872e-01 4.429000000000000159e-01
1.824013899999999966e-01 4.375999999999999890e-01
3.252231600000000111e-01 4.808999999999999941e-01
2.135541999999999996e-01 4.793999999999999928e-01
1.997096800000000005e-01 4.718999999999999861e-01
1.572110800000000030e-01 4.726000000000000201e-01
2.820110599999999801e-01 4.567999999999999838e-01
3.369352099999999850e-01 4.859999999999999876e-01
2.346545200000000053e-01 4.459000000000000186e-01
2.285240799999999906e-01 4.940999999999999837e-01
1.631100600000000012e-01 3.950000000000000178e-01
3.290625099999999748e-01 4.576000000000000068e-01
2.077413200000000071e-01 4.732000000000000095e-01
1.794926400000000088e-01 4.806000000000000272e-01
1.700992199999999954e-01 4.430000000000000049e-01
2.283129100000000078e-01 4.593999999999999750e-01
1.850993300000000064e-01 4.282000000000000250e-01
2.144069399999999903e-01 4.331999999999999740e-01
2.577239399999999847e-01 4.376999999999999780e-01
3.104157000000000166e-01 5.158000000000000362e-01
2.501039700000000088e-01 4.371999999999999775e-01
2.567867899999999870e-01 4.454000000000000181e-01
2.792502599999999724e-01 5.052999999999999714e-01
2.150219200000000053e-01 4.623999999999999777e-01
2.223545100000000052e-01 4.662999999999999923e-01
3.637483499999999981e-01 5.125999999999999446e-01
2.348511699999999980e-01 4.349999999999999978e-01
2.366294300000000017e-01 4.593999999999999750e-01
1.729092600000000091e-01 4.369999999999999996e-01
2.408977999999999953e-01 4.364999999999999991e-01
1.601883799999999913e-01 4.088999999999999857e-01
2.932613600000000265e-01 4.647000000000000020e-01
1.874930700000000117e-01 4.747000000000000108e-01
2.210566300000000040e-01 4.456999999999999851e-01
2.164181699999999930e-01 4.385999999999999899e-01
2.467016599999999893e-01 4.374000000000000110e-01
1.922771699999999973e-01 4.464000000000000190e-01
2.127862100000000034e-01 4.630000000000000226e-01
2.192140900000000003e-01 4.445999999999999952e-01
1.863252900000000045e-01 4.102000000000000091e-01
2.322532099999999877e-01 4.531000000000000028e-01
2.426800199999999963e-01 4.340999999999999859e-01
2.176459099999999980e-01 4.440999999999999948e-01
1.944372099999999992e-01 4.339000000000000079e-01
1.882987399999999922e-01 4.365999999999999881e-01
1.860051000000000065e-01 3.946999999999999953e-01
2.327840700000000096e-01 4.354999999999999982e-01
2.847136800000000245e-01 5.316999999999999504e-01
2.300885000000000014e-01 5.000999999999999890e-01
2.306343799999999999e-01 4.734999999999999765e-01
2.314703100000000124e-01 4.546999999999999931e-01
2.057097099999999901e-01 4.586999999999999966e-01
3.512522499999999881e-01 4.803000000000000047e-01
1.940774999999999861e-01 4.722999999999999976e-01
3.073701999999999823e-01 4.623999999999999777e-01
2.829008499999999815e-01 4.809999999999999831e-01
2.629205700000000201e-01 4.247000000000000219e-01
3.239864000000000077e-01 4.650000000000000244e-01
2.984876200000000090e-01 4.462999999999999745e-01
1.735509799999999936e-01 4.255999999999999783e-01
4.052044599999999885e-01 5.181000000000000050e-01
3.711611200000000110e-01 5.482000000000000206e-01
2.520554199999999745e-01 5.211999999999999966e-01
2.040965100000000088e-01 4.118999999999999884e-01
2.000355299999999892e-01 4.339999999999999969e-01
2.436592800000000059e-01 4.621000000000000107e-01
3.949732200000000137e-01 5.100999999999999979e-01
1.963921499999999876e-01 4.102000000000000091e-01
2.343424199999999957e-01 4.753000000000000003e-01
2.428893799999999881e-01 4.515000000000000124e-01
1.951575799999999972e-01 4.447999999999999732e-01
2.245042499999999885e-01 4.546999999999999931e-01
2.097657400000000061e-01 4.400000000000000022e-01
1.941932399999999892e-01 4.304999999999999938e-01
5.898727400000000065e-01 5.372999999999999998e-01
2.069593200000000022e-01 4.522999999999999798e-01
2.203805500000000084e-01 4.117999999999999994e-01
2.158680400000000110e-01 3.943999999999999728e-01
2.335648200000000063e-01 4.399000000000000132e-01
2.171742799999999973e-01 4.945999999999999841e-01
1.962748300000000112e-01 4.031000000000000139e-01
2.363247699999999896e-01 4.424000000000000155e-01
1.667185200000000089e-01 3.915000000000000147e-01
2.150689600000000035e-01 5.129000000000000226e-01
2.672365800000000013e-01 4.559000000000000274e-01
2.010606100000000007e-01 4.531000000000000028e-01
2.902141999999999777e-01 4.914000000000000035e-01
1.881387099999999868e-01 4.360999999999999877e-01
1.606828200000000040e-01 4.017999999999999905e-01
1.744060900000000136e-01 3.901999999999999913e-01
2.389483599999999985e-01 4.442999999999999727e-01
2.789566299999999832e-01 4.677000000000000046e-01
1.392495400000000050e-01 4.295999999999999819e-01
2.698722299999999907e-01 5.057000000000000384e-01
2.762001499999999776e-01 4.499000000000000221e-01
2.658991299999999836e-01 4.748999999999999888e-01
4.862172300000000003e-01 5.048000000000000265e-01
2.707364700000000068e-01 4.853999999999999981e-01
2.614758600000000044e-01 4.138000000000000012e-01
2.038025699999999885e-01 4.386999999999999789e-01
3.426987599999999912e-01 4.842000000000000193e-01
1.850746600000000019e-01 4.712000000000000077e-01
3.159040699999999813e-01 5.072999999999999732e-01
3.076879200000000036e-01 4.994999999999999996e-01
2.039446099999999984e-01 4.223999999999999977e-01
2.040662699999999941e-01 4.171000000000000263e-01
2.466490299999999913e-01 4.688999999999999835e-01
2.039610900000000115e-01 4.632000000000000006e-01
3.541862499999999803e-01 5.002999999999999670e-01
1.647785400000000011e-01 4.958000000000000185e-01
1.933200800000000052e-01 4.257000000000000228e-01
2.199333300000000102e-01 4.418000000000000260e-01
2.253753400000000073e-01 4.394000000000000128e-01
3.860684099999999730e-01 5.223999999999999755e-01
1.739044499999999882e-01 3.832999999999999741e-01
1.896195699999999873e-01 4.716000000000000192e-01
3.067224800000000196e-01 4.657999999999999918e-01
2.002197199999999899e-01 4.406999999999999806e-01
3.564596300000000273e-01 4.793000000000000038e-01
1.755914699999999995e-01 4.870999999999999774e-01
2.220043399999999945e-01 4.273000000000000131e-01
3.433484500000000272e-01 4.732000000000000095e-01
1.722360500000000016e-01 4.522999999999999798e-01
2.404580500000000065e-01 5.142999999999999794e-01
2.109981900000000021e-01 4.365999999999999881e-01
