# Heisenberg model
# L=12, J=1, W=10.0
# Correlations between the gap ratio r_S and V (the rescaled ratio between variances of off-diagonal and diagonal hamiltonian matrix elements)
# V r_S
1.870578000000000171e-02 4.202000000000000179e-01
1.649180000000000090e-02 3.978999999999999759e-01
2.031333000000000097e-02 3.980000000000000204e-01
2.702511000000000149e-02 3.904000000000000248e-01
2.277037999999999979e-02 3.744999999999999996e-01
9.534630000000000535e-03 3.529999999999999805e-01
2.131581999999999921e-02 3.881000000000000005e-01
1.382702000000000063e-02 3.926999999999999935e-01
1.698556999999999845e-02 3.801999999999999824e-01
1.843904000000000029e-02 3.842999999999999750e-01
1.323946999999999971e-02 3.835999999999999965e-01
3.163093000000000155e-02 3.947999999999999843e-01
1.607673999999999909e-02 3.851999999999999869e-01
1.710926999999999934e-02 3.800999999999999934e-01
2.282201000000000021e-02 3.894000000000000239e-01
2.043396999999999922e-02 4.245999999999999774e-01
1.578241000000000019e-02 4.219999999999999862e-01
1.582874000000000086e-02 4.022999999999999909e-01
1.263457999999999942e-02 4.002000000000000002e-01
1.379696000000000047e-02 3.675999999999999823e-01
2.181864000000000026e-02 3.634000000000000008e-01
2.415462000000000165e-02 3.965000000000000191e-01
1.455013999999999960e-02 4.092000000000000082e-01
1.172304000000000054e-02 3.549999999999999822e-01
1.104125000000000072e-02 3.914000000000000257e-01
2.158337000000000103e-02 3.744999999999999996e-01
2.235476000000000130e-02 4.022999999999999909e-01
1.646919000000000161e-02 3.819000000000000172e-01
1.384240999999999944e-02 4.020000000000000240e-01
1.712098999999999913e-02 3.523000000000000020e-01
1.202493999999999959e-02 3.860000000000000098e-01
4.542854999999999810e-02 3.736999999999999766e-01
2.050580000000000111e-02 3.734999999999999987e-01
1.775113000000000038e-02 3.765999999999999903e-01
1.453366000000000033e-02 3.652000000000000246e-01
1.428595000000000038e-02 4.138000000000000012e-01
1.381810999999999977e-02 3.789000000000000146e-01
1.520648999999999959e-02 3.925000000000000155e-01
1.710980999999999960e-02 3.866999999999999882e-01
1.489332999999999976e-02 3.980000000000000204e-01
2.549794000000000019e-02 3.759000000000000119e-01
1.306341999999999920e-02 3.785000000000000031e-01
1.059193999999999934e-02 3.780999999999999917e-01
1.459040999999999984e-02 3.970000000000000195e-01
1.461128000000000079e-02 4.001000000000000112e-01
9.872699999999999879e-03 3.439999999999999725e-01
1.773974999999999858e-02 4.188000000000000056e-01
1.433264000000000066e-02 3.629999999999999893e-01
1.402287999999999972e-02 3.894000000000000239e-01
2.076582000000000081e-02 4.053999999999999826e-01
1.225386000000000010e-02 3.568000000000000060e-01
1.269220000000000070e-02 3.645999999999999797e-01
2.176354000000000136e-02 3.910000000000000142e-01
2.388722999999999888e-02 3.826999999999999846e-01
1.567986000000000033e-02 3.985000000000000209e-01
1.417760000000000027e-02 3.842999999999999750e-01
1.911171000000000050e-02 4.077000000000000068e-01
1.891380000000000144e-02 3.770999999999999908e-01
1.716082999999999845e-02 3.775999999999999912e-01
2.300519999999999995e-02 4.225999999999999757e-01
1.381157000000000044e-02 4.101000000000000201e-01
1.451247999999999948e-02 4.025000000000000244e-01
1.523456999999999936e-02 3.504999999999999782e-01
1.735994000000000079e-02 3.900000000000000133e-01
1.701108999999999954e-02 4.007000000000000006e-01
1.673946999999999935e-02 3.890000000000000124e-01
1.110058000000000052e-02 3.886000000000000010e-01
1.355464999999999968e-02 3.975000000000000200e-01
1.554467000000000002e-02 3.981000000000000094e-01
1.456211999999999958e-02 3.721999999999999753e-01
4.419541999999999915e-02 3.943999999999999728e-01
1.064432000000000052e-02 3.850000000000000089e-01
2.056712999999999944e-02 3.684000000000000052e-01
2.036409999999999956e-02 3.951999999999999957e-01
1.516018000000000053e-02 3.832999999999999741e-01
1.643620000000000150e-02 4.052999999999999936e-01
1.375852999999999972e-02 3.513000000000000012e-01
2.097923000000000149e-02 4.046000000000000152e-01
1.677323000000000008e-02 3.866999999999999882e-01
1.469197000000000038e-02 3.820000000000000062e-01
2.084433999999999940e-02 3.884000000000000230e-01
1.685876000000000041e-02 4.097999999999999976e-01
2.374499999999999875e-02 3.805000000000000049e-01
1.302048999999999915e-02 3.670999999999999819e-01
1.544259000000000083e-02 3.835000000000000075e-01
1.369248999999999987e-02 4.146000000000000241e-01
2.651287999999999909e-02 3.801999999999999824e-01
1.292537000000000026e-02 4.015000000000000235e-01
1.507630000000000081e-02 3.985000000000000209e-01
1.476137999999999929e-02 4.375000000000000000e-01
1.576558000000000126e-02 3.917999999999999816e-01
1.388647999999999966e-02 3.407000000000000028e-01
4.103700999999999877e-02 3.830000000000000071e-01
1.770379000000000050e-02 3.638000000000000123e-01
1.377964999999999919e-02 3.770999999999999908e-01
1.531589000000000041e-02 3.682000000000000273e-01
2.721756999999999996e-02 3.657000000000000250e-01
1.573037999999999867e-02 4.316999999999999726e-01
1.727437000000000070e-02 3.875000000000000111e-01
1.339890999999999999e-02 3.844000000000000195e-01
9.574410000000000212e-03 3.598999999999999977e-01
1.096347999999999941e-02 3.897999999999999798e-01
1.638571999999999945e-02 4.118999999999999884e-01
2.120984000000000064e-02 4.179999999999999827e-01
2.407085000000000127e-02 4.121000000000000218e-01
1.950237000000000151e-02 4.005000000000000226e-01
1.438871000000000074e-02 4.200999999999999734e-01
1.322449000000000020e-02 3.775999999999999912e-01
2.264537999999999968e-02 4.156000000000000250e-01
2.099565000000000112e-02 3.911000000000000032e-01
1.778777999999999956e-02 4.158999999999999919e-01
1.881630000000000108e-02 3.901000000000000023e-01
1.405453000000000084e-02 3.405000000000000249e-01
1.384520000000000022e-02 3.906999999999999917e-01
1.318836999999999961e-02 4.612999999999999878e-01
1.247901000000000045e-02 3.850999999999999979e-01
2.102566000000000157e-02 3.991000000000000103e-01
1.420917000000000013e-02 4.121000000000000218e-01
1.063682999999999990e-02 3.915000000000000147e-01
1.342966999999999946e-02 3.738000000000000211e-01
1.156991999999999916e-02 3.951000000000000068e-01
1.333250000000000060e-02 3.769000000000000128e-01
3.022120000000000015e-02 3.755000000000000004e-01
1.120095999999999939e-02 3.963999999999999746e-01
2.284506999999999857e-02 3.991999999999999993e-01
1.674478999999999898e-02 3.872999999999999776e-01
2.230307000000000123e-02 4.103999999999999870e-01
1.518362000000000010e-02 3.699000000000000066e-01
3.406080000000000219e-02 4.272000000000000242e-01
1.381129000000000037e-02 4.005000000000000226e-01
1.608640000000000070e-02 4.144999999999999796e-01
1.707351999999999828e-02 3.795000000000000040e-01
1.730160000000000031e-02 3.583000000000000074e-01
1.378609000000000084e-02 3.553999999999999937e-01
2.092573000000000003e-02 4.101000000000000201e-01
1.389752999999999995e-02 3.846999999999999864e-01
2.388289000000000037e-02 3.633000000000000118e-01
1.728974999999999956e-02 3.995000000000000218e-01
1.554083000000000027e-02 3.931999999999999940e-01
1.625688000000000133e-02 4.149999999999999800e-01
1.376686000000000056e-02 3.855999999999999983e-01
1.276650000000000007e-02 3.659000000000000030e-01
1.494218999999999929e-02 3.808000000000000274e-01
1.252800999999999915e-02 3.920000000000000151e-01
1.740467999999999876e-02 3.547000000000000153e-01
3.669911000000000006e-02 3.815999999999999948e-01
9.339319999999999913e-03 3.729999999999999982e-01
1.158480999999999921e-02 4.102999999999999980e-01
1.187032000000000018e-02 3.709000000000000075e-01
2.462187999999999877e-02 4.294999999999999929e-01
1.449470999999999919e-02 4.022999999999999909e-01
2.642987999999999935e-02 4.104999999999999760e-01
2.083994000000000124e-02 4.077999999999999958e-01
3.260285000000000266e-02 4.007999999999999896e-01
1.582365999999999981e-02 4.006000000000000116e-01
1.594322000000000100e-02 3.860999999999999988e-01
1.210288999999999983e-02 3.719999999999999973e-01
1.385343999999999985e-02 3.644000000000000017e-01
1.387084000000000060e-02 3.610999999999999766e-01
2.838473000000000038e-02 4.061000000000000165e-01
1.344268000000000025e-02 4.047000000000000042e-01
1.406615999999999943e-02 4.082000000000000073e-01
2.668995999999999869e-02 3.912999999999999812e-01
2.113038000000000069e-02 4.103999999999999870e-01
1.307367000000000078e-02 4.037999999999999923e-01
1.162557999999999994e-02 3.704000000000000070e-01
1.721508999999999887e-02 3.809000000000000163e-01
1.420873999999999922e-02 4.006000000000000116e-01
2.521342000000000028e-02 3.794000000000000150e-01
1.107275999999999920e-02 3.633000000000000118e-01
1.599826000000000026e-02 3.968999999999999750e-01
1.241644000000000081e-02 3.682000000000000273e-01
3.139017999999999670e-02 3.911999999999999922e-01
2.724976999999999955e-02 3.723000000000000198e-01
1.608880999999999853e-02 3.948999999999999733e-01
2.201909999999999978e-02 3.896000000000000019e-01
1.882174000000000000e-02 4.050000000000000266e-01
1.674273999999999901e-02 3.919000000000000261e-01
1.612262999999999891e-02 4.390000000000000013e-01
1.435223000000000054e-02 3.817999999999999727e-01
1.154897000000000042e-02 3.719999999999999973e-01
1.211980999999999996e-02 3.991000000000000103e-01
1.050521999999999914e-02 3.726999999999999758e-01
1.377042000000000023e-02 4.183999999999999941e-01
2.595418000000000031e-02 3.785000000000000031e-01
1.678396000000000055e-02 3.730999999999999872e-01
1.457710000000000082e-02 4.161000000000000254e-01
1.464736999999999983e-02 3.876999999999999891e-01
1.325002999999999945e-02 3.775999999999999912e-01
1.143134999999999984e-02 3.523999999999999910e-01
1.589370000000000019e-02 3.897999999999999798e-01
1.380970999999999935e-02 4.168999999999999928e-01
1.733604999999999868e-02 3.664000000000000035e-01
1.713964000000000112e-02 3.955000000000000182e-01
1.404908000000000025e-02 3.639000000000000012e-01
1.940744000000000150e-02 3.834000000000000186e-01
1.897373999999999936e-02 4.022000000000000020e-01
1.763214000000000101e-02 3.826999999999999846e-01
1.415248000000000027e-02 3.845999999999999974e-01
1.935413999999999884e-02 3.855000000000000093e-01
1.746941000000000119e-02 4.089999999999999747e-01
2.482347000000000026e-02 3.981000000000000094e-01
1.242757000000000063e-02 3.262999999999999790e-01
1.504679000000000086e-02 3.869000000000000217e-01
2.050920000000000173e-02 4.017000000000000015e-01
1.256895000000000061e-02 3.842999999999999750e-01
2.429842000000000113e-02 3.919000000000000261e-01
1.381603999999999992e-02 3.672000000000000264e-01
1.954851000000000158e-02 4.179999999999999827e-01
1.227904999999999969e-02 3.973999999999999755e-01
1.667315999999999937e-02 3.749000000000000110e-01
1.053923000000000013e-02 3.870000000000000107e-01
1.547337000000000018e-02 3.882999999999999785e-01
1.226018000000000073e-02 3.714000000000000079e-01
1.496719000000000001e-02 3.780000000000000027e-01
1.509349999999999928e-02 3.740999999999999881e-01
1.359145999999999965e-02 3.779000000000000137e-01
1.936094000000000009e-02 3.749000000000000110e-01
1.949127000000000151e-02 3.694999999999999951e-01
1.249034000000000082e-02 3.798000000000000265e-01
1.131361999999999993e-02 3.629000000000000004e-01
2.227845999999999993e-02 4.239999999999999880e-01
1.117257999999999966e-02 3.719999999999999973e-01
2.060990000000000044e-02 4.028999999999999804e-01
1.195384000000000030e-02 3.835999999999999965e-01
1.980975999999999917e-02 3.774000000000000132e-01
1.383178000000000012e-02 3.844000000000000195e-01
1.840179999999999941e-02 4.086000000000000187e-01
1.440071000000000059e-02 3.911999999999999922e-01
1.800838000000000091e-02 4.089999999999999747e-01
1.659342999999999929e-02 3.765999999999999903e-01
2.391358999999999846e-02 3.655999999999999805e-01
1.681563000000000155e-02 3.834000000000000186e-01
9.847430000000000766e-03 3.990000000000000213e-01
3.385785000000000183e-02 4.166000000000000258e-01
1.585094000000000086e-02 3.701999999999999735e-01
1.470278000000000036e-02 4.053999999999999826e-01
1.648760000000000156e-02 3.849000000000000199e-01
1.369019999999999959e-02 3.975000000000000200e-01
2.157332000000000000e-02 3.892999999999999794e-01
1.112093999999999930e-02 3.511000000000000232e-01
1.710930999999999910e-02 4.173000000000000043e-01
1.688929999999999945e-02 4.147000000000000131e-01
1.957029000000000060e-02 4.036000000000000143e-01
1.229390999999999991e-02 3.644999999999999907e-01
1.021469000000000023e-02 3.796999999999999820e-01
1.340846000000000052e-02 3.756999999999999784e-01
1.085067999999999970e-02 3.493999999999999884e-01
1.570805000000000118e-02 3.659999999999999920e-01
1.839945999999999943e-02 4.106000000000000205e-01
1.125934999999999957e-02 3.764000000000000123e-01
1.109435999999999929e-02 3.709000000000000075e-01
1.330189000000000024e-02 4.252000000000000224e-01
3.266791000000000139e-02 3.806999999999999829e-01
1.043508999999999930e-02 3.725999999999999868e-01
1.632238000000000092e-02 3.822999999999999732e-01
1.141996999999999977e-02 3.947999999999999843e-01
1.697637999999999925e-02 3.892999999999999794e-01
2.757748999999999964e-02 3.929000000000000270e-01
1.120334000000000087e-02 3.885000000000000120e-01
1.279140999999999959e-02 3.800000000000000044e-01
2.048132999999999898e-02 3.638000000000000123e-01
1.210625000000000069e-02 3.710999999999999854e-01
3.524072000000000315e-02 4.050000000000000266e-01
1.457734999999999934e-02 3.845000000000000084e-01
1.765074000000000157e-02 3.877999999999999781e-01
1.439862000000000086e-02 3.738000000000000211e-01
1.302283000000000086e-02 4.068999999999999839e-01
2.768583000000000155e-02 4.161000000000000254e-01
1.806224999999999845e-02 4.084999999999999742e-01
1.978612999999999900e-02 3.906999999999999917e-01
2.977766999999999914e-02 3.995000000000000218e-01
1.744595000000000173e-02 4.006000000000000116e-01
2.191099999999999992e-02 4.007999999999999896e-01
1.539591000000000050e-02 3.774000000000000132e-01
1.799672999999999898e-02 3.694999999999999951e-01
1.537030999999999988e-02 3.418999999999999817e-01
1.817763999999999838e-02 4.214999999999999858e-01
3.481947999999999988e-02 3.976000000000000090e-01
1.534651000000000071e-02 3.799000000000000155e-01
2.777647000000000102e-02 3.865999999999999992e-01
1.437806999999999974e-02 3.744000000000000106e-01
1.516256000000000027e-02 4.056000000000000161e-01
1.457149999999999938e-02 3.704000000000000070e-01
4.480123999999999912e-02 3.790000000000000036e-01
1.560292999999999923e-02 3.869000000000000217e-01
1.622480999999999923e-02 3.623000000000000109e-01
1.947076000000000015e-02 3.761999999999999789e-01
1.494283000000000070e-02 3.905000000000000138e-01
9.457069999999999713e-03 4.156000000000000250e-01
1.668234000000000036e-02 3.846999999999999864e-01
1.677121999999999988e-02 4.091000000000000192e-01
1.356212000000000042e-02 3.532000000000000139e-01
1.571675999999999976e-02 3.816999999999999837e-01
1.235285000000000029e-02 3.584999999999999853e-01
1.860358999999999971e-02 3.270000000000000129e-01
1.624190999999999829e-02 3.971000000000000085e-01
1.401148999999999971e-02 3.926999999999999935e-01
1.499762999999999964e-02 3.633000000000000118e-01
1.561882000000000027e-02 3.779000000000000137e-01
1.158065999999999957e-02 3.891000000000000014e-01
2.022352999999999998e-02 3.775000000000000022e-01
3.235230000000000050e-02 4.138999999999999901e-01
1.180273000000000086e-02 4.017999999999999905e-01
1.228349999999999928e-02 3.667000000000000259e-01
3.129475999999999786e-02 4.056000000000000161e-01
1.610531999999999936e-02 3.467999999999999972e-01
1.546034999999999944e-02 3.951999999999999957e-01
1.677483999999999920e-02 3.996000000000000107e-01
1.414642999999999977e-02 3.612000000000000210e-01
1.408748999999999939e-02 4.229999999999999871e-01
1.849686999999999859e-02 3.862999999999999767e-01
1.222328999999999950e-02 3.875000000000000111e-01
1.682940000000000130e-02 3.962999999999999856e-01
2.713681999999999900e-02 3.879000000000000226e-01
2.046339999999999965e-02 3.891999999999999904e-01
1.634357999999999991e-02 3.847999999999999754e-01
1.507365999999999914e-02 3.926000000000000045e-01
1.661433000000000007e-02 4.043999999999999817e-01
1.594871000000000136e-02 3.854000000000000203e-01
1.565526999999999891e-02 4.013999999999999790e-01
1.681281999999999915e-02 3.917999999999999816e-01
1.318563000000000027e-02 3.860000000000000098e-01
2.052657000000000093e-02 3.736999999999999766e-01
2.272547000000000109e-02 3.910000000000000142e-01
1.282670999999999985e-02 3.842999999999999750e-01
1.526414000000000069e-02 3.755000000000000004e-01
9.848569999999999200e-03 3.926000000000000045e-01
1.336032000000000018e-02 4.081000000000000183e-01
1.568753000000000161e-02 4.162000000000000144e-01
1.549321000000000031e-02 3.536000000000000254e-01
1.077286000000000042e-02 3.900000000000000133e-01
1.931048000000000139e-02 4.042000000000000037e-01
1.583038999999999974e-02 3.794000000000000150e-01
2.342980000000000063e-02 4.198999999999999955e-01
1.592232999999999843e-02 3.698000000000000176e-01
1.982418999999999848e-02 3.578999999999999959e-01
1.921942999999999915e-02 3.522000000000000131e-01
1.938762999999999945e-02 3.524999999999999800e-01
2.165349000000000093e-02 3.963999999999999746e-01
2.419173000000000157e-02 3.739999999999999991e-01
1.625114000000000072e-02 4.042999999999999927e-01
1.564132000000000022e-02 4.052999999999999936e-01
1.528107000000000076e-02 4.042000000000000037e-01
2.622684000000000126e-02 3.678000000000000158e-01
2.453415000000000110e-02 3.951999999999999957e-01
6.062738000000000155e-02 4.099999999999999756e-01
1.695402999999999841e-02 3.688000000000000167e-01
1.829261999999999902e-02 3.866999999999999882e-01
1.601750000000000049e-02 3.595999999999999752e-01
1.757043000000000146e-02 3.869000000000000217e-01
1.033678000000000027e-02 4.128000000000000003e-01
1.437013000000000006e-02 4.207000000000000184e-01
4.573933000000000165e-02 4.036000000000000143e-01
1.573023999999999950e-02 3.997999999999999887e-01
2.268645999999999857e-02 3.991999999999999993e-01
1.503801999999999917e-02 4.181000000000000272e-01
2.237348000000000114e-02 3.927999999999999825e-01
1.538503999999999913e-02 3.945000000000000173e-01
1.425364999999999965e-02 3.836999999999999855e-01
1.123386999999999997e-02 3.874000000000000221e-01
1.454129000000000012e-02 3.800999999999999934e-01
3.978683000000000219e-02 4.113999999999999879e-01
1.410613999999999965e-02 3.886999999999999900e-01
2.547694000000000000e-02 3.956999999999999962e-01
1.534121999999999916e-02 3.578999999999999959e-01
2.432370999999999839e-02 3.729999999999999982e-01
2.864823999999999843e-02 3.791999999999999815e-01
1.187886999999999971e-02 3.851999999999999869e-01
1.577788999999999928e-02 3.604999999999999871e-01
1.458352000000000086e-02 3.992999999999999883e-01
1.365754999999999920e-02 3.870000000000000107e-01
1.809938999999999992e-02 3.877999999999999781e-01
1.678121999999999947e-02 3.822999999999999732e-01
1.894217000000000123e-02 3.679000000000000048e-01
1.713301999999999881e-02 3.547000000000000153e-01
1.630645000000000011e-02 3.886999999999999900e-01
1.622911000000000145e-02 3.791999999999999815e-01
2.245068000000000064e-02 3.980000000000000204e-01
1.704999000000000098e-02 3.865999999999999992e-01
1.397906999999999969e-02 4.097000000000000086e-01
1.008670000000000053e-02 4.244999999999999885e-01
2.183991000000000057e-02 3.981000000000000094e-01
1.485844000000000054e-02 3.804000000000000159e-01
1.184352999999999968e-02 3.735999999999999877e-01
2.019643000000000133e-02 3.836999999999999855e-01
1.851983000000000101e-02 3.593000000000000083e-01
1.139741000000000018e-02 3.837999999999999745e-01
1.587416999999999995e-02 3.859000000000000208e-01
1.906791000000000041e-02 3.985000000000000209e-01
1.072138000000000084e-02 3.956999999999999962e-01
2.465486000000000066e-02 4.365999999999999881e-01
1.857564000000000090e-02 3.909000000000000252e-01
1.218602000000000053e-02 4.083999999999999853e-01
1.853478000000000070e-02 3.906000000000000028e-01
1.330381999999999919e-02 3.892999999999999794e-01
2.642579000000000108e-02 3.877999999999999781e-01
1.373851000000000065e-02 4.007000000000000006e-01
2.511174000000000045e-02 4.068999999999999839e-01
1.054974000000000016e-02 3.466000000000000192e-01
1.428420000000000037e-02 3.723000000000000198e-01
1.212302999999999992e-02 4.025000000000000244e-01
1.487822999999999923e-02 4.000000000000000222e-01
2.320617999999999986e-02 3.864000000000000212e-01
1.063986999999999919e-02 3.763000000000000234e-01
1.525919000000000060e-02 4.168999999999999928e-01
1.721786000000000150e-02 3.885000000000000120e-01
1.196231000000000030e-02 4.017000000000000015e-01
1.617025999999999880e-02 3.978999999999999759e-01
1.782981000000000149e-02 3.684000000000000052e-01
2.456086000000000033e-02 3.889000000000000234e-01
4.593508000000000313e-02 3.926000000000000045e-01
2.074029000000000150e-02 3.821999999999999842e-01
1.519326000000000010e-02 3.934000000000000274e-01
1.521351999999999947e-02 4.091000000000000192e-01
2.242245000000000002e-02 3.917999999999999816e-01
1.444420000000000079e-02 3.894000000000000239e-01
2.206647000000000122e-02 3.743000000000000216e-01
1.370796999999999988e-02 3.780000000000000027e-01
2.222408999999999843e-02 3.741999999999999771e-01
1.090010999999999931e-02 3.786999999999999811e-01
1.249256999999999972e-02 3.583999999999999964e-01
1.611289999999999945e-02 3.538000000000000034e-01
5.008727999999999791e-02 3.723000000000000198e-01
1.563188000000000077e-02 3.795000000000000040e-01
1.420058000000000084e-02 3.682000000000000273e-01
2.884004999999999902e-02 3.892999999999999794e-01
1.723888000000000156e-02 3.779000000000000137e-01
1.495502999999999937e-02 3.474999999999999756e-01
1.788920999999999914e-02 3.977999999999999869e-01
1.305374999999999938e-02 3.963999999999999746e-01
1.771568999999999922e-02 4.092000000000000082e-01
1.988051000000000054e-02 4.067999999999999949e-01
1.205605000000000045e-02 3.800999999999999934e-01
1.578258000000000091e-02 3.680999999999999828e-01
1.222124999999999947e-02 3.926000000000000045e-01
7.088608000000000409e-02 3.709999999999999964e-01
1.392764999999999975e-02 4.025000000000000244e-01
1.203464999999999917e-02 3.924000000000000266e-01
2.104802000000000062e-02 3.927999999999999825e-01
1.283958999999999968e-02 4.106000000000000205e-01
1.365624000000000005e-02 3.746999999999999775e-01
1.666379000000000124e-02 4.030000000000000249e-01
1.637208999999999887e-02 3.701999999999999735e-01
1.943069999999999867e-02 3.805999999999999939e-01
1.504879999999999933e-02 3.704000000000000070e-01
1.248083999999999999e-02 4.318000000000000171e-01
1.403114999999999918e-02 3.691999999999999726e-01
1.195763000000000034e-02 3.810000000000000053e-01
1.132109000000000067e-02 3.844000000000000195e-01
1.194376999999999939e-02 3.644000000000000017e-01
1.892761999999999917e-02 3.589999999999999858e-01
1.584688000000000069e-02 3.905000000000000138e-01
1.706440999999999861e-02 3.774000000000000132e-01
1.906222000000000125e-02 3.951000000000000068e-01
1.082713000000000078e-02 3.579999999999999849e-01
2.535449999999999857e-02 4.104999999999999760e-01
1.945981999999999920e-02 4.102999999999999980e-01
2.479270999999999905e-02 4.098999999999999866e-01
3.050274000000000041e-02 3.970000000000000195e-01
1.606578000000000173e-02 3.865999999999999992e-01
2.309860000000000038e-02 3.855000000000000093e-01
1.377245000000000032e-02 4.107999999999999985e-01
1.303809000000000044e-02 4.081000000000000183e-01
9.924880000000000507e-03 3.699000000000000066e-01
1.886161000000000088e-02 3.622000000000000219e-01
2.715553000000000064e-02 4.032000000000000028e-01
1.615841000000000152e-02 4.058999999999999830e-01
1.680757999999999905e-02 3.924000000000000266e-01
2.827963000000000005e-02 3.788000000000000256e-01
1.036932999999999952e-02 3.940000000000000169e-01
2.654754999999999962e-02 3.607000000000000206e-01
2.909712999999999883e-02 3.900000000000000133e-01
1.720456000000000069e-02 3.561000000000000276e-01
2.495462999999999848e-02 3.886999999999999900e-01
1.997789000000000162e-02 3.699000000000000066e-01
1.620042000000000010e-02 3.849000000000000199e-01
1.343646000000000076e-02 3.896999999999999909e-01
4.018748999999999932e-02 3.837999999999999745e-01
1.846855000000000024e-02 3.824000000000000177e-01
1.571043000000000092e-02 3.926000000000000045e-01
1.631041999999999909e-02 3.791999999999999815e-01
9.433630000000000140e-03 3.938999999999999724e-01
3.593070000000000291e-02 4.103999999999999870e-01
1.531673000000000062e-02 3.932999999999999829e-01
1.337110000000000035e-02 4.057999999999999940e-01
1.220395999999999981e-02 3.889000000000000234e-01
1.266339000000000006e-02 3.808000000000000274e-01
1.607876000000000097e-02 3.891000000000000014e-01
2.226469000000000018e-02 4.177000000000000157e-01
1.242114000000000065e-02 4.102999999999999980e-01
8.666909999999999892e-03 3.936999999999999944e-01
2.454630999999999827e-02 3.731999999999999762e-01
1.472291000000000051e-02 4.173000000000000043e-01
2.449936000000000128e-02 3.694000000000000061e-01
1.581658999999999843e-02 4.250999999999999779e-01
2.076037000000000021e-02 3.653000000000000136e-01
1.712030999999999969e-02 3.830000000000000071e-01
1.625897999999999927e-02 3.976000000000000090e-01
2.711099000000000148e-02 3.850999999999999979e-01
1.780172000000000004e-02 3.800000000000000044e-01
2.265299999999999953e-02 3.992999999999999883e-01
2.732019000000000114e-02 4.057999999999999940e-01
1.847462999999999883e-02 3.855000000000000093e-01
1.750076000000000062e-02 3.701999999999999735e-01
3.028054000000000162e-02 3.640999999999999792e-01
1.548286999999999927e-02 3.805999999999999939e-01
1.259478999999999980e-02 3.812999999999999723e-01
2.512885000000000119e-02 4.183000000000000052e-01
2.422453999999999927e-02 3.975000000000000200e-01
1.257099000000000064e-02 3.699000000000000066e-01
3.424615000000000298e-02 3.594999999999999862e-01
1.170823000000000003e-02 3.704000000000000070e-01
1.533194000000000050e-02 3.870999999999999996e-01
1.777756000000000128e-02 3.684000000000000052e-01
2.230294999999999847e-02 3.793000000000000260e-01
2.201410999999999993e-02 3.914000000000000257e-01
1.697204000000000074e-02 3.909000000000000252e-01
1.050584000000000066e-02 4.068999999999999839e-01
1.073487000000000052e-02 3.861999999999999877e-01
1.767902000000000015e-02 3.731999999999999762e-01
1.255062000000000018e-02 3.763000000000000234e-01
2.240148999999999960e-02 3.830000000000000071e-01
1.418966999999999971e-02 3.948999999999999733e-01
1.732496000000000036e-02 3.830999999999999961e-01
1.956290000000000112e-02 3.743000000000000216e-01
2.114908000000000066e-02 3.931000000000000050e-01
1.475742000000000026e-02 4.017999999999999905e-01
1.949706999999999829e-02 4.012999999999999901e-01
1.527068999999999996e-02 3.855999999999999983e-01
1.740741000000000163e-02 3.996999999999999997e-01
1.341571000000000083e-02 3.917999999999999816e-01
2.593312000000000048e-02 3.910000000000000142e-01
1.468593999999999976e-02 3.871999999999999886e-01
1.365925999999999946e-02 3.597000000000000197e-01
1.351682000000000057e-02 4.001000000000000112e-01
2.700139000000000011e-02 3.968999999999999750e-01
2.787995000000000057e-02 4.041000000000000147e-01
2.205079999999999887e-02 3.932999999999999829e-01
1.333549000000000019e-02 4.036000000000000143e-01
9.732990000000000391e-03 3.746999999999999775e-01
2.146421999999999913e-02 4.260999999999999788e-01
1.961293000000000064e-02 3.593999999999999972e-01
1.728820999999999830e-02 3.839000000000000190e-01
2.082002999999999979e-02 3.955000000000000182e-01
1.902519000000000085e-02 4.010000000000000231e-01
2.380666999999999853e-02 4.041000000000000147e-01
1.177451000000000018e-02 4.064999999999999725e-01
1.638569999999999957e-02 3.755999999999999894e-01
1.586647999999999878e-02 3.695999999999999841e-01
1.305789000000000082e-02 3.719000000000000083e-01
3.778278000000000192e-02 3.770000000000000018e-01
1.866527999999999937e-02 3.902999999999999803e-01
1.758490000000000053e-02 3.937999999999999834e-01
1.096110999999999960e-02 3.997999999999999887e-01
1.399782999999999930e-02 3.619999999999999885e-01
1.654788000000000092e-02 3.830999999999999961e-01
1.646440999999999877e-02 3.557000000000000162e-01
2.324802999999999939e-02 3.634000000000000008e-01
1.096211000000000060e-02 3.953999999999999737e-01
1.636088999999999946e-02 3.911999999999999922e-01
2.353718000000000130e-02 3.693000000000000171e-01
1.357993000000000047e-02 3.885000000000000120e-01
1.661943000000000101e-02 3.991000000000000103e-01
3.185795000000000293e-02 3.870000000000000107e-01
1.660141000000000047e-02 4.109999999999999765e-01
1.812029999999999891e-02 4.008999999999999786e-01
1.704055999999999974e-02 3.779000000000000137e-01
2.179073000000000121e-02 3.810999999999999943e-01
9.486559999999999784e-03 3.634999999999999898e-01
1.157821000000000024e-02 4.184999999999999831e-01
1.697043999999999983e-02 3.810000000000000053e-01
3.336804000000000159e-02 3.966999999999999971e-01
1.853710000000000080e-02 3.961999999999999966e-01
1.397534999999999923e-02 3.696999999999999731e-01
1.916514999999999885e-02 4.083999999999999853e-01
1.748159000000000171e-02 4.020000000000000240e-01
1.379610000000000038e-02 4.028999999999999804e-01
1.834962000000000051e-02 3.769000000000000128e-01
1.517765000000000086e-02 4.087000000000000077e-01
1.491981000000000036e-02 3.553999999999999937e-01
1.504467999999999951e-02 4.136000000000000232e-01
2.004687999999999956e-02 3.783000000000000251e-01
3.501810999999999813e-02 4.046000000000000152e-01
1.210496999999999962e-02 4.089999999999999747e-01
1.739589999999999886e-02 4.106000000000000205e-01
1.495640999999999984e-02 3.528999999999999915e-01
9.954340000000000757e-03 4.331999999999999740e-01
1.129471999999999941e-02 3.810999999999999943e-01
1.633073999999999984e-02 4.289000000000000035e-01
2.271414999999999892e-02 3.755000000000000004e-01
1.118078999999999948e-02 3.822999999999999732e-01
1.262715000000000018e-02 4.292000000000000259e-01
1.646281999999999954e-02 4.007000000000000006e-01
1.431421000000000082e-02 3.860000000000000098e-01
6.696494000000000058e-02 4.131000000000000227e-01
1.584655999999999912e-02 4.072999999999999954e-01
1.136843000000000055e-02 3.864000000000000212e-01
1.465001999999999971e-02 3.851999999999999869e-01
2.477330999999999978e-02 3.694999999999999951e-01
1.768488000000000004e-02 3.942999999999999838e-01
2.568377000000000160e-02 3.835999999999999965e-01
1.572656999999999874e-02 3.895000000000000129e-01
1.436900999999999977e-02 3.775999999999999912e-01
1.923653000000000168e-02 3.412999999999999923e-01
1.502234000000000035e-02 4.183999999999999941e-01
1.668779000000000096e-02 3.703000000000000180e-01
1.421847000000000041e-02 4.058999999999999830e-01
1.985338999999999854e-02 3.975000000000000200e-01
1.585537000000000057e-02 3.564999999999999836e-01
1.721688000000000038e-02 3.870000000000000107e-01
1.310102999999999962e-02 3.634999999999999898e-01
1.670243999999999895e-02 3.817999999999999727e-01
1.150893000000000055e-02 4.179999999999999827e-01
2.242214999999999833e-02 3.741999999999999771e-01
1.435435000000000010e-02 3.444999999999999729e-01
1.547874999999999945e-02 3.406000000000000139e-01
1.886327999999999963e-02 3.780999999999999917e-01
2.036868000000000012e-02 3.760000000000000009e-01
2.562835999999999934e-02 3.859000000000000208e-01
1.285244999999999964e-02 3.981000000000000094e-01
2.011036999999999894e-02 4.279999999999999916e-01
1.622691999999999884e-02 3.729999999999999982e-01
1.091408999999999956e-02 3.896999999999999909e-01
1.919670999999999877e-02 3.901999999999999913e-01
1.267935000000000069e-02 4.107999999999999985e-01
1.640480000000000063e-02 3.920000000000000151e-01
1.794888999999999860e-02 3.925000000000000155e-01
1.330160000000000023e-02 3.814000000000000168e-01
3.072669999999999915e-02 3.856999999999999873e-01
1.267570999999999976e-02 4.068999999999999839e-01
1.051366999999999927e-02 3.935000000000000164e-01
1.541114000000000026e-02 3.970000000000000195e-01
1.393015000000000052e-02 3.563000000000000056e-01
1.811389999999999875e-02 3.677000000000000268e-01
1.977419999999999872e-02 3.881999999999999895e-01
9.913520000000000318e-03 4.364000000000000101e-01
9.392620000000000829e-03 3.965000000000000191e-01
1.333490000000000023e-02 3.971000000000000085e-01
2.075700000000000114e-02 3.808000000000000274e-01
1.529093999999999939e-02 3.981000000000000094e-01
1.479155000000000053e-02 4.390999999999999903e-01
1.135091000000000051e-02 4.198999999999999955e-01
3.005197999999999897e-02 3.897999999999999798e-01
1.356785999999999930e-02 4.063999999999999835e-01
1.194295000000000079e-02 3.801999999999999824e-01
1.786833000000000171e-02 3.760000000000000009e-01
2.781654000000000071e-02 3.925000000000000155e-01
3.055536999999999836e-02 4.123999999999999888e-01
1.627280000000000046e-02 3.769000000000000128e-01
2.160474000000000075e-02 3.926000000000000045e-01
1.818544999999999884e-02 3.917999999999999816e-01
2.981910999999999937e-02 4.163000000000000034e-01
1.294880999999999983e-02 4.005000000000000226e-01
1.491544000000000030e-02 4.143999999999999906e-01
1.203450000000000006e-02 4.082999999999999963e-01
1.926889000000000032e-02 3.896999999999999909e-01
2.386521000000000128e-02 3.907999999999999807e-01
1.411695999999999958e-02 3.965000000000000191e-01
1.922783999999999952e-02 3.556000000000000272e-01
1.696399000000000171e-02 4.001000000000000112e-01
1.627916999999999906e-02 3.825999999999999956e-01
1.200388999999999970e-02 3.836999999999999855e-01
2.142163000000000053e-02 3.701999999999999735e-01
1.591524999999999884e-02 3.960000000000000187e-01
2.036750000000000019e-02 4.092999999999999972e-01
1.712320000000000161e-02 3.857999999999999763e-01
1.709511999999999837e-02 4.101000000000000201e-01
2.255775000000000141e-02 3.738000000000000211e-01
1.216852000000000038e-02 3.766999999999999793e-01
1.331139999999999927e-02 3.788000000000000256e-01
2.867692999999999978e-02 4.098999999999999866e-01
1.399547999999999938e-02 3.865000000000000102e-01
1.915642999999999860e-02 4.167000000000000148e-01
1.518236000000000065e-02 4.046000000000000152e-01
1.458384000000000069e-02 3.523000000000000020e-01
1.358945999999999939e-02 4.076000000000000179e-01
1.859150999999999859e-02 3.850000000000000089e-01
1.469157999999999922e-02 4.219999999999999862e-01
2.415319000000000146e-02 3.831999999999999851e-01
1.061192000000000038e-02 3.936000000000000054e-01
1.800179000000000015e-02 4.040000000000000258e-01
1.845145999999999939e-02 3.718000000000000194e-01
1.295218000000000064e-02 3.922999999999999821e-01
1.302560000000000003e-02 4.415999999999999925e-01
1.175610000000000023e-02 3.377999999999999892e-01
3.018389999999999962e-02 3.952999999999999847e-01
1.415260999999999950e-02 3.674999999999999933e-01
1.609123000000000150e-02 3.649000000000000021e-01
1.314939000000000038e-02 4.027999999999999914e-01
1.122265000000000068e-02 3.996999999999999997e-01
1.042480999999999963e-02 3.524999999999999800e-01
1.450459999999999944e-02 3.628000000000000114e-01
1.534274000000000054e-02 4.032999999999999918e-01
9.711159999999999931e-03 4.133999999999999897e-01
1.351577999999999981e-02 3.597000000000000197e-01
1.479086999999999937e-02 3.775000000000000022e-01
3.647101999999999983e-02 4.297000000000000264e-01
1.277275999999999932e-02 3.965000000000000191e-01
1.498437000000000033e-02 3.814000000000000168e-01
1.041752999999999950e-02 3.894000000000000239e-01
1.584131000000000081e-02 3.971000000000000085e-01
1.341487000000000061e-02 3.542000000000000148e-01
1.995016999999999971e-02 4.106000000000000205e-01
2.452319999999999847e-02 3.700999999999999845e-01
1.994597999999999857e-02 3.679000000000000048e-01
1.600419000000000147e-02 4.168999999999999928e-01
1.091839999999999998e-02 3.971000000000000085e-01
1.064803999999999924e-02 3.921999999999999931e-01
9.817579999999999363e-03 4.001000000000000112e-01
1.358176999999999995e-02 4.128999999999999893e-01
1.754794999999999966e-02 3.856999999999999873e-01
1.691087000000000146e-02 4.072999999999999954e-01
2.029916000000000012e-02 4.072999999999999954e-01
1.939164999999999986e-02 4.199999999999999845e-01
2.083932000000000145e-02 3.805999999999999939e-01
1.041492999999999933e-02 3.654999999999999916e-01
1.300747000000000014e-02 4.035000000000000253e-01
9.528999999999999276e-03 3.869000000000000217e-01
1.290330999999999943e-02 4.017000000000000015e-01
1.072606000000000080e-02 3.991000000000000103e-01
1.918069000000000024e-02 4.163999999999999924e-01
1.170528000000000020e-02 3.870999999999999996e-01
1.443478999999999943e-02 3.850000000000000089e-01
1.677671000000000023e-02 3.649999999999999911e-01
2.198117999999999947e-02 4.017999999999999905e-01
1.774422999999999973e-02 3.695999999999999841e-01
1.129066999999999918e-02 4.079999999999999738e-01
1.454537000000000017e-02 3.734999999999999987e-01
2.665529000000000162e-02 4.073999999999999844e-01
1.302513999999999929e-02 3.881000000000000005e-01
1.252035999999999948e-02 3.902999999999999803e-01
1.671316000000000121e-02 4.042000000000000037e-01
2.210140000000000021e-02 4.093999999999999861e-01
1.279165999999999984e-02 3.765999999999999903e-01
1.425366999999999953e-02 3.922999999999999821e-01
1.695429000000000033e-02 3.966999999999999971e-01
1.459559000000000030e-02 3.750000000000000000e-01
1.542231999999999978e-02 3.825999999999999956e-01
1.490643999999999997e-02 3.844000000000000195e-01
1.078751000000000015e-02 3.620999999999999774e-01
1.688250999999999988e-02 4.132000000000000117e-01
2.456927000000000069e-02 3.551000000000000267e-01
2.660884999999999986e-02 3.902999999999999803e-01
1.300262999999999940e-02 3.845000000000000084e-01
2.187802999999999970e-02 3.827999999999999736e-01
1.182878000000000054e-02 4.087999999999999967e-01
1.589811000000000002e-02 3.806999999999999829e-01
2.484161999999999829e-02 3.972999999999999865e-01
1.284405999999999916e-02 3.750999999999999890e-01
1.711118999999999835e-02 3.718000000000000194e-01
1.025532000000000006e-02 3.849000000000000199e-01
1.271677000000000050e-02 4.050000000000000266e-01
2.067178000000000071e-02 3.765000000000000013e-01
2.394525999999999946e-02 4.071000000000000174e-01
1.409565999999999944e-02 3.803000000000000269e-01
2.065428000000000056e-02 3.970000000000000195e-01
1.563325000000000131e-02 3.941000000000000059e-01
1.334893000000000017e-02 4.084999999999999742e-01
1.456021000000000051e-02 3.658000000000000140e-01
1.563271000000000105e-02 3.578999999999999959e-01
1.691002999999999951e-02 3.982999999999999874e-01
3.003650999999999890e-02 3.618999999999999995e-01
3.031673000000000007e-02 4.053999999999999826e-01
1.063283999999999931e-02 4.182000000000000162e-01
2.640932000000000002e-02 3.691999999999999726e-01
1.336839000000000083e-02 3.750000000000000000e-01
2.111678000000000166e-02 3.881000000000000005e-01
3.185687999999999714e-02 3.763000000000000234e-01
1.774523999999999893e-02 3.968999999999999750e-01
1.962809999999999902e-02 3.640999999999999792e-01
1.476866999999999937e-02 3.871999999999999886e-01
2.289385999999999852e-02 3.674000000000000044e-01
1.743487000000000162e-02 3.775999999999999912e-01
3.401644999999999669e-02 3.951999999999999957e-01
2.048350000000000171e-02 3.728000000000000203e-01
1.802737000000000089e-02 3.859000000000000208e-01
1.123941000000000003e-02 3.973999999999999755e-01
1.543853000000000066e-02 4.169999999999999818e-01
2.147564000000000070e-02 3.921999999999999931e-01
1.723670999999999884e-02 4.052999999999999936e-01
3.097553000000000112e-02 3.956000000000000072e-01
1.862505000000000063e-02 3.746999999999999775e-01
1.052770999999999915e-02 3.916000000000000036e-01
2.131225999999999954e-02 3.839000000000000190e-01
2.647427999999999934e-02 3.643000000000000127e-01
1.843766000000000155e-02 3.677000000000000268e-01
1.234221999999999923e-02 4.048999999999999821e-01
1.767731999999999984e-02 3.919000000000000261e-01
1.950692000000000051e-02 3.971999999999999975e-01
1.823301999999999909e-02 3.629000000000000004e-01
1.589646000000000114e-02 3.835999999999999965e-01
1.143169999999999950e-02 3.705999999999999850e-01
1.140651999999999985e-02 3.690999999999999837e-01
2.398018000000000025e-02 4.072999999999999954e-01
1.670790000000000122e-02 3.896000000000000019e-01
1.869215000000000113e-02 3.632000000000000228e-01
1.580929999999999835e-02 3.849000000000000199e-01
1.764889999999999862e-02 4.007000000000000006e-01
2.023267000000000121e-02 3.728000000000000203e-01
1.216828000000000007e-02 3.975000000000000200e-01
3.634488000000000302e-02 4.037000000000000033e-01
1.989087999999999967e-02 3.836999999999999855e-01
2.513446999999999903e-02 3.840000000000000080e-01
1.451198000000000071e-02 4.126000000000000223e-01
1.687461000000000169e-02 3.726999999999999758e-01
2.007828000000000043e-02 3.781999999999999806e-01
2.918571999999999833e-02 3.965000000000000191e-01
1.870089000000000126e-02 4.001000000000000112e-01
1.958019999999999899e-02 3.956999999999999962e-01
1.501486999999999961e-02 3.663000000000000145e-01
2.005902000000000032e-02 3.708000000000000185e-01
1.408280999999999943e-02 3.519999999999999796e-01
2.632079999999999836e-02 3.850999999999999979e-01
2.672580999999999915e-02 3.900000000000000133e-01
2.548200000000000118e-02 4.008999999999999786e-01
1.297514999999999953e-02 3.790000000000000036e-01
1.795290999999999901e-02 4.078999999999999848e-01
1.944239000000000037e-02 3.670999999999999819e-01
1.878936000000000148e-02 3.857999999999999763e-01
2.589713000000000084e-02 3.593000000000000083e-01
2.098455999999999932e-02 3.776999999999999802e-01
2.192047000000000093e-02 4.012000000000000011e-01
2.188259999999999858e-02 3.674000000000000044e-01
1.453338000000000026e-02 3.466000000000000192e-01
3.000125000000000014e-02 3.810999999999999943e-01
1.293217999999999972e-02 3.906000000000000028e-01
1.065433999999999999e-02 3.734999999999999987e-01
1.123306999999999951e-02 4.081000000000000183e-01
1.677943999999999963e-02 3.739000000000000101e-01
2.546268999999999963e-02 3.968999999999999750e-01
2.012457999999999955e-02 3.924000000000000266e-01
1.170247999999999948e-02 3.957999999999999852e-01
1.772521000000000166e-02 4.046000000000000152e-01
1.583004000000000008e-02 3.975000000000000200e-01
1.211727999999999937e-02 3.816999999999999837e-01
2.494141999999999887e-02 4.012000000000000011e-01
3.736509999999999831e-02 4.018999999999999795e-01
1.121627000000000041e-02 3.775999999999999912e-01
1.180954000000000031e-02 3.874000000000000221e-01
1.349017999999999919e-02 3.768000000000000238e-01
2.669190000000000104e-02 3.613999999999999990e-01
1.919966000000000034e-02 3.891999999999999904e-01
1.106146000000000039e-02 3.648000000000000131e-01
1.978678000000000034e-02 3.685999999999999832e-01
1.204840000000000078e-02 3.901000000000000023e-01
1.570647999999999836e-02 3.776999999999999802e-01
1.186190999999999982e-02 3.507000000000000117e-01
1.463813999999999914e-02 3.805000000000000049e-01
1.452804000000000074e-02 4.097999999999999976e-01
1.875084000000000126e-02 4.107999999999999985e-01
1.534181000000000086e-02 4.017000000000000015e-01
1.976638000000000006e-02 3.659000000000000030e-01
2.026396000000000100e-02 3.597000000000000197e-01
1.255131999999999949e-02 4.121000000000000218e-01
1.898661999999999919e-02 3.679999999999999938e-01
1.655014999999999958e-02 3.750999999999999890e-01
1.178723999999999918e-02 3.744000000000000106e-01
1.608682000000000167e-02 3.943999999999999728e-01
3.202603999999999868e-02 3.855000000000000093e-01
1.208114000000000063e-02 3.822999999999999732e-01
1.893645000000000050e-02 3.790999999999999925e-01
1.161251999999999944e-02 3.876999999999999891e-01
1.445468999999999921e-02 3.780000000000000027e-01
1.971909000000000162e-02 4.032999999999999918e-01
1.363437999999999976e-02 4.122999999999999998e-01
2.311262000000000039e-02 3.907999999999999807e-01
1.465026000000000002e-02 4.082999999999999963e-01
1.892123999999999889e-02 3.573999999999999955e-01
2.095740000000000103e-02 3.936999999999999944e-01
1.787963000000000052e-02 3.522000000000000131e-01
1.666592000000000073e-02 3.699999999999999956e-01
1.901786000000000101e-02 4.329000000000000070e-01
2.651314000000000101e-02 4.108999999999999875e-01
1.470418000000000072e-02 3.800000000000000044e-01
1.343970000000000060e-02 3.644999999999999907e-01
2.930738000000000093e-02 3.790000000000000036e-01
1.733275999999999914e-02 4.020000000000000240e-01
1.479261999999999938e-02 3.806999999999999829e-01
2.404836999999999947e-02 3.865999999999999992e-01
1.419066000000000077e-02 4.051000000000000156e-01
1.784476000000000118e-02 3.897999999999999798e-01
1.686918000000000098e-02 3.667000000000000259e-01
1.194186000000000032e-02 3.835999999999999965e-01
1.696334000000000036e-02 3.493999999999999884e-01
1.177384000000000069e-02 3.993999999999999773e-01
1.455823000000000013e-02 3.881000000000000005e-01
2.243780999999999901e-02 3.800000000000000044e-01
2.335289000000000115e-02 3.995000000000000218e-01
1.603407000000000096e-02 4.032000000000000028e-01
1.387119000000000026e-02 3.632000000000000228e-01
1.000895000000000083e-02 3.914000000000000257e-01
1.210773000000000058e-02 3.795999999999999930e-01
1.403915000000000024e-02 3.876000000000000001e-01
1.373453000000000000e-02 4.179999999999999827e-01
2.603961000000000123e-02 3.715999999999999859e-01
1.607917999999999847e-02 3.763000000000000234e-01
1.495107000000000033e-02 3.842999999999999750e-01
1.519501000000000011e-02 4.015000000000000235e-01
1.787220000000000128e-02 3.820000000000000062e-01
3.296189000000000063e-02 3.750999999999999890e-01
1.219452000000000036e-02 3.633000000000000118e-01
1.100368000000000006e-02 4.079999999999999738e-01
1.646156000000000008e-02 3.655999999999999805e-01
1.236120999999999921e-02 3.941000000000000059e-01
1.471283999999999960e-02 4.215999999999999748e-01
1.672931000000000071e-02 3.857999999999999763e-01
2.278731000000000159e-02 3.960000000000000187e-01
2.363053000000000028e-02 3.543999999999999928e-01
2.145220000000000113e-02 4.055000000000000271e-01
1.143070000000000024e-02 3.744999999999999996e-01
5.121065999999999813e-02 3.846999999999999864e-01
1.389197000000000001e-02 3.800000000000000044e-01
1.731535000000000019e-02 4.108999999999999875e-01
1.007392000000000010e-02 3.841999999999999860e-01
1.656428999999999888e-02 3.701999999999999735e-01
1.602328000000000086e-02 3.857999999999999763e-01
1.688477999999999854e-02 4.097000000000000086e-01
1.407810999999999958e-02 3.800000000000000044e-01
2.275535000000000058e-02 4.142000000000000126e-01
1.740494000000000069e-02 4.108999999999999875e-01
1.842871000000000092e-02 3.713000000000000189e-01
2.228959000000000149e-02 3.811999999999999833e-01
2.762368999999999936e-02 4.274999999999999911e-01
1.871841000000000130e-02 3.750999999999999890e-01
1.130730999999999924e-02 4.224999999999999867e-01
1.420488999999999953e-02 4.114999999999999769e-01
1.470724999999999984e-02 3.806999999999999829e-01
9.620470000000000757e-03 3.781999999999999806e-01
8.909530000000000574e-03 3.976000000000000090e-01
2.333477999999999941e-02 3.619999999999999885e-01
1.506892999999999948e-02 4.055000000000000271e-01
9.501479999999999648e-03 4.022000000000000020e-01
1.874931999999999988e-02 3.739999999999999991e-01
1.225730000000000049e-02 3.504999999999999782e-01
2.088411000000000087e-02 4.315999999999999837e-01
2.814101999999999923e-02 3.845000000000000084e-01
1.336804999999999938e-02 3.654000000000000026e-01
1.736580999999999889e-02 3.700999999999999845e-01
1.527093000000000027e-02 4.146000000000000241e-01
1.720448999999999937e-02 4.006000000000000116e-01
1.198742000000000037e-02 4.324000000000000066e-01
1.211230999999999940e-02 3.911000000000000032e-01
1.331438000000000066e-02 3.824000000000000177e-01
2.858455999999999844e-02 3.957999999999999852e-01
1.800105999999999928e-02 3.991000000000000103e-01
1.327782999999999915e-02 4.012000000000000011e-01
1.364913000000000064e-02 3.711999999999999744e-01
2.508774000000000073e-02 3.897999999999999798e-01
2.043290999999999857e-02 3.955000000000000182e-01
3.036116000000000162e-02 4.037999999999999923e-01
2.183258000000000074e-02 3.620999999999999774e-01
1.593726000000000170e-02 4.089999999999999747e-01
2.623077999999999868e-02 3.961999999999999966e-01
1.584390999999999924e-02 3.640999999999999792e-01
1.069407999999999991e-02 4.079999999999999738e-01
4.109304999999999902e-02 3.896999999999999909e-01
2.119002999999999859e-02 3.966999999999999971e-01
1.452880999999999964e-02 3.972999999999999865e-01
1.562002000000000008e-02 3.988999999999999768e-01
1.568535000000000068e-02 3.877999999999999781e-01
1.018125999999999927e-02 4.154999999999999805e-01
1.350636000000000024e-02 3.634000000000000008e-01
1.713587000000000096e-02 3.940000000000000169e-01
1.772684999999999886e-02 3.941000000000000059e-01
1.633862999999999982e-02 3.597000000000000197e-01
9.092150000000000232e-03 3.763000000000000234e-01
1.717812999999999979e-02 3.679000000000000048e-01
1.245977000000000022e-02 4.037999999999999923e-01
1.768526000000000126e-02 3.991000000000000103e-01
1.551202999999999957e-02 3.786999999999999811e-01
1.828851000000000088e-02 3.805999999999999939e-01
2.052392999999999926e-02 3.700999999999999845e-01
2.409920000000000118e-02 3.644999999999999907e-01
1.960423000000000027e-02 3.810999999999999943e-01
1.660864999999999911e-02 3.508999999999999897e-01
1.940466000000000066e-02 3.624999999999999889e-01
1.551285999999999984e-02 3.806999999999999829e-01
1.575864999999999905e-02 3.887999999999999790e-01
1.850728999999999916e-02 3.886999999999999900e-01
1.194041000000000026e-02 4.217000000000000193e-01
1.377720999999999980e-02 3.901000000000000023e-01
2.058638000000000134e-02 4.182000000000000162e-01
2.999635999999999969e-02 3.583999999999999964e-01
1.284930999999999920e-02 3.476000000000000201e-01
2.164117999999999944e-02 3.817999999999999727e-01
1.872410999999999867e-02 4.091000000000000192e-01
1.299192000000000055e-02 4.028999999999999804e-01
1.847980999999999929e-02 4.093999999999999861e-01
2.812119999999999898e-02 3.955000000000000182e-01
2.492946000000000051e-02 4.193000000000000060e-01
2.764865000000000031e-02 3.817999999999999727e-01
1.391940000000000018e-02 3.650999999999999801e-01
1.591445999999999833e-02 3.936000000000000054e-01
1.425188999999999970e-02 3.881000000000000005e-01
2.676484000000000155e-02 4.254000000000000004e-01
2.544853000000000046e-02 3.936999999999999944e-01
1.464372000000000069e-02 3.897999999999999798e-01
1.354523000000000012e-02 4.068999999999999839e-01
2.200208000000000025e-02 4.025000000000000244e-01
9.876619999999999150e-03 3.812999999999999723e-01
1.310100999999999974e-02 3.800999999999999934e-01
1.695073999999999886e-02 3.997999999999999887e-01
1.125084999999999974e-02 4.129999999999999782e-01
1.677056000000000033e-02 3.549999999999999822e-01
1.139043000000000000e-02 4.043999999999999817e-01
1.635203000000000004e-02 3.627000000000000224e-01
1.239304999999999921e-02 3.451000000000000179e-01
1.312043000000000063e-02 3.597000000000000197e-01
1.744806999999999955e-02 3.899000000000000243e-01
1.865028999999999992e-02 3.351999999999999980e-01
1.188590999999999953e-02 3.977999999999999869e-01
1.481878000000000015e-02 3.637000000000000233e-01
2.028013999999999858e-02 3.779000000000000137e-01
1.239529999999999972e-02 3.492000000000000104e-01
1.177651000000000045e-02 3.970000000000000195e-01
1.689701000000000050e-02 3.855999999999999983e-01
1.449345999999999968e-02 3.789000000000000146e-01
1.239052000000000035e-02 4.123999999999999888e-01
1.273236999999999980e-02 3.831999999999999851e-01
1.244150999999999938e-02 4.037000000000000033e-01
1.392151999999999973e-02 3.736999999999999766e-01
1.261118999999999955e-02 3.926000000000000045e-01
1.214221000000000050e-02 3.793000000000000260e-01
2.350994000000000000e-02 3.941000000000000059e-01
2.696959999999999982e-02 4.030000000000000249e-01
1.378697000000000082e-02 3.669999999999999929e-01
1.321857000000000067e-02 3.721999999999999753e-01
1.486559999999999965e-02 4.088999999999999857e-01
1.766368999999999925e-02 3.952999999999999847e-01
2.028705999999999912e-02 4.032999999999999918e-01
1.354646999999999969e-02 4.046000000000000152e-01
2.144723999999999936e-02 3.901000000000000023e-01
9.975980000000000611e-03 3.711999999999999744e-01
1.240265999999999938e-02 4.063999999999999835e-01
2.357302999999999829e-02 3.351999999999999980e-01
1.306036000000000002e-02 3.523999999999999910e-01
1.709801000000000029e-02 3.804000000000000159e-01
1.136725000000000062e-02 3.945000000000000173e-01
2.148096999999999854e-02 3.413999999999999813e-01
9.841739999999999863e-03 3.945000000000000173e-01
2.233136999999999969e-02 4.018999999999999795e-01
3.022700999999999860e-02 3.713000000000000189e-01
1.869770000000000112e-02 3.906999999999999917e-01
1.613264000000000017e-02 3.743000000000000216e-01
1.460490000000000052e-02 4.026000000000000134e-01
1.483936999999999930e-02 3.811999999999999833e-01
1.269016000000000068e-02 4.055000000000000271e-01
1.503156999999999931e-02 3.618000000000000105e-01
1.570113000000000064e-02 3.565999999999999726e-01
1.176915000000000079e-02 3.982999999999999874e-01
1.558608000000000042e-02 3.779000000000000137e-01
1.328347000000000035e-02 4.149999999999999800e-01
2.413032000000000024e-02 3.639999999999999902e-01
1.926136000000000167e-02 3.672000000000000264e-01
2.957225000000000131e-02 3.952999999999999847e-01
1.461466999999999974e-02 3.900000000000000133e-01
1.849539000000000044e-02 3.637000000000000233e-01
1.392820999999999990e-02 3.768000000000000238e-01
2.340669999999999903e-02 4.002999999999999892e-01
1.387798999999999977e-02 3.795999999999999930e-01
6.307187999999999684e-02 3.733000000000000207e-01
1.597453999999999888e-02 3.921999999999999931e-01
1.675656999999999841e-02 3.803000000000000269e-01
1.946851999999999958e-02 4.168999999999999928e-01
1.458927999999999961e-02 4.002000000000000002e-01
1.454412000000000066e-02 4.159999999999999809e-01
1.611699000000000118e-02 3.837999999999999745e-01
9.811709999999999529e-03 4.072000000000000064e-01
1.756473000000000062e-02 4.050000000000000266e-01
1.359468999999999955e-02 3.872999999999999776e-01
1.635819000000000162e-02 4.215999999999999748e-01
1.817726000000000064e-02 3.803000000000000269e-01
1.120807000000000053e-02 3.821999999999999842e-01
1.581466999999999942e-02 3.887999999999999790e-01
1.299174999999999983e-02 3.801999999999999824e-01
1.326581999999999935e-02 3.584999999999999853e-01
1.454154000000000037e-02 3.874000000000000221e-01
1.077215999999999937e-02 3.902999999999999803e-01
1.993684999999999902e-02 4.103999999999999870e-01
2.108892999999999879e-02 3.965000000000000191e-01
1.772560000000000108e-02 3.750999999999999890e-01
1.037148000000000063e-02 3.837999999999999745e-01
2.993561999999999959e-02 4.067000000000000060e-01
1.326354000000000075e-02 3.859000000000000208e-01
1.334652000000000061e-02 3.957999999999999852e-01
1.071743000000000001e-02 4.242000000000000215e-01
1.464998999999999989e-02 3.750999999999999890e-01
1.984847000000000000e-02 3.945000000000000173e-01
1.124736999999999959e-02 3.900000000000000133e-01
2.210389000000000104e-02 3.986000000000000099e-01
2.115082000000000073e-02 3.794000000000000150e-01
1.538717000000000036e-02 3.704000000000000070e-01
1.262869999999999965e-02 3.588999999999999968e-01
2.250591000000000050e-02 3.811999999999999833e-01
1.412174000000000068e-02 3.603000000000000091e-01
1.438773999999999956e-02 4.159999999999999809e-01
1.967479000000000103e-02 3.857999999999999763e-01
2.737747999999999918e-02 3.721999999999999753e-01
2.112553000000000000e-02 3.840000000000000080e-01
1.146321999999999966e-02 4.102999999999999980e-01
2.251107000000000108e-02 3.694999999999999951e-01
1.273413999999999970e-02 3.965000000000000191e-01
1.087141999999999969e-02 3.648000000000000131e-01
1.468017999999999927e-02 3.973999999999999755e-01
1.616452000000000166e-02 3.604999999999999871e-01
1.863771999999999998e-02 4.037999999999999923e-01
1.339422000000000008e-02 3.902999999999999803e-01
1.240419000000000070e-02 4.068999999999999839e-01
1.864267999999999828e-02 3.943999999999999728e-01
1.741650999999999963e-02 3.921999999999999931e-01
1.619877000000000122e-02 3.947999999999999843e-01
1.538097000000000075e-02 3.669999999999999929e-01
1.672132999999999953e-02 3.825000000000000067e-01
5.059133999999999853e-02 3.488999999999999879e-01
1.456034999999999968e-02 3.751999999999999780e-01
1.357392999999999968e-02 3.803000000000000269e-01
2.705561999999999898e-02 4.148999999999999910e-01
1.810134000000000049e-02 3.904000000000000248e-01
1.248675999999999953e-02 3.800999999999999934e-01
1.419249000000000031e-02 3.846999999999999864e-01
2.311142999999999878e-02 3.734000000000000097e-01
1.810685999999999893e-02 4.066000000000000170e-01
1.481017999999999918e-02 3.719999999999999973e-01
1.024521999999999933e-02 3.755000000000000004e-01
1.261186000000000078e-02 3.892999999999999794e-01
1.653707999999999914e-02 3.900000000000000133e-01
1.340466000000000053e-02 4.230999999999999761e-01
1.468087000000000038e-02 3.920000000000000151e-01
1.706973999999999991e-02 3.730999999999999872e-01
9.456050000000000566e-03 4.043999999999999817e-01
1.949448999999999974e-02 3.794000000000000150e-01
1.713030000000000108e-02 4.066000000000000170e-01
1.459577999999999917e-02 4.122999999999999998e-01
1.410899000000000007e-02 3.921000000000000041e-01
1.164153000000000063e-02 3.773000000000000242e-01
1.721026999999999973e-02 3.953999999999999737e-01
1.272052000000000078e-02 3.926000000000000045e-01
1.405250000000000075e-02 3.637000000000000233e-01
1.410183999999999917e-02 3.701999999999999735e-01
2.125072999999999893e-02 3.915000000000000147e-01
1.869031999999999985e-02 3.927999999999999825e-01
1.064689000000000087e-02 3.623999999999999999e-01
3.588921999999999946e-02 3.795999999999999930e-01
1.342837000000000024e-02 3.684999999999999942e-01
1.505423999999999998e-02 3.800999999999999934e-01
2.911694000000000088e-02 3.724000000000000088e-01
2.738907000000000147e-02 3.930000000000000160e-01
1.333158000000000086e-02 3.746999999999999775e-01
1.376454000000000046e-02 3.920000000000000151e-01
1.633031000000000066e-02 3.897999999999999798e-01
1.240616999999999935e-02 4.212000000000000188e-01
1.827971000000000110e-02 4.132000000000000117e-01
2.623767999999999934e-02 3.996000000000000107e-01
1.811516000000000168e-02 3.778000000000000247e-01
2.692479999999999873e-02 4.173999999999999932e-01
1.268018999999999917e-02 3.915000000000000147e-01
1.245473000000000066e-02 3.806999999999999829e-01
2.006840000000000013e-02 4.193000000000000060e-01
2.562183000000000169e-02 3.795000000000000040e-01
1.467188999999999993e-02 4.259000000000000008e-01
2.294558000000000014e-02 3.890000000000000124e-01
1.571043000000000092e-02 3.876000000000000001e-01
1.133444999999999939e-02 4.025000000000000244e-01
1.820994000000000085e-02 3.761999999999999789e-01
2.415472000000000105e-02 3.746999999999999775e-01
1.298704999999999998e-02 3.662000000000000255e-01
1.123174000000000047e-02 3.934000000000000274e-01
1.930810999999999986e-02 3.759000000000000119e-01
2.353954999999999936e-02 3.689000000000000057e-01
2.398530000000000106e-02 4.099999999999999756e-01
1.020454999999999973e-02 4.023999999999999799e-01
2.524703999999999837e-02 4.134999999999999787e-01
1.738620999999999917e-02 3.832999999999999741e-01
1.076542999999999944e-02 3.474999999999999756e-01
1.510964000000000057e-02 4.109999999999999765e-01
1.267086000000000080e-02 3.829000000000000181e-01
1.234999999999999987e-02 4.284000000000000030e-01
4.869678000000000201e-02 3.824000000000000177e-01
2.164434000000000149e-02 3.575999999999999734e-01
1.217139000000000068e-02 3.914000000000000257e-01
4.237981999999999860e-02 3.876999999999999891e-01
2.261182000000000122e-02 3.841999999999999860e-01
9.738770000000000759e-03 3.916000000000000036e-01
1.486033999999999966e-02 3.819000000000000172e-01
2.127976000000000173e-02 4.017000000000000015e-01
1.589068999999999898e-02 4.522999999999999798e-01
1.264109000000000066e-02 3.730999999999999872e-01
2.551099000000000075e-02 3.637000000000000233e-01
1.186440000000000064e-02 3.967999999999999861e-01
1.478482000000000060e-02 4.071000000000000174e-01
1.945828999999999961e-02 4.032000000000000028e-01
1.252894000000000056e-02 3.914000000000000257e-01
1.120249000000000071e-02 3.698000000000000176e-01
2.463575999999999960e-02 3.988999999999999768e-01
1.370328999999999992e-02 3.854000000000000203e-01
1.844580999999999998e-02 3.798000000000000265e-01
1.569082000000000116e-02 3.870999999999999996e-01
1.493676000000000031e-02 3.831999999999999851e-01
2.054359999999999867e-02 3.952999999999999847e-01
1.867442999999999881e-02 4.288000000000000145e-01
1.308024999999999986e-02 4.168000000000000038e-01
1.541096999999999953e-02 3.835000000000000075e-01
1.670808999999999836e-02 3.706999999999999740e-01
1.899945999999999927e-02 3.910000000000000142e-01
2.187211999999999837e-02 3.629999999999999893e-01
1.192341000000000061e-02 3.784000000000000141e-01
1.540918999999999969e-02 4.112999999999999989e-01
1.171492000000000019e-02 4.107999999999999985e-01
1.164837999999999985e-02 3.859000000000000208e-01
1.507137000000000060e-02 4.074999999999999734e-01
1.155687000000000034e-02 3.791999999999999815e-01
1.491834000000000042e-02 4.057999999999999940e-01
1.341241999999999955e-02 4.159999999999999809e-01
1.859107000000000121e-02 4.153999999999999915e-01
2.280764999999999876e-02 3.968999999999999750e-01
1.415944000000000057e-02 4.053999999999999826e-01
1.272826999999999986e-02 3.519999999999999796e-01
1.362554000000000022e-02 3.704000000000000070e-01
1.468356000000000001e-02 3.867999999999999772e-01
1.903902999999999845e-02 3.779000000000000137e-01
1.964613000000000123e-02 3.825999999999999956e-01
2.943650000000000086e-02 3.973999999999999755e-01
1.792260000000000034e-02 3.674999999999999933e-01
2.516528999999999988e-02 3.629000000000000004e-01
1.686137999999999873e-02 3.574999999999999845e-01
1.574568999999999969e-02 4.050000000000000266e-01
1.363045000000000055e-02 3.951999999999999957e-01
1.601477999999999929e-02 4.025000000000000244e-01
1.613778000000000087e-02 4.229999999999999871e-01
1.680981999999999962e-02 3.785999999999999921e-01
2.593109000000000039e-02 4.163999999999999924e-01
9.997159999999999727e-03 3.911000000000000032e-01
1.174124999999999995e-02 3.864000000000000212e-01
1.431570000000000065e-02 3.993999999999999773e-01
1.706705999999999848e-02 3.876000000000000001e-01
1.361280999999999949e-02 4.102000000000000091e-01
2.015362999999999877e-02 4.238000000000000100e-01
2.155071000000000070e-02 3.855000000000000093e-01
1.657122000000000109e-02 3.983999999999999764e-01
1.567877999999999980e-02 4.057000000000000051e-01
1.590048999999999976e-02 3.877999999999999781e-01
1.695433000000000009e-02 3.526000000000000245e-01
1.928472999999999993e-02 3.960000000000000187e-01
1.487768000000000077e-02 3.915000000000000147e-01
1.693017000000000133e-02 4.056000000000000161e-01
1.533895000000000050e-02 4.041000000000000147e-01
1.007957999999999944e-02 3.930000000000000160e-01
1.924763999999999989e-02 3.694000000000000061e-01
1.763206999999999969e-02 3.865000000000000102e-01
1.156668999999999926e-02 4.254000000000000004e-01
1.268367999999999926e-02 3.886000000000000010e-01
1.679655999999999857e-02 3.816999999999999837e-01
1.093857999999999983e-02 3.871999999999999886e-01
2.414751999999999871e-02 3.682000000000000273e-01
1.073370000000000053e-02 4.106000000000000205e-01
2.743336999999999859e-02 4.063999999999999835e-01
2.123612000000000069e-02 3.791999999999999815e-01
1.733623000000000108e-02 3.836999999999999855e-01
1.528301999999999959e-02 3.911999999999999922e-01
1.223650000000000085e-02 3.916999999999999926e-01
1.860706999999999986e-02 3.942999999999999838e-01
2.229027000000000092e-02 4.023999999999999799e-01
1.496041000000000037e-02 4.111000000000000210e-01
1.397049000000000034e-02 3.894000000000000239e-01
1.682925000000000046e-02 3.640999999999999792e-01
1.972706999999999933e-02 4.213000000000000078e-01
1.283137999999999987e-02 4.067999999999999949e-01
1.635841000000000031e-02 4.179999999999999827e-01
2.269372999999999876e-02 4.053999999999999826e-01
1.577401000000000150e-02 3.770999999999999908e-01
1.634584000000000037e-02 3.750000000000000000e-01
1.659336000000000144e-02 3.603999999999999981e-01
1.722316999999999945e-02 4.001000000000000112e-01
1.595364000000000157e-02 3.816999999999999837e-01
1.364132000000000018e-02 3.810000000000000053e-01
1.757113999999999898e-02 4.078999999999999848e-01
1.954542999999999905e-02 3.931999999999999940e-01
2.057056000000000162e-02 3.987999999999999878e-01
1.346164000000000041e-02 3.876999999999999891e-01
1.539541000000000000e-02 4.079999999999999738e-01
2.318807999999999980e-02 3.744999999999999996e-01
2.458938999999999916e-02 3.977999999999999869e-01
1.690971000000000141e-02 4.025000000000000244e-01
3.475564999999999904e-02 3.956999999999999962e-01
1.595128999999999991e-02 3.710999999999999854e-01
1.717605000000000173e-02 3.850999999999999979e-01
2.168062000000000114e-02 3.353999999999999759e-01
2.463233000000000089e-02 4.031000000000000139e-01
1.593442999999999943e-02 3.716999999999999749e-01
2.526555999999999941e-02 3.874000000000000221e-01
1.676456000000000127e-02 3.761999999999999789e-01
2.203161999999999829e-02 3.741999999999999771e-01
1.997521999999999839e-02 3.719000000000000083e-01
1.078798000000000083e-02 3.951999999999999957e-01
1.733927000000000038e-02 3.884000000000000230e-01
1.169947999999999995e-02 4.076000000000000179e-01
1.299318000000000001e-02 3.774000000000000132e-01
2.010282999999999862e-02 3.902999999999999803e-01
1.172780999999999997e-02 4.025000000000000244e-01
1.184354999999999956e-02 3.930000000000000160e-01
1.793994000000000144e-02 4.021000000000000130e-01
2.063115000000000088e-02 3.467999999999999972e-01
3.716523000000000049e-02 4.036000000000000143e-01
2.708344000000000029e-02 3.808000000000000274e-01
1.318269000000000038e-02 3.872999999999999776e-01
1.810064000000000117e-02 3.583999999999999964e-01
1.801793999999999965e-02 3.875000000000000111e-01
1.721425999999999859e-02 4.058999999999999830e-01
1.280306999999999973e-02 3.966999999999999971e-01
1.223185000000000071e-02 3.955000000000000182e-01
1.522111999999999944e-02 3.922999999999999821e-01
1.586902000000000104e-02 3.805000000000000049e-01
1.785472999999999921e-02 3.976000000000000090e-01
1.183507999999999956e-02 3.992999999999999883e-01
1.293803999999999961e-02 3.885000000000000120e-01
1.571153999999999953e-02 3.708000000000000185e-01
1.465387999999999934e-02 3.749000000000000110e-01
1.450274000000000008e-02 3.857999999999999763e-01
1.948791000000000065e-02 4.366999999999999771e-01
1.453570000000000036e-02 3.824000000000000177e-01
1.534379999999999945e-02 4.081000000000000183e-01
1.161185999999999989e-02 3.532000000000000139e-01
1.603771999999999837e-02 3.798000000000000265e-01
1.358472999999999972e-02 3.874000000000000221e-01
1.290653999999999933e-02 3.932999999999999829e-01
1.808718000000000131e-02 3.884000000000000230e-01
1.092649000000000051e-02 4.028999999999999804e-01
2.955344000000000027e-02 4.053999999999999826e-01
1.349387999999999976e-02 3.914000000000000257e-01
1.328066999999999963e-02 3.245000000000000107e-01
1.974040000000000170e-02 3.876999999999999891e-01
1.234975999999999956e-02 3.633000000000000118e-01
2.146295000000000147e-02 4.318000000000000171e-01
1.598843999999999960e-02 4.128999999999999893e-01
2.216328999999999869e-02 3.650999999999999801e-01
2.932765000000000025e-02 3.749000000000000110e-01
1.523630999999999944e-02 3.713000000000000189e-01
1.511637000000000050e-02 3.469999999999999751e-01
1.449778000000000004e-02 4.056000000000000161e-01
1.060030999999999994e-02 3.966000000000000081e-01
1.562772000000000119e-02 3.935000000000000164e-01
1.409147999999999998e-02 3.850000000000000089e-01
1.791264000000000051e-02 3.746999999999999775e-01
1.186312999999999951e-02 3.726999999999999758e-01
1.870944000000000079e-02 3.649000000000000021e-01
1.891943999999999917e-02 3.860999999999999988e-01
1.495387999999999926e-02 3.719999999999999973e-01
1.174710999999999984e-02 3.832999999999999741e-01
1.831293999999999977e-02 3.973999999999999755e-01
1.425821000000000033e-02 3.665999999999999814e-01
2.667407000000000111e-02 3.643000000000000127e-01
2.509770000000000056e-02 3.820000000000000062e-01
1.295231999999999981e-02 4.056000000000000161e-01
1.927117000000000066e-02 3.889000000000000234e-01
1.368743000000000043e-02 3.544999999999999818e-01
1.325167000000000012e-02 3.729999999999999982e-01
1.487460999999999992e-02 3.755999999999999894e-01
2.037162000000000001e-02 4.158999999999999919e-01
3.269306000000000295e-02 4.097000000000000086e-01
1.092111999999999944e-02 4.055000000000000271e-01
2.035117999999999996e-02 3.444999999999999729e-01
1.858492999999999951e-02 4.058999999999999830e-01
1.834103000000000122e-02 3.623000000000000109e-01
9.687879999999999409e-03 4.143000000000000016e-01
1.195194999999999938e-02 3.569999999999999840e-01
2.093555000000000069e-02 3.780999999999999917e-01
1.115488000000000070e-02 3.872999999999999776e-01
1.523649000000000010e-02 4.042000000000000037e-01
2.961232000000000100e-02 4.128999999999999893e-01
1.768375999999999976e-02 3.633000000000000118e-01
1.260209999999999976e-02 3.648000000000000131e-01
9.797010000000000093e-03 4.154999999999999805e-01
1.728491999999999876e-02 3.699000000000000066e-01
1.607886999999999858e-02 3.956000000000000072e-01
1.382231000000000085e-02 3.577000000000000179e-01
1.324929000000000037e-02 3.706999999999999740e-01
1.253697999999999965e-02 3.810000000000000053e-01
1.344536999999999989e-02 3.819000000000000172e-01
2.060475000000000154e-02 4.203000000000000069e-01
1.571436999999999834e-02 3.945000000000000173e-01
1.649745999999999851e-02 4.032999999999999918e-01
1.666248000000000035e-02 3.684999999999999942e-01
1.843869999999999884e-02 3.998999999999999777e-01
2.698578000000000088e-02 4.069999999999999729e-01
1.114961000000000077e-02 4.101000000000000201e-01
1.396212999999999968e-02 4.396999999999999797e-01
1.837257000000000126e-02 3.691999999999999726e-01
1.774709000000000009e-02 3.963999999999999746e-01
2.949225000000000110e-02 3.739000000000000101e-01
1.436654000000000056e-02 4.133000000000000007e-01
4.211067999999999756e-02 4.086000000000000187e-01
1.907576000000000063e-02 4.138999999999999901e-01
2.011672999999999933e-02 3.382999999999999896e-01
2.138839999999999839e-02 3.711999999999999744e-01
1.270059999999999939e-02 3.734000000000000097e-01
1.843053999999999873e-02 3.619999999999999885e-01
2.779971999999999999e-02 3.751999999999999780e-01
2.096177000000000110e-02 3.809000000000000163e-01
1.225579000000000078e-02 4.126000000000000223e-01
2.718676000000000079e-02 4.197000000000000175e-01
2.480813999999999936e-02 3.830999999999999961e-01
1.171847999999999987e-02 3.763000000000000234e-01
2.181690999999999839e-02 4.097999999999999976e-01
1.272464000000000060e-02 4.052999999999999936e-01
1.689747000000000124e-02 3.870999999999999996e-01
1.910264999999999880e-02 3.811999999999999833e-01
1.264299999999999972e-02 3.943999999999999728e-01
1.443394999999999921e-02 3.812999999999999723e-01
1.361283999999999932e-02 3.836999999999999855e-01
1.245341999999999977e-02 4.198999999999999955e-01
1.126135999999999977e-02 3.896000000000000019e-01
1.312413999999999942e-02 3.988999999999999768e-01
2.250194000000000152e-02 3.726999999999999758e-01
2.095962000000000172e-02 3.941000000000000059e-01
1.405300999999999946e-02 3.917999999999999816e-01
1.032539000000000026e-02 3.719999999999999973e-01
2.025733999999999868e-02 3.809000000000000163e-01
1.342009000000000084e-02 3.995000000000000218e-01
1.894501000000000171e-02 3.820000000000000062e-01
1.012028000000000059e-02 4.122999999999999998e-01
2.030679999999999985e-02 3.771999999999999797e-01
3.780445000000000333e-02 3.859000000000000208e-01
1.574400999999999926e-02 3.985000000000000209e-01
1.784325999999999968e-02 3.764000000000000123e-01
1.239206999999999982e-02 4.022000000000000020e-01
1.468074999999999936e-02 3.598999999999999977e-01
2.626045000000000115e-02 3.983999999999999764e-01
1.943384000000000084e-02 4.182000000000000162e-01
1.634421000000000138e-02 4.334999999999999964e-01
1.965307999999999986e-02 3.891999999999999904e-01
1.639291999999999833e-02 3.786999999999999811e-01
1.675998999999999892e-02 3.899000000000000243e-01
2.466493999999999978e-02 4.121000000000000218e-01
2.228772000000000045e-02 3.951000000000000068e-01
1.823092000000000115e-02 4.116000000000000214e-01
1.466980000000000020e-02 3.865000000000000102e-01
1.577918999999999849e-02 4.166000000000000258e-01
1.809163000000000091e-02 4.230999999999999761e-01
3.028805999999999859e-02 3.815999999999999948e-01
2.046933999999999906e-02 4.098999999999999866e-01
2.918371000000000159e-02 3.967999999999999861e-01
2.341756999999999866e-02 3.613999999999999990e-01
1.355020000000000009e-02 3.835000000000000075e-01
2.482836999999999891e-02 4.063999999999999835e-01
1.637693000000000135e-02 3.765999999999999903e-01
1.560362000000000034e-02 3.835999999999999965e-01
1.490261000000000016e-02 3.992999999999999883e-01
1.244627000000000060e-02 4.021000000000000130e-01
1.620074000000000167e-02 3.996000000000000107e-01
1.432648000000000081e-02 3.558000000000000052e-01
1.518838999999999953e-02 4.035000000000000253e-01
2.140664999999999929e-02 3.803000000000000269e-01
1.373647000000000062e-02 3.889000000000000234e-01
1.847574000000000091e-02 3.658000000000000140e-01
4.282089000000000034e-02 3.755000000000000004e-01
9.483919999999999850e-03 3.842999999999999750e-01
1.252541000000000071e-02 3.860999999999999988e-01
1.362762999999999995e-02 3.946999999999999953e-01
1.207987999999999944e-02 3.891999999999999904e-01
1.174205000000000040e-02 3.790000000000000036e-01
1.491294999999999947e-02 3.980000000000000204e-01
1.786307999999999993e-02 3.846999999999999864e-01
1.886755000000000029e-02 3.901999999999999913e-01
2.134435999999999972e-02 4.028999999999999804e-01
1.115376000000000041e-02 3.825000000000000067e-01
1.105798000000000024e-02 3.650999999999999801e-01
1.620875999999999914e-02 3.846999999999999864e-01
2.890358999999999984e-02 3.966000000000000081e-01
1.299779000000000038e-02 3.770999999999999908e-01
1.332146000000000025e-02 3.771999999999999797e-01
1.801917999999999923e-02 3.886999999999999900e-01
2.887386000000000119e-02 3.361000000000000099e-01
2.382948999999999831e-02 3.709999999999999964e-01
1.218611000000000000e-02 4.308000000000000163e-01
1.326703000000000084e-02 3.775000000000000022e-01
1.661529000000000131e-02 3.850999999999999979e-01
2.191972999999999838e-02 3.885000000000000120e-01
9.091256000000000337e-02 4.218000000000000083e-01
1.207080999999999953e-02 3.614999999999999880e-01
1.365087000000000071e-02 3.790000000000000036e-01
2.024870999999999963e-02 3.803000000000000269e-01
9.499169999999999489e-03 3.982999999999999874e-01
1.966508000000000145e-02 3.892999999999999794e-01
1.057865000000000021e-02 3.734000000000000097e-01
1.655395999999999951e-02 3.983999999999999764e-01
1.425414000000000021e-02 3.855000000000000093e-01
1.461253000000000031e-02 3.728000000000000203e-01
1.206495999999999957e-02 3.844000000000000195e-01
1.557097999999999989e-02 3.775000000000000022e-01
1.786060999999999899e-02 3.862999999999999767e-01
2.132511999999999949e-02 3.931999999999999940e-01
1.491632000000000027e-02 3.815000000000000058e-01
1.425130999999999967e-02 3.894000000000000239e-01
1.831771999999999914e-02 3.804000000000000159e-01
1.252893000000000062e-02 3.812999999999999723e-01
1.355519999999999989e-02 3.579999999999999849e-01
1.556439000000000086e-02 3.714999999999999969e-01
1.580482000000000067e-02 3.669999999999999929e-01
1.576113999999999987e-02 4.112000000000000099e-01
1.233395999999999972e-02 3.927999999999999825e-01
1.450952999999999965e-02 4.027000000000000024e-01
1.794112000000000137e-02 3.870000000000000107e-01
1.517761999999999931e-02 4.015000000000000235e-01
5.097737000000000102e-02 3.703000000000000180e-01
1.903468999999999994e-02 4.166000000000000258e-01
2.211023999999999975e-02 3.778000000000000247e-01
1.806881999999999933e-02 3.965000000000000191e-01
1.485532999999999992e-02 3.685999999999999832e-01
2.075687000000000018e-02 3.971999999999999975e-01
2.436373000000000011e-02 3.678000000000000158e-01
1.586248999999999992e-02 3.820000000000000062e-01
1.559828000000000083e-02 4.002000000000000002e-01
1.932885000000000159e-02 4.015000000000000235e-01
1.540907000000000041e-02 3.889000000000000234e-01
1.946826999999999933e-02 3.971000000000000085e-01
1.418555999999999984e-02 3.837999999999999745e-01
1.462487999999999982e-02 3.972999999999999865e-01
1.519382000000000024e-02 3.924000000000000266e-01
1.443576000000000061e-02 3.794000000000000150e-01
1.210500999999999938e-02 3.603000000000000091e-01
1.395361999999999991e-02 3.598000000000000087e-01
1.940918000000000157e-02 4.052000000000000046e-01
2.845191000000000039e-02 4.133000000000000007e-01
1.567591000000000123e-02 3.927999999999999825e-01
1.616646999999999876e-02 3.799000000000000155e-01
1.711514000000000091e-02 4.117999999999999994e-01
1.495319999999999983e-02 3.569999999999999840e-01
1.976641000000000162e-02 4.040000000000000258e-01
1.951960000000000153e-02 3.741999999999999771e-01
2.129937999999999970e-02 4.021000000000000130e-01
1.837673000000000084e-02 4.047999999999999932e-01
1.461686000000000062e-02 3.829000000000000181e-01
1.552773999999999995e-02 3.708000000000000185e-01
1.557854000000000010e-02 3.976000000000000090e-01
1.785921000000000036e-02 3.649999999999999911e-01
1.307770999999999934e-02 4.053999999999999826e-01
1.981602999999999837e-02 3.624999999999999889e-01
1.656066000000000135e-02 3.932999999999999829e-01
1.559838000000000023e-02 3.765999999999999903e-01
1.667307999999999985e-02 3.608000000000000096e-01
1.503696000000000026e-02 3.746999999999999775e-01
1.136349000000000040e-02 3.721999999999999753e-01
1.508317999999999985e-02 4.047000000000000042e-01
1.509101000000000019e-02 3.784000000000000141e-01
1.992245999999999947e-02 3.799000000000000155e-01
1.200237999999999999e-02 3.602000000000000202e-01
1.902039000000000160e-02 3.744000000000000106e-01
1.778298999999999852e-02 4.020000000000000240e-01
2.767369999999999899e-02 3.718000000000000194e-01
1.493439000000000051e-02 3.891999999999999904e-01
1.693319999999999895e-02 4.263000000000000123e-01
2.174486999999999948e-02 4.117000000000000104e-01
1.637401999999999955e-02 3.909000000000000252e-01
1.489920999999999954e-02 3.948999999999999733e-01
1.110048999999999932e-02 3.966999999999999971e-01
1.041383000000000066e-02 4.183999999999999941e-01
1.364912000000000070e-02 4.032000000000000028e-01
2.310245000000000007e-02 3.866999999999999882e-01
1.899645999999999973e-02 4.046000000000000152e-01
1.634122000000000005e-02 3.855999999999999983e-01
1.345113000000000038e-02 3.980000000000000204e-01
1.533952000000000059e-02 3.852999999999999758e-01
2.838979999999999976e-02 3.776999999999999802e-01
1.076253999999999926e-02 3.832999999999999741e-01
1.743170000000000136e-02 3.680999999999999828e-01
1.566893999999999926e-02 3.997999999999999887e-01
1.244936999999999953e-02 4.016000000000000125e-01
2.046919999999999989e-02 3.613000000000000100e-01
9.538819999999999938e-03 4.218999999999999972e-01
1.450971000000000032e-02 4.139999999999999791e-01
8.413089999999999805e-03 3.380000000000000226e-01
1.394150000000000077e-02 3.965000000000000191e-01
2.085089000000000040e-02 3.745999999999999885e-01
1.221890999999999949e-02 4.126000000000000223e-01
1.299737999999999935e-02 3.839000000000000190e-01
6.110303000000000262e-02 4.300999999999999823e-01
1.517445000000000078e-02 4.200999999999999734e-01
1.204595999999999965e-02 3.724000000000000088e-01
1.538446000000000084e-02 4.302000000000000268e-01
2.324185000000000140e-02 4.008999999999999786e-01
1.079852000000000069e-02 4.232000000000000206e-01
1.707356999999999972e-02 3.857999999999999763e-01
1.490679999999999956e-02 3.659999999999999920e-01
1.448765999999999943e-02 3.723000000000000198e-01
1.553288000000000064e-02 4.037999999999999923e-01
2.751773000000000066e-02 4.087999999999999967e-01
1.669630999999999893e-02 3.876000000000000001e-01
4.166675999999999713e-02 3.992999999999999883e-01
1.794093000000000077e-02 3.860999999999999988e-01
1.614414000000000127e-02 4.045000000000000262e-01
3.955853000000000147e-02 3.739000000000000101e-01
3.294758999999999882e-02 3.835999999999999965e-01
1.526139999999999962e-02 3.884000000000000230e-01
2.717781999999999837e-02 3.650999999999999801e-01
9.242679999999999646e-03 3.860000000000000098e-01
1.763616000000000142e-02 4.042000000000000037e-01
1.317992999999999942e-02 3.568000000000000060e-01
1.775631999999999905e-02 4.040000000000000258e-01
1.637078000000000144e-02 4.173999999999999932e-01
1.127946999999999977e-02 4.072000000000000064e-01
1.423675999999999935e-02 3.844000000000000195e-01
1.947861000000000037e-02 4.275999999999999801e-01
1.300322999999999930e-02 3.971999999999999975e-01
1.927324999999999872e-02 4.076000000000000179e-01
2.040519000000000013e-02 3.709999999999999964e-01
2.277049000000000087e-02 3.929000000000000270e-01
1.189621000000000081e-02 4.171000000000000263e-01
1.254795000000000042e-02 3.821999999999999842e-01
1.229428999999999939e-02 3.825000000000000067e-01
2.432186999999999891e-02 3.711999999999999744e-01
1.053143999999999955e-02 4.413000000000000256e-01
3.683700000000000169e-02 3.966000000000000081e-01
1.616857000000000016e-02 3.778000000000000247e-01
1.716675000000000145e-02 4.032000000000000028e-01
3.145089999999999691e-02 4.138000000000000012e-01
1.107291000000000004e-02 3.808000000000000274e-01
1.843697999999999865e-02 4.169999999999999818e-01
1.366439000000000022e-02 3.872999999999999776e-01
1.290631000000000070e-02 3.635999999999999788e-01
1.114970000000000024e-02 4.082999999999999963e-01
1.257265999999999939e-02 4.146000000000000241e-01
1.321902999999999967e-02 3.946999999999999953e-01
3.507799999999999807e-02 3.526000000000000245e-01
1.981370999999999827e-02 3.719000000000000083e-01
1.120633000000000046e-02 3.790000000000000036e-01
3.881112999999999924e-02 3.784000000000000141e-01
8.976549999999999807e-03 3.785000000000000031e-01
1.089445999999999991e-02 3.547000000000000153e-01
1.341151999999999969e-02 3.734999999999999987e-01
2.137402999999999872e-02 3.683000000000000163e-01
1.578676000000000038e-02 4.152000000000000135e-01
1.793770999999999907e-02 3.899000000000000243e-01
1.995419000000000012e-02 3.983999999999999764e-01
2.150594999999999937e-02 3.553999999999999937e-01
1.629900000000000099e-02 4.077999999999999958e-01
1.442434000000000077e-02 4.091000000000000192e-01
1.639958999999999861e-02 3.766999999999999793e-01
1.557159999999999968e-02 3.827999999999999736e-01
1.519092000000000012e-02 4.053999999999999826e-01
1.440378999999999965e-02 3.521000000000000241e-01
1.823421000000000070e-02 4.229999999999999871e-01
2.111245999999999956e-02 3.845000000000000084e-01
2.128429999999999905e-02 3.985000000000000209e-01
1.464710999999999964e-02 3.675999999999999823e-01
2.961915999999999854e-02 3.945000000000000173e-01
1.932398999999999922e-02 4.086000000000000187e-01
1.656996000000000163e-02 3.771999999999999797e-01
1.546063999999999945e-02 3.734999999999999987e-01
1.403616000000000065e-02 3.819000000000000172e-01
2.021554000000000059e-02 3.849000000000000199e-01
1.537737999999999952e-02 4.062999999999999945e-01
1.577784999999999951e-02 3.804000000000000159e-01
1.444159000000000068e-02 3.575999999999999734e-01
1.563687999999999884e-02 3.992999999999999883e-01
1.751255000000000173e-02 4.207000000000000184e-01
2.467973000000000042e-02 4.023999999999999799e-01
1.628602999999999995e-02 3.741999999999999771e-01
1.530480000000000035e-02 4.297000000000000264e-01
1.247786000000000034e-02 3.915000000000000147e-01
1.923168999999999920e-02 4.074999999999999734e-01
1.756250999999999993e-02 3.937999999999999834e-01
2.147624999999999881e-02 4.057999999999999940e-01
1.269577000000000032e-02 4.575000000000000178e-01
5.459569999999999701e-02 4.052000000000000046e-01
1.295150999999999941e-02 3.951999999999999957e-01
1.469527999999999980e-02 3.754000000000000115e-01
4.651320999999999928e-02 3.977999999999999869e-01
1.678088000000000149e-02 4.215999999999999748e-01
1.804096000000000172e-02 3.907999999999999807e-01
2.998829999999999898e-02 4.119999999999999774e-01
1.984150999999999970e-02 4.067999999999999949e-01
2.929787000000000016e-02 4.002000000000000002e-01
1.600914000000000156e-02 4.225999999999999757e-01
1.653550000000000159e-02 4.228000000000000091e-01
1.760308000000000012e-02 3.831999999999999851e-01
1.236718000000000019e-02 3.719000000000000083e-01
2.361970000000000042e-02 4.028999999999999804e-01
1.469227000000000033e-02 3.927999999999999825e-01
1.365060000000000058e-02 3.733000000000000207e-01
1.053578999999999974e-02 3.664000000000000035e-01
2.004975999999999980e-02 3.909000000000000252e-01
2.461390999999999926e-02 4.071000000000000174e-01
1.630631999999999915e-02 3.951000000000000068e-01
1.583404000000000061e-02 3.654999999999999916e-01
1.096084999999999941e-02 4.001000000000000112e-01
2.394432999999999978e-02 3.829000000000000181e-01
1.425325000000000029e-02 4.151000000000000245e-01
1.215351999999999925e-02 3.765999999999999903e-01
1.146746000000000050e-02 3.796999999999999820e-01
1.581783000000000147e-02 4.108999999999999875e-01
1.256586999999999982e-02 3.622000000000000219e-01
1.475688000000000000e-02 3.847999999999999754e-01
1.810857000000000092e-02 3.739999999999999991e-01
2.237921000000000007e-02 3.946000000000000063e-01
1.750886000000000109e-02 4.181000000000000272e-01
1.803456999999999977e-02 3.801999999999999824e-01
1.982677999999999871e-02 3.897999999999999798e-01
1.480350000000000069e-02 3.673000000000000154e-01
1.536152000000000004e-02 3.498999999999999888e-01
2.693457000000000143e-02 3.760999999999999899e-01
1.632151999999999908e-02 3.926999999999999935e-01
1.645906000000000105e-02 3.751999999999999780e-01
1.167206999999999967e-02 4.116000000000000214e-01
1.679013999999999854e-02 3.629999999999999893e-01
1.075003000000000070e-02 3.869000000000000217e-01
2.096463000000000146e-02 4.106000000000000205e-01
1.274257999999999988e-02 4.060000000000000275e-01
1.526247000000000020e-02 3.775000000000000022e-01
1.490945999999999938e-02 4.089999999999999747e-01
1.724250000000000088e-02 3.815000000000000058e-01
1.309692999999999968e-02 3.942999999999999838e-01
1.463413000000000040e-02 4.107999999999999985e-01
1.512205999999999967e-02 4.007000000000000006e-01
1.265632000000000042e-02 4.037000000000000033e-01
1.612099999999999991e-02 3.805000000000000049e-01
1.692878000000000091e-02 3.906999999999999917e-01
1.500275000000000046e-02 3.731999999999999762e-01
1.325744000000000054e-02 3.879000000000000226e-01
1.280214000000000005e-02 3.864000000000000212e-01
1.263269000000000024e-02 3.785999999999999921e-01
1.616193000000000143e-02 3.750999999999999890e-01
2.026862000000000108e-02 3.951999999999999957e-01
1.595430000000000112e-02 3.644999999999999907e-01
1.599630999999999970e-02 3.991999999999999993e-01
1.606066999999999911e-02 3.602000000000000202e-01
1.410037999999999916e-02 3.962999999999999856e-01
2.584523000000000029e-02 4.007000000000000006e-01
1.323068999999999981e-02 4.207000000000000184e-01
2.212632000000000140e-02 3.760999999999999899e-01
2.012175000000000075e-02 4.153999999999999915e-01
1.852008000000000126e-02 3.663000000000000145e-01
2.351539000000000060e-02 3.711999999999999744e-01
2.139307000000000014e-02 3.901999999999999913e-01
1.171886999999999929e-02 3.703000000000000180e-01
3.064965999999999871e-02 3.942999999999999838e-01
2.758733999999999839e-02 3.554999999999999827e-01
1.766202000000000050e-02 3.859000000000000208e-01
1.397920000000000065e-02 4.235999999999999766e-01
1.367495999999999989e-02 3.780000000000000027e-01
1.700505999999999893e-02 3.694000000000000061e-01
2.971800999999999957e-02 4.055000000000000271e-01
1.340299000000000004e-02 4.248000000000000109e-01
1.628220999999999835e-02 3.835999999999999965e-01
1.694508000000000125e-02 4.012999999999999901e-01
1.331103999999999968e-02 3.886000000000000010e-01
1.552586000000000070e-02 3.695999999999999841e-01
1.440587999999999938e-02 4.164999999999999813e-01
1.323930000000000072e-02 4.260999999999999788e-01
4.934605000000000241e-02 3.704000000000000070e-01
1.419437999999999950e-02 3.579999999999999849e-01
1.521091999999999930e-02 3.847999999999999754e-01
1.486769999999999932e-02 3.815000000000000058e-01
1.622217000000000103e-02 3.385000000000000231e-01
1.496690000000000000e-02 3.990000000000000213e-01
1.339424999999999991e-02 3.776999999999999802e-01
1.643547999999999884e-02 4.388000000000000234e-01
1.122199999999999934e-02 4.178000000000000047e-01
1.480707000000000030e-02 4.223000000000000087e-01
1.886343999999999868e-02 3.760999999999999899e-01
1.375165000000000068e-02 4.017999999999999905e-01
2.071583999999999925e-02 3.901999999999999913e-01
1.279030999999999918e-02 4.092000000000000082e-01
1.078567000000000067e-02 3.840000000000000080e-01
1.178126999999999994e-02 4.072999999999999954e-01
1.663875999999999897e-02 3.812999999999999723e-01
1.980310000000000056e-02 3.531000000000000250e-01
9.255640000000000742e-03 3.860000000000000098e-01
1.907382999999999995e-02 3.840999999999999970e-01
1.958114000000000035e-02 3.584999999999999853e-01
1.875688999999999829e-02 3.771999999999999797e-01
3.839117000000000224e-02 4.102000000000000091e-01
1.914292999999999897e-02 3.614999999999999880e-01
1.840547000000000016e-02 4.000000000000000222e-01
1.395713999999999982e-02 4.224999999999999867e-01
2.510746999999999979e-02 4.012000000000000011e-01
1.256405000000000022e-02 3.820000000000000062e-01
2.283686999999999870e-02 3.924000000000000266e-01
2.215266999999999931e-02 3.795000000000000040e-01
1.396780000000000070e-02 3.613999999999999990e-01
1.397693000000000026e-02 3.735999999999999877e-01
1.723838999999999927e-02 3.816999999999999837e-01
1.396904000000000028e-02 3.971999999999999975e-01
2.609975999999999963e-02 3.864000000000000212e-01
1.108148999999999940e-02 3.363999999999999768e-01
1.317438999999999936e-02 3.529999999999999805e-01
1.517684000000000047e-02 3.800000000000000044e-01
1.559254000000000022e-02 3.973999999999999755e-01
2.891511999999999902e-02 3.991999999999999993e-01
1.174466000000000052e-02 3.734999999999999987e-01
1.289989000000000066e-02 3.734000000000000097e-01
2.207262999999999933e-02 3.839000000000000190e-01
1.368873999999999959e-02 3.846999999999999864e-01
2.629750000000000143e-02 3.901999999999999913e-01
1.186787000000000085e-02 3.996000000000000107e-01
1.533478999999999919e-02 3.548000000000000043e-01
2.516327999999999968e-02 3.917999999999999816e-01
1.162299999999999965e-02 3.627000000000000224e-01
1.675596999999999850e-02 4.116000000000000214e-01
1.449893000000000015e-02 4.092999999999999972e-01
