# Random field Heisenberg chain
# L=14, J=1, Delta=0.6, W=1.5, h_i in [-W,W]
# Integrated spectral function of the Anderson LIOMs I_alpha
# omega I_alpha

0.000000000000000000e+00 1.021407219989651713e-03
0.000000000000000000e+00 2.000686865055639318e-03
0.000000000000000000e+00 3.172074060753754879e-03
0.000000000000000000e+00 4.000276046040028219e-03
0.000000000000000000e+00 5.010983963487600570e-03
0.000000000000000000e+00 6.039712500629269842e-03
0.000000000000000000e+00 7.046218433895405642e-03
0.000000000000000000e+00 8.004152505998408593e-03
0.000000000000000000e+00 9.006845784000541005e-03
0.000000000000000000e+00 1.001920119416993896e-02
0.000000000000000000e+00 1.111403982264239261e-02
0.000000000000000000e+00 1.200298341174691266e-02
0.000000000000000000e+00 1.312161411236452239e-02
0.000000000000000000e+00 1.400261212567227576e-02
0.000000000000000000e+00 1.503060499034137437e-02
0.000000000000000000e+00 1.604365097394677003e-02
0.000000000000000000e+00 1.700060392807999088e-02
0.000000000000000000e+00 1.800806254510325943e-02
0.000000000000000000e+00 1.903801012370736137e-02
0.000000000000000000e+00 2.016673179420062564e-02
0.000000000000000000e+00 2.102257062142784752e-02
0.000000000000000000e+00 2.200448311606117632e-02
0.000000000000000000e+00 2.300059902434648668e-02
0.000000000000000000e+00 2.400351974484465564e-02
0.000000000000000000e+00 2.502099440123382867e-02
0.000000000000000000e+00 2.607674896978499565e-02
0.000000000000000000e+00 2.702911292109462862e-02
0.000000000000000000e+00 2.801006275364765347e-02
0.000000000000000000e+00 2.900004516112746067e-02
0.000000000000000000e+00 3.004239667211480377e-02
0.000000000000000000e+00 3.100162674975126542e-02
0.000000000000000000e+00 3.203839771549536752e-02
0.000000000000000000e+00 3.301252910122235568e-02
0.000000000000000000e+00 3.405487011861288438e-02
0.000000000000000000e+00 3.507039477282959672e-02
0.000000000000000000e+00 3.604244480356970370e-02
0.000000000000000000e+00 3.700919511436412401e-02
0.000000000000000000e+00 3.800276944937535512e-02
0.000000000000000000e+00 3.901103897936097908e-02
0.000000000000000000e+00 4.004252210308714005e-02
0.000000000000000000e+00 4.100207060311610030e-02
0.000000000000000000e+00 4.207579465380194284e-02
0.000000000000000000e+00 4.300106095793924249e-02
0.000000000000000000e+00 4.404251059974214483e-02
0.000000000000000000e+00 4.505021941623069126e-02
0.000000000000000000e+00 4.600506011650180860e-02
0.000000000000000000e+00 4.706209525092153872e-02
0.000000000000000000e+00 4.805762221482610952e-02
0.000000000000000000e+00 4.900712380171311222e-02
0.000000000000000000e+00 5.000837229280418600e-02
0.000000000000000000e+00 5.102155914570467854e-02
0.000000000000000000e+00 5.200780950231768951e-02
0.000000000000000000e+00 5.304484289614256470e-02
0.000000000000000000e+00 5.413708948227985429e-02
0.000000000000000000e+00 5.503673535497818903e-02
2.838946916003948218e-04 5.600586363870006801e-02
5.016553096401921152e-04 5.700395784597557525e-02
7.179791468161500489e-04 5.802357323910674325e-02
8.301454199272084722e-04 5.900483074515387033e-02
1.000828942676834643e-03 6.000504536427644225e-02
1.097879358364917124e-03 6.100174684406506342e-02
1.200660051750901403e-03 6.200443967777164583e-02
1.306291133653436631e-03 6.300040259119502051e-02
1.425500667065593419e-03 6.400261660966360955e-02
1.537631264350913796e-03 6.500353722134802337e-02
1.607866703714391776e-03 6.600488066830147160e-02
1.715025202233544377e-03 6.700371031878149530e-02
1.798479202728020532e-03 6.801247353687388253e-02
1.913925233153895844e-03 6.901228234653078442e-02
1.988998775669825747e-03 7.000054918932481496e-02
2.082448597497510434e-03 7.100684836842974246e-02
2.133604526882937336e-03 7.200109777972284186e-02
2.235623985071821807e-03 7.301323021792323342e-02
2.285445026215526809e-03 7.400527576795180862e-02
2.380012915760509884e-03 7.500804311344931585e-02
2.466612696951475669e-03 7.600409736148315554e-02
2.547916400018029881e-03 7.700541029029760176e-02
2.660761499564845423e-03 7.800630198315465502e-02
2.772838280540312894e-03 7.900998917847668057e-02
2.862483800952775326e-03 8.002156523478252959e-02
2.940452959682593459e-03 8.100152378522694485e-02
3.036797396450907627e-03 8.200184364575584250e-02
3.148974457342079702e-03 8.300025329951064845e-02
3.243266744585193706e-03 8.401039659326661746e-02
3.316574984276288163e-03 8.500167956855568530e-02
3.420794836128226990e-03 8.600088299412513015e-02
3.510472823530452757e-03 8.700711628574832324e-02
3.605596703643243472e-03 8.800203554677367423e-02
3.704656766665814782e-03 8.900856589896204152e-02
3.833881831871055468e-03 9.000346674996605179e-02
3.923980483104827499e-03 9.100803001409048243e-02
4.030085490402290915e-03 9.200039097536485966e-02
4.128664344952959198e-03 9.301978733524331189e-02
4.225268242267432584e-03 9.405730580315579958e-02
4.315616375738962063e-03 9.500829177053768393e-02
4.406187195976629667e-03 9.600471164324596296e-02
4.476048221511153002e-03 9.700532795911213924e-02
4.584419980207421474e-03 9.800145574397810255e-02
4.697911861146236712e-03 9.901704184453259672e-02
4.799134118177561525e-03 1.000125740858966994e-01
4.875399099812938175e-03 1.010049585270894196e-01
4.970117229070869502e-03 1.020008674082349548e-01
5.054797160439938875e-03 1.030002478246685310e-01
5.167619239780207874e-03 1.040007198949355199e-01
5.250346626169299924e-03 1.050135818199959409e-01
5.368954938495429374e-03 1.060017844323682540e-01
5.457349389866195111e-03 1.070036526044554487e-01
5.559665549595749212e-03 1.080066786576473065e-01
5.648668995507311053e-03 1.090039606499088182e-01
5.738690993549289132e-03 1.100004317406657744e-01
5.839786141026481747e-03 1.110077075312315559e-01
5.924224382145792944e-03 1.120141505983702768e-01
6.017427710344414038e-03 1.130090992812917555e-01
6.105079702794391494e-03 1.140328983550854963e-01
6.196520444701869579e-03 1.150051439626986333e-01
6.279833566389503297e-03 1.160034291489487612e-01
6.393681240513759967e-03 1.170032913569038491e-01
6.500356477679547496e-03 1.180015763042502469e-01
6.629758038692035171e-03 1.190014428225669579e-01
6.742614099138233286e-03 1.200120059365952369e-01
6.808667790282996179e-03 1.210084197109394244e-01
6.938508341673976787e-03 1.220047900969698507e-01
7.041673637552925413e-03 1.230008377473273407e-01
7.123789346064057781e-03 1.240605505118870661e-01
7.219749459141500125e-03 1.250026006504993126e-01
7.351312586034081109e-03 1.260022632480888582e-01
7.441750660961254926e-03 1.270004715546628749e-01
7.536158049760155464e-03 1.280029326077800622e-01
7.623603262537637093e-03 1.290097525452789107e-01
7.714543390320294236e-03 1.300400882224605481e-01
7.813640156620921262e-03 1.310015934809969640e-01
7.910388035136772800e-03 1.320071106851570530e-01
8.019104203695892608e-03 1.330040266412320371e-01
8.140263654018653483e-03 1.340106377131450865e-01
8.274675241455642372e-03 1.350000430519733563e-01
8.385219063064552891e-03 1.360037582230048947e-01
8.488670771391593206e-03 1.370214851773646769e-01
8.604482422210679715e-03 1.380066882644166992e-01
8.708312797067019329e-03 1.390068461678419520e-01
8.786436502350003508e-03 1.400009642914627761e-01
8.886838062042823339e-03 1.410016499144841617e-01
8.995881571201236326e-03 1.420016331016138167e-01
9.102219235907815786e-03 1.430105675182323510e-01
9.217379189031316145e-03 1.440013824849420698e-01
9.328023391959039401e-03 1.450039001783207937e-01
9.430974376294587458e-03 1.460045284751234351e-01
9.554722628098311077e-03 1.470048788559078223e-01
9.673363832751746827e-03 1.480190539293966545e-01
9.743075737762119104e-03 1.490093900115246617e-01
9.870693803819996504e-03 1.500009585037831716e-01
9.958816484690657944e-03 1.510173314719986948e-01
1.004848491367971164e-02 1.520017932704197938e-01
1.014862926955339972e-02 1.530000045182572654e-01
1.029697686524144729e-02 1.540017770789880169e-01
1.038665867596932912e-02 1.550056603618165940e-01
1.051651222959848475e-02 1.560032333908983604e-01
1.066196496974258778e-02 1.570083612315162636e-01
1.078343843361073695e-02 1.580059410073151593e-01
1.093436690278437595e-02 1.590064858373348711e-01
1.105205394672548191e-02 1.600020082455175796e-01
1.115185056003631381e-02 1.610093693500639078e-01
1.129909411480745085e-02 1.620000233294564551e-01
1.142324170773090231e-02 1.630057714711249384e-01
1.154874885648737859e-02 1.640067965918848847e-01
1.163872599650250805e-02 1.650040204209835548e-01
1.175660796888281651e-02 1.660038203558180658e-01
1.187606416613329330e-02 1.670216822718151584e-01
1.197241305539931133e-02 1.680006735513708827e-01
1.206764833200799081e-02 1.690026786227448452e-01
1.219795417927982406e-02 1.700065697086229344e-01
1.234445626964175702e-02 1.710000937596082016e-01
1.247461669736082968e-02 1.720040454804193653e-01
1.263329844923222200e-02 1.730032959329468878e-01
1.276176111600868524e-02 1.740022595103619119e-01
1.288865657969573419e-02 1.750034543573351087e-01
1.304289647716783129e-02 1.760005375426384466e-01
1.316405161964573356e-02 1.770070331000999087e-01
1.328996113021752024e-02 1.780009267983915788e-01
1.339501936743969779e-02 1.790001144816351086e-01
1.351635264564321481e-02 1.800011841960094117e-01
1.361977013886495058e-02 1.810007172775109918e-01
1.376368201017852400e-02 1.820019441882700928e-01
1.390971396498064117e-02 1.830051522928582419e-01
1.406612992556333097e-02 1.840027278550729617e-01
1.416258040643514349e-02 1.850189485702290748e-01
1.428461507210698755e-02 1.860130083061668493e-01
1.442967069724709894e-02 1.870111755502673334e-01
1.458576165856023676e-02 1.880001283076402629e-01
1.474165990738995902e-02 1.890002501258298273e-01
1.487224774560574891e-02 1.900002910632918873e-01
1.500176332952118941e-02 1.910008343025511868e-01
1.513762325693468469e-02 1.920130421776378438e-01
1.526882950181507326e-02 1.930006217601965834e-01
1.541991803858744348e-02 1.940093930802284927e-01
1.557131063900878132e-02 1.950046900304037989e-01
1.571664670148686938e-02 1.960054026083358492e-01
1.586108669343533339e-02 1.970115826200255216e-01
1.600031410139157728e-02 1.980184430276758778e-01
1.616320606240351232e-02 1.990001723265102662e-01
1.628521447933550803e-02 2.000009083549209865e-01
1.641184961953578991e-02 2.010027519022226372e-01
1.657946972923696194e-02 2.020183417998246689e-01
1.671167213323954126e-02 2.030003521686993828e-01
1.686277553807347118e-02 2.040001915652122910e-01
1.700216639673940433e-02 2.050011793159694506e-01
1.718523168861008088e-02 2.060007403181533803e-01
1.731769550036776906e-02 2.070199343931032054e-01
1.745458515827480461e-02 2.080020570547044811e-01
1.760492594809015543e-02 2.090069968587192906e-01
1.775115597014664814e-02 2.100012811879920782e-01
1.789842126048801774e-02 2.110074074110847853e-01
1.806681951878186254e-02 2.120069133351393242e-01
1.821684554157609881e-02 2.130001681830428484e-01
1.840518784896794102e-02 2.140201634775191764e-01
1.854277973515960909e-02 2.150132532282979514e-01
1.865676600255206097e-02 2.160485893528979184e-01
1.879517148225984258e-02 2.170243099366962469e-01
1.896317314029016821e-02 2.180002530450353415e-01
1.915504836092374319e-02 2.190078798541408300e-01
1.931061477373352542e-02 2.200015295557551376e-01
1.948505044886400528e-02 2.210000089168343285e-01
1.966008876346658774e-02 2.220071349652026904e-01
1.980108767682375870e-02 2.230064047423401252e-01
1.993408114778683071e-02 2.240040409575095870e-01
2.008902932557777091e-02 2.250025512121666404e-01
2.023457543304463258e-02 2.260101668007759024e-01
2.038704657797918429e-02 2.270002779376613100e-01
2.054133175866663941e-02 2.280005768814618305e-01
2.066549641250570168e-02 2.290064689047601743e-01
2.079120775789311537e-02 2.300196947358936761e-01
2.093261485107023034e-02 2.310015745697543421e-01
2.112035643943538377e-02 2.320006591637502891e-01
2.128000443734956448e-02 2.330036431995935187e-01
2.145518377315447367e-02 2.340015801418341701e-01
2.159272335233364259e-02 2.350047900196295392e-01
2.174665344083903662e-02 2.360001787430812681e-01
2.191545600606903399e-02 2.370050645958000635e-01
2.208523644435622657e-02 2.380034339628629980e-01
2.222637404061433841e-02 2.390420772148657003e-01
2.236699066185687812e-02 2.400005333903270366e-01
2.257097602139435111e-02 2.410003195328849768e-01
2.274176569968477946e-02 2.420077469741973852e-01
2.294335057752783236e-02 2.430023188343834739e-01
2.309437393755764401e-02 2.440010454075428881e-01
2.326165036806671083e-02 2.450271863238200343e-01
2.344777443120893423e-02 2.460110230568582357e-01
2.357862845440542032e-02 2.470029124866910397e-01
2.379074615041076868e-02 2.480004572328917134e-01
2.397738062181486995e-02 2.490020147867134381e-01
2.415637847740703670e-02 2.500010481770130188e-01
2.434803617522618424e-02 2.510001916156938129e-01
2.454150741926852675e-02 2.520001974700392666e-01
2.473879200892034613e-02 2.530003475105652155e-01
2.493388189166623192e-02 2.540032425108327829e-01
2.515529843749786387e-02 2.550057477317240751e-01
2.534144257170689585e-02 2.560051588180974336e-01
2.553673066421513482e-02 2.570080162490075981e-01
2.571346092802206940e-02 2.580082363593522166e-01
2.587057379398283175e-02 2.590036809879618374e-01
2.604891351282723200e-02 2.600003111837205227e-01
2.626651987819195178e-02 2.610011548101468515e-01
2.642721089301414139e-02 2.620000972892437829e-01
2.661819765299200391e-02 2.630002221250445360e-01
2.679588637928653760e-02 2.640012551431877852e-01
2.699887051838789631e-02 2.650016046325379682e-01
2.716369742109514540e-02 2.660009912850856417e-01
2.740283731889103791e-02 2.670018540100293492e-01
2.757069912687915014e-02 2.680000683132343631e-01
2.776013413892242099e-02 2.690024454148159938e-01
2.790216863995612084e-02 2.700006527207512996e-01
2.810775352841909935e-02 2.710001568549210704e-01
2.830650015681257514e-02 2.720014237432861193e-01
2.851695336474269205e-02 2.730071331057383754e-01
2.874380110355664875e-02 2.740004944727520986e-01
2.892483288050451407e-02 2.750012859352652939e-01
2.915901483028682240e-02 2.760006512711527527e-01
2.936312536810126161e-02 2.770036684588780829e-01
2.955744654866965249e-02 2.780125670777304214e-01
2.973929261770535959e-02 2.790158044586135699e-01
2.992620138983975719e-02 2.800016904285193564e-01
3.014923552893433722e-02 2.810000682866578559e-01
3.035164532743195309e-02 2.820000920634354036e-01
3.055499501521263817e-02 2.830021325324351689e-01
3.074854300950313757e-02 2.840043123625888843e-01
3.095850701513791492e-02 2.850039744430520883e-01
3.115520501977009360e-02 2.860040566882928736e-01
3.139160525740880558e-02 2.870022157754316128e-01
3.163197387696037310e-02 2.880000040634473346e-01
3.183664081421766490e-02 2.890015690381262381e-01
3.204744468863696127e-02 2.900037568985771586e-01
3.226266993513743353e-02 2.910013840440432986e-01
3.246027089889697015e-02 2.920043757923435068e-01
3.262357176302854711e-02 2.930009932530108774e-01
3.283042584667006381e-02 2.940007252929313641e-01
3.303167820738384108e-02 2.950003492002111205e-01
3.321129284024260109e-02 2.960009096196719591e-01
3.343860688118160951e-02 2.970081108139033255e-01
3.368723857297872826e-02 2.980049482494009916e-01
3.385709995800123551e-02 2.990009604135936416e-01
3.409020577979571254e-02 3.000003463306661899e-01
3.424678215015752869e-02 3.010336113503733202e-01
3.444723716836950445e-02 3.020003254903940171e-01
3.467530289357068085e-02 3.030134754069020442e-01
3.485336451819964765e-02 3.040000376413686256e-01
3.502830452292027275e-02 3.050039090773562500e-01
3.522300264589128815e-02 3.060015318895252801e-01
3.548466511192938100e-02 3.070005558150924463e-01
3.569494614873958138e-02 3.080000007845677956e-01
3.586159418980727764e-02 3.090111139511456106e-01
3.608002210975058688e-02 3.100121328396206466e-01
3.634398555063345082e-02 3.110000049074555517e-01
3.658726169218962099e-02 3.120032974503367251e-01
3.680406465476249167e-02 3.130002148415059748e-01
3.699223802065038091e-02 3.140007196786721577e-01
3.725102044732819806e-02 3.150011897915364067e-01
3.743306049717680384e-02 3.160008099705774454e-01
3.762828931707229430e-02 3.170016537136315371e-01
3.786497368388785922e-02 3.180000355162700965e-01
3.810764099273011851e-02 3.190012919174209927e-01
3.831766545280412828e-02 3.200029921390500354e-01
3.852267282124044456e-02 3.210004997286495243e-01
3.879154059167799762e-02 3.220007140453942096e-01
3.902590893614532597e-02 3.230002222082991037e-01
3.924675406332145400e-02 3.240006315835520234e-01
3.947746850494282533e-02 3.250004987528728462e-01
3.976682685280508167e-02 3.260095034140935155e-01
4.003179981553373068e-02 3.270066772528870680e-01
4.027969934306696587e-02 3.280037999698497408e-01
4.050737289707347089e-02 3.290019991499793517e-01
4.078269173243476153e-02 3.300004637635262084e-01
4.100975042730542475e-02 3.310007883759458758e-01
4.128345897974083911e-02 3.320000421156730774e-01
4.152155228837617340e-02 3.330029432191993766e-01
4.181881501494011388e-02 3.340101353510394611e-01
4.203372317885989418e-02 3.350099697412800004e-01
4.234457179625938927e-02 3.360034528346084737e-01
4.260478951965657179e-02 3.370030213031343647e-01
4.290245698835715160e-02 3.380021539682410703e-01
4.315041436618383131e-02 3.390008739495697920e-01
4.337407238993440384e-02 3.400012709338159911e-01
4.366477630447684888e-02 3.410014199895115561e-01
4.392234635934011422e-02 3.420019490987886712e-01
4.416178085753169613e-02 3.430009598805023319e-01
4.438968039334489912e-02 3.440007768832493151e-01
4.463578261219103283e-02 3.450029929592251521e-01
4.493348863149337902e-02 3.460001833425284112e-01
4.520557091560917229e-02 3.470024944525653132e-01
4.548348145308983570e-02 3.480020529596307699e-01
4.573373106523836995e-02 3.490044761255413630e-01
4.603904098890299057e-02 3.500001345531704722e-01
4.630211983856657998e-02 3.510007347684088175e-01
4.658313087701260180e-02 3.520004740251142517e-01
4.685613563301060935e-02 3.530088306004435794e-01
4.711929706500006532e-02 3.540010452733205470e-01
4.738133465624549956e-02 3.550004891716100897e-01
4.767256268978359302e-02 3.560001081317072935e-01
4.795221507157565455e-02 3.570001409521927349e-01
4.823480571812321926e-02 3.580022577958183461e-01
4.853489740355421134e-02 3.590014196660037959e-01
4.880541613605160478e-02 3.600035721740494910e-01
4.908293831813570485e-02 3.610018354265592255e-01
4.935687009991474028e-02 3.620004004953497057e-01
4.965202835863591346e-02 3.630012454844191994e-01
4.991883665635721279e-02 3.640025250504873022e-01
5.025001100956127953e-02 3.650025906545387167e-01
5.056890021015081338e-02 3.660039462920330888e-01
5.085832288021574499e-02 3.670000160594619198e-01
5.118007224061527083e-02 3.680024515288308762e-01
5.147567852286338841e-02 3.690022030310689538e-01
5.184288619684762622e-02 3.700021197106795334e-01
5.209199112426599054e-02 3.710020778015261089e-01
5.234310782262441286e-02 3.720015172240280221e-01
5.261616532614682429e-02 3.730000532369918131e-01
5.292808935592652197e-02 3.740000653172472767e-01
5.318257602696974118e-02 3.750005293981809040e-01
5.354188438832041541e-02 3.760003741258833299e-01
5.385668161916717933e-02 3.770013024303606741e-01
5.419601988154676420e-02 3.780017595319937196e-01
5.450888988748703312e-02 3.790034058149091556e-01
5.484344488304437881e-02 3.800000058257360647e-01
5.516416311729677169e-02 3.810000191115301416e-01
5.546406667948433622e-02 3.820009736376756559e-01
5.582516409840998506e-02 3.830000687541327276e-01
5.611094669346511354e-02 3.840073861681037592e-01
5.640726640898474642e-02 3.850029136470130009e-01
5.675891403839372629e-02 3.860038827004744211e-01
5.709625167243226329e-02 3.870024848241360171e-01
5.743148287178723166e-02 3.880018409933994050e-01
5.778020783498538648e-02 3.890011122638811214e-01
5.808545643708473705e-02 3.900008134958985462e-01
5.842893093661682968e-02 3.910022860364905650e-01
5.873794933988346623e-02 3.920018538076565084e-01
5.904926838733670635e-02 3.930008796035410201e-01
5.933152180631240391e-02 3.940020925723874967e-01
5.967416701858718753e-02 3.950002194671045630e-01
6.002422974745114104e-02 3.960066752720181604e-01
6.031484976392409436e-02 3.970000053433681009e-01
6.064675511055028778e-02 3.980018256478373706e-01
6.101139504274311065e-02 3.990046741886753567e-01
6.135487271606882009e-02 4.000006702446901596e-01
6.161838352744419822e-02 4.010001638632376686e-01
6.195662472057739123e-02 4.020005590633923820e-01
6.232520353612155950e-02 4.030011301914860899e-01
6.269189782004799816e-02 4.040003314799541778e-01
6.307838580122915317e-02 4.050028929337351480e-01
6.341099941846439769e-02 4.060001201633931522e-01
6.371578830895341383e-02 4.070281185726346007e-01
6.405604625024918786e-02 4.080007609798887991e-01
6.441579275460451726e-02 4.090000874060479852e-01
6.475551051643524403e-02 4.100013452524806645e-01
6.507659932981590956e-02 4.110006526578168229e-01
6.542055989093853441e-02 4.120002805305522653e-01
6.578947650587030349e-02 4.130044446823920579e-01
6.615421739093063636e-02 4.140004309209015521e-01
6.644481098880539172e-02 4.150013783993670158e-01
6.677832550930995481e-02 4.160047225903210077e-01
6.714669403602024911e-02 4.170004836517428037e-01
6.746796009371536229e-02 4.180021114747973776e-01
6.780730351560304570e-02 4.190120029096762178e-01
6.816531444788265226e-02 4.200000692001006342e-01
6.849400576864805856e-02 4.210000390592043562e-01
6.889191765195645800e-02 4.220005141367651480e-01
6.926643483393535305e-02 4.230004034440674188e-01
6.969409713208640778e-02 4.240000688255081140e-01
7.009116812906146521e-02 4.250287820705642150e-01
7.047311111255449845e-02 4.260002247398551045e-01
7.088035737228198796e-02 4.270021595754091015e-01
7.124460492747841656e-02 4.280032590040464546e-01
7.159235036272426633e-02 4.290007471634331715e-01
7.197643985522017562e-02 4.300004014070795133e-01
7.240174705909868669e-02 4.310000635959383430e-01
7.272140726242626307e-02 4.320052915377594616e-01
7.308262943776488996e-02 4.330023307660560428e-01
7.345144927177216232e-02 4.340026879474339072e-01
7.384105641245364282e-02 4.350106516045791905e-01
7.425128796014901500e-02 4.360000893799986232e-01
7.462759000847607460e-02 4.370025044721150276e-01
7.500371789992055227e-02 4.380016348222489642e-01
7.538519086761569232e-02 4.390007760067408116e-01
7.569884531784154547e-02 4.400016659511958861e-01
7.611670174156337509e-02 4.410016599068192766e-01
7.651471288451458519e-02 4.420000705997552126e-01
7.686114079431910495e-02 4.430001389811238921e-01
7.730843662531783345e-02 4.440000356339123266e-01
7.773731481652212949e-02 4.450019715206841586e-01
7.815551462310810216e-02 4.460005731194987000e-01
7.858828194928113575e-02 4.470012832986980378e-01
7.901113647945945395e-02 4.480020621960799643e-01
7.941817113819499285e-02 4.490005681043418573e-01
7.980020710442659038e-02 4.500006191156498137e-01
8.031082221757257500e-02 4.510027043100821031e-01
8.068848254289173738e-02 4.520035467442913846e-01
8.106661059464759234e-02 4.530003307234589660e-01
8.149038989178247760e-02 4.540121708489460173e-01
8.188696204279177771e-02 4.550008920058690731e-01
8.228695907643235330e-02 4.560005305624497129e-01
8.269505762013995565e-02 4.570004765718811979e-01
8.311319426718455361e-02 4.580007375565119387e-01
8.354063939352007750e-02 4.590025172079632565e-01
8.399454260626093571e-02 4.600024735878780469e-01
8.443719963570406328e-02 4.610000445356723930e-01
8.493290743687320621e-02 4.620004724434261245e-01
8.537638589692651825e-02 4.630017663632300939e-01
8.580362252772943954e-02 4.640126162031544266e-01
8.622751483303237041e-02 4.650001136886209863e-01
8.665483042328289698e-02 4.660005433639756722e-01
8.709302904945825929e-02 4.670000805314550862e-01
8.756488153503028116e-02 4.680003529007975005e-01
8.804746531956775257e-02 4.690013279044424888e-01
8.848172978317575543e-02 4.700003551612140784e-01
8.892566057540651769e-02 4.710001440083635971e-01
8.936681167452587005e-02 4.720008144923238391e-01
8.983756015423605135e-02 4.730008540523155114e-01
9.027743406439692198e-02 4.740002855844227536e-01
9.064267878253096100e-02 4.750009316178822605e-01
9.113221555237593918e-02 4.760009387693744376e-01
9.162793009462610883e-02 4.770000724221509225e-01
9.211325720151197771e-02 4.780036496906319710e-01
9.255498475649753809e-02 4.790011653357663102e-01
9.297899526158436012e-02 4.800002370746599967e-01
9.342820233156928778e-02 4.810035338468318655e-01
9.389584305797496477e-02 4.820040017317538950e-01
9.442942287989242178e-02 4.830012477404423965e-01
9.494814251052541287e-02 4.840004704158044069e-01
9.547096024294088323e-02 4.850025496223949184e-01
9.598322061580910614e-02 4.860008740820392359e-01
9.644062769414585290e-02 4.870714952393024877e-01
9.681901850949214960e-02 4.880045167201030876e-01
9.731113779381350692e-02 4.890006825599274576e-01
9.781657555290346195e-02 4.900004414776114592e-01
9.836509371543655789e-02 4.910029393198251380e-01
9.889762365769708130e-02 4.920006551480393120e-01
9.931449748617571238e-02 4.930012193561197908e-01
9.983915109438401547e-02 4.940003251200891232e-01
1.003351706400839038e-01 4.950000109132785542e-01
1.008248261930302370e-01 4.960003795286564432e-01
1.013442778715805126e-01 4.970004494811513518e-01
1.018102680736969745e-01 4.980002833551276931e-01
1.023038465583414602e-01 4.990000988830363693e-01
1.027524028672270884e-01 5.000005373297922162e-01
1.032517794219924845e-01 5.010036541126442478e-01
1.036978559053003401e-01 5.020003824202773357e-01
1.042456274738041699e-01 5.030028569575740738e-01
1.048096866832339824e-01 5.040014857111766444e-01
1.052733525806841541e-01 5.050000480378165069e-01
1.058225266542751619e-01 5.060028804490253052e-01
1.063634688735393130e-01 5.070009067207780218e-01
1.068752021993416568e-01 5.080001320262694797e-01
1.074511964185493884e-01 5.090012696039972750e-01
1.080030141797831966e-01 5.100042974803110640e-01
1.084932404690386321e-01 5.110015795328616273e-01
1.090369332186354318e-01 5.120002197645471265e-01
1.096077859087054573e-01 5.130001117158166091e-01
1.102092878014437893e-01 5.140051040238964308e-01
1.107535024134340684e-01 5.150005579953510493e-01
1.112602356100094170e-01 5.160003097041718778e-01
1.118087030357162170e-01 5.170018167763702488e-01
1.123718618141600345e-01 5.180002877200537981e-01
1.129520943916038078e-01 5.190010751146123535e-01
1.134534806150178099e-01 5.200010626532808322e-01
1.139915234398189980e-01 5.210000829020891011e-01
1.144467957296404492e-01 5.220008306896275485e-01
1.149940240929767654e-01 5.230015162079377777e-01
1.155707163095323065e-01 5.240004665501412084e-01
1.161076572120798289e-01 5.250004771431793227e-01
1.166014170047020571e-01 5.260000010976795259e-01
1.171992256868219506e-01 5.270006427045534902e-01
1.177861136302915668e-01 5.280000860688698339e-01
1.183756507417870196e-01 5.290015363014881622e-01
1.189842278624460015e-01 5.300001368224268594e-01
1.195921147242146043e-01 5.310002534863658141e-01
1.202332470775553386e-01 5.320003720208744680e-01
1.207560493775798882e-01 5.330004388777234148e-01
1.213399169878242034e-01 5.340000321989117893e-01
1.219421993946180061e-01 5.350002496002099761e-01
1.225220693464788013e-01 5.360010786198688981e-01
1.231070740651039053e-01 5.370033636566615698e-01
1.236910088781589256e-01 5.380014943928758120e-01
1.242566546673710831e-01 5.390001361663686597e-01
1.248361495954231071e-01 5.400008263791379326e-01
1.254497143771138856e-01 5.410004554722245285e-01
1.260634387507428844e-01 5.420000348709197446e-01
1.266331647079946832e-01 5.430001338486174500e-01
1.272255242546309617e-01 5.440021768102931699e-01
1.278463057067369402e-01 5.450011526511839843e-01
1.284662272143091144e-01 5.460002466455698977e-01
1.290412599270449601e-01 5.470000876078612295e-01
1.295934499311601762e-01 5.480001112176493550e-01
1.302023320220377089e-01 5.490006536767134682e-01
1.307310496185403181e-01 5.500021926990804610e-01
1.312945503157016414e-01 5.510002011779266962e-01
1.319311621996472894e-01 5.520000034483633078e-01
1.325240377821192972e-01 5.530001384459306557e-01
1.331275968241079077e-01 5.540008862797433098e-01
1.338460325054060540e-01 5.550000556373526628e-01
1.344330321700164532e-01 5.560003639203037196e-01
1.350981687317573954e-01 5.570000485526505063e-01
1.357594852522551743e-01 5.580008447745616884e-01
1.363644489631228307e-01 5.590000036470197387e-01
1.370188454345844242e-01 5.600001034361365981e-01
1.376749276927711207e-01 5.610002984102614443e-01
1.383240666730276569e-01 5.620000236396293092e-01
1.389704281858151480e-01 5.630006978008962326e-01
1.396573375938681139e-01 5.640003107469477861e-01
1.403074106821937672e-01 5.650022912069192493e-01
1.409817668019877068e-01 5.660004301113545910e-01
1.417287416060789562e-01 5.670000208041905410e-01
1.424616404170975237e-01 5.680017807683106490e-01
1.431456769919012828e-01 5.690002220962198098e-01
1.437969579441092938e-01 5.700003123554266971e-01
1.444713582987745548e-01 5.710002737741946000e-01
1.451320549214440980e-01 5.720018659448531384e-01
1.458425701785945883e-01 5.730034028850483629e-01
1.465696980734461086e-01 5.740007454121309749e-01
1.472990860586792516e-01 5.750001965807940429e-01
1.480581801296767530e-01 5.760016011246885670e-01
1.487650005551954813e-01 5.770002816425382486e-01
1.494752578978096880e-01 5.780001233810893035e-01
1.502372554641322189e-01 5.790003979476345819e-01
1.509541987298601562e-01 5.800021632919041270e-01
1.517531048372739999e-01 5.810000072273346916e-01
1.525206543010221294e-01 5.820001067282076779e-01
1.532932816380818686e-01 5.830002735876473885e-01
1.540262827873751794e-01 5.840003206438537653e-01
1.547649819400087612e-01 5.850024720589548366e-01
1.555798874558264044e-01 5.860005063686770654e-01
1.563430806075565282e-01 5.870039231448000994e-01
1.571128419273708499e-01 5.880000763642876382e-01
1.578292839785895296e-01 5.890007317760759253e-01
1.585439985435237453e-01 5.900006190370081782e-01
1.593394659303102312e-01 5.910005657282093594e-01
1.600768111041981356e-01 5.920000466945498641e-01
1.608242883729190664e-01 5.930011517458805281e-01
1.616630331372326257e-01 5.940011095388699758e-01
1.624702093271601644e-01 5.950003624908213329e-01
1.632118902296442187e-01 5.960283082517143782e-01
1.639403352817569992e-01 5.970003175754152736e-01
1.647552729593559917e-01 5.980010826749617703e-01
1.655527826402356517e-01 5.990002836032399802e-01
1.662774717799155866e-01 6.000005231104353909e-01
1.670501498912968508e-01 6.010004027783181213e-01
1.679136558185290173e-01 6.020000690618678707e-01
1.686608244626053299e-01 6.030024186079359083e-01
1.693221614329479818e-01 6.040002958832310087e-01
1.701893574508690499e-01 6.050001159220665947e-01
1.710555045212264202e-01 6.060025021289046077e-01
1.719089000608634843e-01 6.070008783755058701e-01
1.727346714676853412e-01 6.080009302810664984e-01
1.736228161771635747e-01 6.090000992933377599e-01
1.743961029441210009e-01 6.100000460077474873e-01
1.751479438243860598e-01 6.110012395826058818e-01
1.761288458805525536e-01 6.120007519666501583e-01
1.769716387977973704e-01 6.130013109224645707e-01
1.779020023027045871e-01 6.140001903492671165e-01
1.788410033183565062e-01 6.150007063544362662e-01
1.796997994630018525e-01 6.160008219287292919e-01
1.805045785198049479e-01 6.170006640728814551e-01
1.813977245473060995e-01 6.180000162256377161e-01
1.823123785113289763e-01 6.190001647551728325e-01
1.831788540628784823e-01 6.200002537372159006e-01
1.841717524700175190e-01 6.210000258713915811e-01
1.851018535757820160e-01 6.220017665559773867e-01
1.861152241199692803e-01 6.230027698751089416e-01
1.869727195789954166e-01 6.240009171504562469e-01
1.878620578135392627e-01 6.250011269035810058e-01
1.887098904632678043e-01 6.260004936146036369e-01
1.895019695554402972e-01 6.270007842468073855e-01
1.903695466552557392e-01 6.280001345924238754e-01
1.913261972999873439e-01 6.290024133383714799e-01
1.922475723313721296e-01 6.300002189173783407e-01
1.932180661046956072e-01 6.310000735633647384e-01
1.940671779973541788e-01 6.320005731608359101e-01
1.950132055527544761e-01 6.330005103946736433e-01
1.959255402227748633e-01 6.340006331456570221e-01
1.969629976355108947e-01 6.350009403658576357e-01
1.979199345001241284e-01 6.360027297993242623e-01
1.989348402215567191e-01 6.370014942301569505e-01
1.999096179633395032e-01 6.380016290204741924e-01
2.007456970346193081e-01 6.390005477628302177e-01
2.016905280483703433e-01 6.400005978677861807e-01
2.027434180687350818e-01 6.410000498654863099e-01
2.038125513808752287e-01 6.420003934603374374e-01
2.048305583309429911e-01 6.430003271757435135e-01
2.057718541115245436e-01 6.440011952932664929e-01
2.068124852625623511e-01 6.450000849972845618e-01
2.078421753409252504e-01 6.460009628695770889e-01
2.088830302532865835e-01 6.470000826651766124e-01
2.098174020287726371e-01 6.480002076614038709e-01
2.108145435777315502e-01 6.490002253313101876e-01
2.118654927658782661e-01 6.500004209596467186e-01
2.129436511527256215e-01 6.510250539013386906e-01
2.139649634446649795e-01 6.520005762036233943e-01
2.148842343117824960e-01 6.530038116133801696e-01
2.159444537929480212e-01 6.540041929063723503e-01
2.170206513995172060e-01 6.550027828703220978e-01
2.180569540624166525e-01 6.560000939520531649e-01
2.190770542619704386e-01 6.570002367552956191e-01
2.201938207522287083e-01 6.580000521855334794e-01
2.212514488320440620e-01 6.590005834380896488e-01
2.223220963572929421e-01 6.600000126283990243e-01
2.233573347626253147e-01 6.610000602072774178e-01
2.244009466970198208e-01 6.620004791784021014e-01
2.255542227188274129e-01 6.630022568211103584e-01
2.266305858255248662e-01 6.640003418213262787e-01
2.277653761018481049e-01 6.650002733556036327e-01
2.289425945005159058e-01 6.660007481058102252e-01
2.300696374188611060e-01 6.670009426063362445e-01
2.312253032583071466e-01 6.680006174382778772e-01
2.322415254363812132e-01 6.690005392249056548e-01
2.335357844637390157e-01 6.700006297509726316e-01
2.346789394182282606e-01 6.710000148111775475e-01
2.358227672169945777e-01 6.720004415625987493e-01
2.368532333941399115e-01 6.730002891015823829e-01
2.380693369756179401e-01 6.740002812813786770e-01
2.392822596043585048e-01 6.750014978623924966e-01
2.403882896515927570e-01 6.760003462480512759e-01
2.416077020406589559e-01 6.770064922768109783e-01
2.427344052010274589e-01 6.780010386087013119e-01
2.439745365683179124e-01 6.790001452835924267e-01
2.450714676277168103e-01 6.800001786198429654e-01
2.462788242109629766e-01 6.810001343488912839e-01
2.473618673162073511e-01 6.820001959933111868e-01
2.486099036291031794e-01 6.830001640923789585e-01
2.497773356868913108e-01 6.840009343608887127e-01
2.510137194267676453e-01 6.850001172883465328e-01
2.522762740098377643e-01 6.860000862650404985e-01
2.535764859417481976e-01 6.870004625216140637e-01
2.547964938839371030e-01 6.880802197538363751e-01
2.558561574057363064e-01 6.890000372701512443e-01
2.571925524226688076e-01 6.900047782034723909e-01
2.584703578043039407e-01 6.910005400318066648e-01
2.598766587117471438e-01 6.920053330719537765e-01
2.611974141306813157e-01 6.930000705915371206e-01
2.624085022131774636e-01 6.940004243682655893e-01
2.638280107660529450e-01 6.950005908766153651e-01
2.651677399818455072e-01 6.960005025070925555e-01
2.665338274864460510e-01 6.970000388245671807e-01
2.678028391113724815e-01 6.980004590991824021e-01
2.690945465267429171e-01 6.990001593085404252e-01
2.704361888012980497e-01 7.000001188320248424e-01
2.718791115396621549e-01 7.010001253976014812e-01
2.733961339060007045e-01 7.020003723270442642e-01
2.748510555917363929e-01 7.030018201665744204e-01
2.762703297236048794e-01 7.040000151609002721e-01
2.777796173325440821e-01 7.050001127052742955e-01
2.792392546403752451e-01 7.060000351396633622e-01
2.806542918888665916e-01 7.070000582865048067e-01
2.821833176716743719e-01 7.080002686962105773e-01
2.835696629077979480e-01 7.090001170442638001e-01
2.850605997191055785e-01 7.100028612711530851e-01
2.866487314673489273e-01 7.110006933523987938e-01
2.882126814438765727e-01 7.120004799592807299e-01
2.896815112654246294e-01 7.130003963790620958e-01
2.910093248623490947e-01 7.140001453699424960e-01
2.925852183265954531e-01 7.150016094526201460e-01
2.939884508655178363e-01 7.160003020985203914e-01
2.953221198535420644e-01 7.170001366266196552e-01
2.967585038196443037e-01 7.180006203515205687e-01
2.983319710685563564e-01 7.190001093420907985e-01
3.000084307717068022e-01 7.200008764468098788e-01
3.013126045021206068e-01 7.210012407234889231e-01
3.029420828607642946e-01 7.220001189090885507e-01
3.045338157901761322e-01 7.230002309503458235e-01
3.060933920677060271e-01 7.240008579890785390e-01
3.076963975779501426e-01 7.250005471759839448e-01
3.094439897522960337e-01 7.260000750948429893e-01
3.110473087529230796e-01 7.270006538107871563e-01
3.126199749128872885e-01 7.280010023967040667e-01
3.142671157782092051e-01 7.290003373631084305e-01
3.159892168681159852e-01 7.300001777484024235e-01
3.175032907896443990e-01 7.310000432819548921e-01
3.190565387797421604e-01 7.320003605082390230e-01
3.206169257801763095e-01 7.330007697920306597e-01
3.222524904774425325e-01 7.340000113825957406e-01
3.239925730839978701e-01 7.350000576512408790e-01
3.254182382167900567e-01 7.360005126271307319e-01
3.269707448635048586e-01 7.370002959886379212e-01
3.287385691270813259e-01 7.380000956684773517e-01
3.305160969784077807e-01 7.390012566043080433e-01
3.322834627718229683e-01 7.400019273736548886e-01
3.340370870224180777e-01 7.410001068805284197e-01
3.358602834328423548e-01 7.420004208715036409e-01
3.376937312302159544e-01 7.430000688616683613e-01
3.393492760123906216e-01 7.440003163272368436e-01
3.410428862000509098e-01 7.450000217469994190e-01
3.426565799640179932e-01 7.460081491956701560e-01
3.441533544180694904e-01 7.470015280063049268e-01
3.456462255578758302e-01 7.480006911955114912e-01
3.472218256138992487e-01 7.490065418991960211e-01
3.488924035647471555e-01 7.500003199355402828e-01
3.506071302420172842e-01 7.510001713413160251e-01
3.524010986121369760e-01 7.520001671216839378e-01
3.540397202312611236e-01 7.530002522226837414e-01
3.556730760601478636e-01 7.540026609760545062e-01
3.572174280405775448e-01 7.550005330914666413e-01
3.588648077964067262e-01 7.560001474802021670e-01
3.606450939161279234e-01 7.570000214963187313e-01
3.623737305134544506e-01 7.580000103467077199e-01
3.639707757394003984e-01 7.590010551738768374e-01
3.657944950198697143e-01 7.600017732699740902e-01
3.674794577068932755e-01 7.610001682848420712e-01
3.694466891591039470e-01 7.620005212014371310e-01
3.712220896058400221e-01 7.630000864906133495e-01
3.728839341550544972e-01 7.640000681610780164e-01
3.747658148784194232e-01 7.650034988880185516e-01
3.764272565781245361e-01 7.660001827151726728e-01
3.780509573735577611e-01 7.670010549744277206e-01
3.799809109409022501e-01 7.680001636412218113e-01
3.814889836182777660e-01 7.690000080547132466e-01
3.833387785124353631e-01 7.700000545944947206e-01
3.852585608684718776e-01 7.710001564611611569e-01
3.871213203069892028e-01 7.720000059554280591e-01
3.891680451512949945e-01 7.730006062977190506e-01
3.911426291127151345e-01 7.740000291845556823e-01
3.930334623861820864e-01 7.750000114794406425e-01
3.950818334496177808e-01 7.760002838080806153e-01
3.969864265424947192e-01 7.770000536837938787e-01
3.988841516502593110e-01 7.780000394295387700e-01
4.008749875363283310e-01 7.790004410149362624e-01
4.028513186605837681e-01 7.800000243042669590e-01
4.048274805501406171e-01 7.810000535564833868e-01
4.065449769820158599e-01 7.820000356337892811e-01
4.083787124940361224e-01 7.830001840772754518e-01
4.103137620196199431e-01 7.840000238931237320e-01
4.124596570409080343e-01 7.850006667172915176e-01
4.144933926192269080e-01 7.860004421033544020e-01
4.165888874763358229e-01 7.870002606454090666e-01
4.186887243870469066e-01 7.880001352667154180e-01
4.208021233073582223e-01 7.890002241770519564e-01
4.225195948033628746e-01 7.900000774715613128e-01
4.245113512667528788e-01 7.910001361723670854e-01
4.265115995579868979e-01 7.920000225485848144e-01
4.285747618429378569e-01 7.930002557474582492e-01
4.302168255840186362e-01 7.940010381791131611e-01
4.320005252125549422e-01 7.950001198569066618e-01
4.341286500939209869e-01 7.960000646893932164e-01
4.362403642445392693e-01 7.970002344970998909e-01
4.379530227035648426e-01 7.980001318758487283e-01
4.401671202644614755e-01 7.990000393848031290e-01
4.422021938561031540e-01 8.000003987733969035e-01
4.442698908477015207e-01 8.010000114608748500e-01
4.464340185017219298e-01 8.020003226035303801e-01
4.485899921319598249e-01 8.030000262871885841e-01
4.506862980203028002e-01 8.040006487803952329e-01
4.527741190437168939e-01 8.050017317630459024e-01
4.549879273100572163e-01 8.060001193996431113e-01
4.568166351236719880e-01 8.070004965741126579e-01
4.590818679006463121e-01 8.080002972032467312e-01
4.611537311377665871e-01 8.090000218258832643e-01
4.635391787989865398e-01 8.100002078866517241e-01
4.658586355611761265e-01 8.110006623172036910e-01
4.681463182672953582e-01 8.120001563933808564e-01
4.704527837901456566e-01 8.130001697552242668e-01
4.728515936187025481e-01 8.140001679771262655e-01
4.751075082365798785e-01 8.150006361382969855e-01
4.774128252948379725e-01 8.160015120772291519e-01
4.797342897224209368e-01 8.170002322730611777e-01
4.822698837043999376e-01 8.180004272318599501e-01
4.847114336994016170e-01 8.190011888980563981e-01
4.870978287287252573e-01 8.200000220842016407e-01
4.894648318665393294e-01 8.210002815217629646e-01
4.919018475390562473e-01 8.220002229973332186e-01
4.942056818352575931e-01 8.230005773558100035e-01
4.964427324565470201e-01 8.240003233311379294e-01
4.988227739180775000e-01 8.250001145405443381e-01
5.013433905851270023e-01 8.260006785853293287e-01
5.038213446749728597e-01 8.270004515436132353e-01
5.063099067106509032e-01 8.280001977506061817e-01
5.086326193180384925e-01 8.290000340461880501e-01
5.111308678462762600e-01 8.300021731892198718e-01
5.136320739017461445e-01 8.310000734032761960e-01
5.159898320343836442e-01 8.320004911974342443e-01
5.183614975295378624e-01 8.330000915576766252e-01
5.208584153679419737e-01 8.340000602249597605e-01
5.233924849025066717e-01 8.350000602548286466e-01
5.258252116763006967e-01 8.360002680123763685e-01
5.283355682852235446e-01 8.370018575796014382e-01
5.307463712258364552e-01 8.380000099718900586e-01
5.331298400387769476e-01 8.390012485840548928e-01
5.355330413244190346e-01 8.400000441871020573e-01
5.380367718148355571e-01 8.410000878433231408e-01
5.405365167760836087e-01 8.420000333382110513e-01
5.429058204461710835e-01 8.430000897951109851e-01
5.452858307198731325e-01 8.440003066505702423e-01
5.478078414519553796e-01 8.450000386567513289e-01
5.503922670338035061e-01 8.460040321583565115e-01
5.528309547560749104e-01 8.470000300717577257e-01
5.554861827118533490e-01 8.480006803921550373e-01
5.578814064963099062e-01 8.490000608230713341e-01
5.603163946730016498e-01 8.500002551099717918e-01
5.627293862017441750e-01 8.510005748745169685e-01
5.652493169500821812e-01 8.520000643754851444e-01
5.678631253073230800e-01 8.530002749969514131e-01
5.705171255086015636e-01 8.540005050580198320e-01
5.732506978781723994e-01 8.550000315409543861e-01
5.757188659495238170e-01 8.560001985371514799e-01
5.783080334518673205e-01 8.570000727323118239e-01
5.806839770649183663e-01 8.580001019167010634e-01
5.834015652420661002e-01 8.590003406222100901e-01
5.857910760157072350e-01 8.600003831436399127e-01
5.883290180450000406e-01 8.610006492135821032e-01
5.909323857357381415e-01 8.620000200328065132e-01
5.937424253381067274e-01 8.630003577120878289e-01
5.966391369333687855e-01 8.640009625917903779e-01
5.993016721448616302e-01 8.650010153848299854e-01
6.019329079202819788e-01 8.660002881086903415e-01
6.046695394012384650e-01 8.670001139916466704e-01
6.074425099348925716e-01 8.680008182206558898e-01
6.102470735792282497e-01 8.690000560932380491e-01
6.132805363751163696e-01 8.700003057833555209e-01
6.163379112847062746e-01 8.710001118646287788e-01
6.194160150215735072e-01 8.720000995724549453e-01
6.223661441859231758e-01 8.730042676663183343e-01
6.252623146644328278e-01 8.740042400847608528e-01
6.279845972778375085e-01 8.750001154553047611e-01
6.309985765255063939e-01 8.760005702469279010e-01
6.340990640038572934e-01 8.770000709722117760e-01
6.369027155054656220e-01 8.780001034796748316e-01
6.402622680600237315e-01 8.790000020782756662e-01
6.434580166506318477e-01 8.800027762876581061e-01
6.465114407445698985e-01 8.810000452063232457e-01
6.497802707990194548e-01 8.820000186749858972e-01
6.527754239340852749e-01 8.830001301464643904e-01
6.560797136275136054e-01 8.840013734336614748e-01
6.593099733457725709e-01 8.850001527373880794e-01
6.625745107456375571e-01 8.860001102708956466e-01
6.660519435486995654e-01 8.870000573737949479e-01
6.696427873217993820e-01 8.880000417310193184e-01
6.732200233744496387e-01 8.890000333181281578e-01
6.767593115416878913e-01 8.900000461967946253e-01
6.800904593509384810e-01 8.910010735056964615e-01
6.834782676829589398e-01 8.920007292970385526e-01
6.873095852740966905e-01 8.930001558017452989e-01
6.909286502645224370e-01 8.940000747969859551e-01
6.944723130014746060e-01 8.950000778764679588e-01
6.981194483846224763e-01 8.960000311767700731e-01
7.019056924536933861e-01 8.970001773654555643e-01
7.056258822576864098e-01 8.980002363286735401e-01
7.094278745733841873e-01 8.990077443978340410e-01
7.130333097938574838e-01 9.000004442547396843e-01
7.169702050229864732e-01 9.010002088359100325e-01
7.209760942636531666e-01 9.020000853318009826e-01
7.246505810505625700e-01 9.030002357311938121e-01
7.286603629568174645e-01 9.040000039450558633e-01
7.324632469327172490e-01 9.050000677887836131e-01
7.361812896663910699e-01 9.060000122912837961e-01
7.398327159104530759e-01 9.070002105921682878e-01
7.435808933992451575e-01 9.080000524331491851e-01
7.475649382607787441e-01 9.090007309317685857e-01
7.516222567705821422e-01 9.100000114549690045e-01
7.555933406075898695e-01 9.110002001099622992e-01
7.595342908633697654e-01 9.120000255331018879e-01
7.636222463299982000e-01 9.130004771081799975e-01
7.677604539670502826e-01 9.140000201585309902e-01
7.718677250055820949e-01 9.150001372092667618e-01
7.760675209375493822e-01 9.160001244633373396e-01
7.804304825516039656e-01 9.170000162181919379e-01
7.848679524433483934e-01 9.180001280512041228e-01
7.892025534438698031e-01 9.190002043824977429e-01
7.937486322435582942e-01 9.200001648938288534e-01
7.985510957234719376e-01 9.210000126125307274e-01
8.031741300383385962e-01 9.220000825185618032e-01
8.079897139660749961e-01 9.230000054965686873e-01
8.129395370169107959e-01 9.240000352175191667e-01
8.177725620466734791e-01 9.250001467376741671e-01
8.230267663465093975e-01 9.260000747702528123e-01
8.283370565677072861e-01 9.270000348078540897e-01
8.336508058820131239e-01 9.280000095550837713e-01
8.392566956652528498e-01 9.290001077787325423e-01
8.447993998656810888e-01 9.300000272527048084e-01
8.500586358002383269e-01 9.310001281463433642e-01
8.554976229369241070e-01 9.320000563532465643e-01
8.611422879861215796e-01 9.330001212624966511e-01
8.664317713539417820e-01 9.340000752690701402e-01
8.721708146366359271e-01 9.350000223446769398e-01
8.780788037121531886e-01 9.360038165102325669e-01
8.840376597111866408e-01 9.370000678487973023e-01
8.906679918190394396e-01 9.380002950658430372e-01
8.969830567001912947e-01 9.390002692290524422e-01
9.034855398136758531e-01 9.400001749444908405e-01
9.101154391012244993e-01 9.410004512378888908e-01
9.169392365563096003e-01 9.420001756934324177e-01
9.237558428519296871e-01 9.430000340242137291e-01
9.307680042695037903e-01 9.440000187781054652e-01
9.382331766082381286e-01 9.450001657336393190e-01
9.455893697525530328e-01 9.460000651357627355e-01
9.532725070648104815e-01 9.470000276129348915e-01
9.610460341067474932e-01 9.480000249632036802e-01
9.684573702727425903e-01 9.490000140479570856e-01
9.764833332914877317e-01 9.500007106597108120e-01
9.845256871323866399e-01 9.510000894322984122e-01
9.930269172208832096e-01 9.520000153706181800e-01
1.001513134282898676e+00 9.530000341166853239e-01
1.010366873648550712e+00 9.540015638945085197e-01
1.019137796400757745e+00 9.550000559971408842e-01
1.028641554209343223e+00 9.560000326503887980e-01
1.037807656693412017e+00 9.570001480814560590e-01
1.047307908803528642e+00 9.580000757847537685e-01
1.057710648287761845e+00 9.590000265379854394e-01
1.068165396805594858e+00 9.600000479994739155e-01
1.078497306945587653e+00 9.610000736132553456e-01
1.089742537943922507e+00 9.620046051029613743e-01
1.102023572232317505e+00 9.630000546671056982e-01
1.115062367571939550e+00 9.640001450503925540e-01
1.128637550852749083e+00 9.650000389395336775e-01
1.143015676835677397e+00 9.660000054393880209e-01
1.157770979888172125e+00 9.670000003509999775e-01
1.173398170333531221e+00 9.680000057878823672e-01
1.189658638567123727e+00 9.690000281275382710e-01
1.206295715881623209e+00 9.700000777090149739e-01
1.223271657959268621e+00 9.710000093036409430e-01
1.241273026213317365e+00 9.720000455143693596e-01
1.260400761338644537e+00 9.730000147658345311e-01
1.279518378624569408e+00 9.740001079351524593e-01
1.299642278623811098e+00 9.750000089075426812e-01
1.320890994480034220e+00 9.760001128257921321e-01
1.342303925718302482e+00 9.770000076121839738e-01
1.365344304293231392e+00 9.780000016416973141e-01
1.388200451726772977e+00 9.790000192593518724e-01
1.411918850109859402e+00 9.800000046161564393e-01
1.436191978642259670e+00 9.810000125820437233e-01
1.460739519438001288e+00 9.820000125393723023e-01
1.487537316506383656e+00 9.830000014818112142e-01
1.515932893482712318e+00 9.840000031175083484e-01
1.546339543266394667e+00 9.850000205739130044e-01
1.577287660144237380e+00 9.860000319106135835e-01
1.610293514322925112e+00 9.870001259638386815e-01
1.646363485269022320e+00 9.880000253456054926e-01
1.685493606647849196e+00 9.890000071570476115e-01
1.727068626351603964e+00 9.900000008628526693e-01
1.771736848289314770e+00 9.910000217461109040e-01
1.822391407205013358e+00 9.920000261520492968e-01
1.879842033323588124e+00 9.930000080011668340e-01
1.946652882883153524e+00 9.940000395453930659e-01
2.028010730333902334e+00 9.950000015504213424e-01
2.137705269715231893e+00 9.960000006429940989e-01
2.290634710519007466e+00 9.970000028614994791e-01
2.508683918445846928e+00 9.980000007282171515e-01
2.808738369756742514e+00 9.990000056979367882e-01
1.329286520933114524e+01 9.999999999993584021e-01
