# Heisenberg model
# L=16, J=1, W=1.0
# CDF of level statistics r_S
# r_S CDF
4.861496862040139422e-01 1.218026796589524903e-03
4.863408733127937422e-01 2.436053593179049806e-03
4.866334807839793886e-01 3.654080389768574709e-03
4.871606353346218388e-01 4.872107186358099612e-03
4.894548635525785563e-01 6.090133982947624515e-03
4.896386438602149949e-01 7.308160779537149418e-03
4.897928800080597056e-01 8.526187576126675188e-03
4.900871330133982906e-01 9.744214372716199224e-03
4.911531425454223609e-01 1.096224116930572326e-02
4.928852217909141520e-01 1.218026796589524730e-02
4.930655967635902970e-01 1.339829476248477480e-02
4.933433743981063824e-01 1.461632155907429884e-02
4.937217981719083104e-01 1.583434835566382287e-02
4.948026908541193203e-01 1.705237515225334691e-02
4.950315829528419420e-01 1.827040194884287441e-02
4.966954300764996333e-01 1.948842874543239845e-02
4.967132972481295705e-01 2.070645554202192248e-02
4.968529751334885836e-01 2.192448233861144652e-02
4.971219241329560279e-01 2.314250913520097055e-02
4.973549812746568821e-01 2.436053593179049806e-02
4.975497828427929425e-01 2.557856272838002210e-02
4.979013050421731701e-01 2.679658952496954613e-02
4.980757069105774537e-01 2.801461632155907364e-02
4.982187929454127140e-01 2.923264311814859767e-02
4.985696472603408091e-01 3.045066991473812171e-02
4.989938374023509260e-01 3.166869671132764574e-02
4.994012694577658618e-01 3.288672350791717325e-02
4.995191246641533800e-01 3.410475030450670075e-02
5.000621066269697046e-01 3.532277710109622826e-02
5.001337286721888598e-01 3.654080389768574882e-02
5.001961676773691856e-01 3.775883069427527633e-02
5.002710410051093293e-01 3.897685749086479690e-02
5.011945406213663690e-01 4.019488428745432440e-02
5.014148399644413612e-01 4.141291108404385191e-02
5.015208655685662320e-01 4.263093788063337247e-02
5.018161186493109716e-01 4.384896467722289998e-02
5.022769384839584905e-01 4.506699147381242054e-02
5.024669100366699892e-01 4.628501827040194805e-02
5.026980166880238299e-01 4.750304506699147555e-02
5.027382197105333406e-01 4.872107186358099612e-02
5.027878210454432839e-01 4.993909866017052362e-02
5.028232603547778679e-01 5.115712545676005113e-02
5.028721466179206789e-01 5.237515225334957170e-02
5.031409924419292246e-01 5.359317904993909920e-02
5.032096338644129752e-01 5.481120584652862671e-02
5.034533888578388572e-01 5.602923264311814727e-02
5.034681937492364590e-01 5.724725943970767478e-02
5.034745885064996207e-01 5.846528623629719534e-02
5.038095651835969857e-01 5.968331303288672285e-02
5.038857692248845943e-01 6.090133982947625035e-02
5.045159549523077214e-01 6.211936662606577092e-02
5.046511969627094363e-01 6.333739342265529149e-02
5.048937268122226651e-01 6.455542021924481899e-02
5.051650290474773985e-01 6.577344701583434650e-02
5.051984174412545991e-01 6.699147381242387400e-02
5.052882367600921576e-01 6.820950060901340151e-02
5.054496672057839923e-01 6.942752740560292901e-02
5.054511124219306373e-01 7.064555420219244264e-02
5.056288109374131867e-01 7.186358099878197014e-02
5.056307114894987853e-01 7.308160779537149765e-02
5.058163053875834869e-01 7.429963459196102515e-02
5.061096416808356091e-01 7.551766138855055266e-02
5.062910995124826341e-01 7.673568818514006629e-02
5.063080463602382952e-01 7.795371498172959379e-02
5.067868484978429455e-01 7.917174177831912130e-02
5.068937276410703241e-01 8.038976857490864880e-02
5.070207847042065286e-01 8.160779537149817631e-02
5.072468477063309944e-01 8.282582216808768993e-02
5.073923363964706335e-01 8.404384896467721744e-02
5.077194610105012496e-01 8.526187576126674494e-02
5.077431132711555106e-01 8.647990255785627245e-02
5.077622797097067764e-01 8.769792935444579995e-02
5.078009944927732722e-01 8.891595615103531358e-02
5.078978005664068762e-01 9.013398294762484109e-02
5.080573158152161817e-01 9.135200974421436859e-02
5.083301188233584345e-01 9.257003654080389610e-02
5.083658403968480677e-01 9.378806333739342360e-02
5.083823425188601641e-01 9.500609013398295111e-02
5.084213228260031636e-01 9.622411693057246473e-02
5.086044224746835152e-01 9.744214372716199224e-02
5.087035282781998680e-01 9.866017052375151974e-02
5.087906837051311415e-01 9.987819732034104725e-02
5.088283761016649809e-01 1.010962241169305748e-01
5.088858824899820110e-01 1.023142509135200884e-01
5.088963836478026526e-01 1.035322777101096159e-01
5.091185110955342985e-01 1.047503045066991434e-01
5.091544170802968505e-01 1.059683313032886709e-01
5.094018000217864772e-01 1.071863580998781984e-01
5.096314652409943413e-01 1.084043848964677259e-01
5.097206731810538516e-01 1.096224116930572395e-01
5.098339540033058892e-01 1.108404384896467670e-01
5.099655176559176883e-01 1.120584652862362945e-01
5.101555639957663368e-01 1.132764920828258220e-01
5.102063642835296120e-01 1.144945188794153496e-01
5.104474197565800342e-01 1.157125456760048632e-01
5.106705465514757014e-01 1.169305724725943907e-01
5.107594509295709795e-01 1.181485992691839182e-01
5.109515989667586799e-01 1.193666260657734457e-01
5.109804625600410377e-01 1.205846528623629732e-01
5.109998726468120145e-01 1.218026796589524868e-01
5.110390326779588044e-01 1.230207064555420143e-01
5.112196888949794849e-01 1.242387332521315418e-01
5.114004339720621406e-01 1.254567600487210555e-01
5.114460968183934808e-01 1.266747868453105830e-01
5.114856509447998079e-01 1.278928136419001105e-01
5.114925712938495073e-01 1.291108404384896380e-01
5.118817257978826030e-01 1.303288672350791655e-01
5.120206630421619831e-01 1.315468940316686930e-01
5.122068845565470596e-01 1.327649208282582205e-01
5.124928966985862200e-01 1.339829476248477480e-01
5.127627399975078770e-01 1.352009744214372755e-01
5.128281184148801852e-01 1.364190012180268030e-01
5.128443481470347232e-01 1.376370280146163305e-01
5.129576254204917252e-01 1.388550548112058303e-01
5.130064322715114367e-01 1.400730816077953578e-01
5.132884565308484248e-01 1.412911084043848853e-01
5.133140283128150294e-01 1.425091352009744128e-01
5.133689819329628756e-01 1.437271619975639403e-01
5.134664671235039668e-01 1.449451887941534678e-01
5.134787668027318563e-01 1.461632155907429953e-01
5.135078784143251029e-01 1.473812423873325228e-01
5.136336546234692157e-01 1.485992691839220503e-01
5.137866504277274204e-01 1.498172959805115778e-01
5.139907955630619307e-01 1.510353227771010776e-01
5.140617549719500579e-01 1.522533495736906051e-01
5.140696123069200540e-01 1.534713763702801326e-01
5.140764851912347222e-01 1.546894031668696601e-01
5.142387705903610495e-01 1.559074299634591876e-01
5.142518755023366417e-01 1.571254567600487151e-01
5.143104807117839794e-01 1.583434835566382426e-01
5.146367687265945845e-01 1.595615103532277701e-01
5.147622387317727366e-01 1.607795371498172976e-01
5.147873526828062873e-01 1.619975639464068251e-01
5.148192336540976521e-01 1.632155907429963526e-01
5.148953159158650150e-01 1.644336175395858524e-01
5.149389402129744830e-01 1.656516443361753799e-01
5.149911797104084199e-01 1.668696711327649074e-01
5.151418805640554099e-01 1.680876979293544349e-01
5.151888074149163499e-01 1.693057247259439624e-01
5.152052513402055611e-01 1.705237515225334899e-01
5.152193066865112803e-01 1.717417783191230174e-01
5.152356343462798360e-01 1.729598051157125449e-01
5.153057275297149298e-01 1.741778319123020724e-01
5.153214697184882453e-01 1.753958587088915999e-01
5.154071205762437158e-01 1.766138855054810997e-01
5.154169262320236200e-01 1.778319123020706272e-01
5.154582924878965411e-01 1.790499390986601547e-01
5.154953978690891558e-01 1.802679658952496822e-01
5.155626525744783084e-01 1.814859926918392097e-01
5.155631996397768146e-01 1.827040194884287372e-01
5.155911809164113180e-01 1.839220462850182647e-01
5.156716499619813376e-01 1.851400730816077922e-01
5.158333505972745314e-01 1.863580998781973197e-01
5.159185804551296162e-01 1.875761266747868472e-01
5.159389256864332918e-01 1.887941534713763747e-01
5.159997620534316765e-01 1.900121802679658745e-01
5.160218091487919212e-01 1.912302070645554020e-01
5.161829368381397609e-01 1.924482338611449295e-01
5.162559197738649797e-01 1.936662606577344570e-01
5.162634477649107323e-01 1.948842874543239845e-01
5.163196912287233431e-01 1.961023142509135120e-01
5.163388046573682555e-01 1.973203410475030395e-01
5.164048381483403727e-01 1.985383678440925670e-01
5.164427340500998831e-01 1.997563946406820945e-01
5.164664183151115306e-01 2.009744214372716220e-01
5.165564779570854803e-01 2.021924482338611495e-01
5.166818390817168316e-01 2.034104750304506493e-01
5.167608007693157424e-01 2.046285018270401768e-01
5.168419935178061309e-01 2.058465286236297043e-01
5.168612469227532591e-01 2.070645554202192318e-01
5.169751342768688085e-01 2.082825822168087593e-01
5.171222116294101889e-01 2.095006090133982868e-01
5.171495502123357735e-01 2.107186358099878143e-01
5.171889893274290717e-01 2.119366626065773418e-01
5.172271190593871193e-01 2.131546894031668693e-01
5.173306468509849543e-01 2.143727161997563968e-01
5.173434219202537321e-01 2.155907429963459243e-01
5.173507962156763673e-01 2.168087697929354241e-01
5.174374036547032540e-01 2.180267965895249516e-01
5.175130604775924903e-01 2.192448233861144791e-01
5.175497531981969601e-01 2.204628501827040066e-01
5.175896789152525379e-01 2.216808769792935341e-01
5.176679554476609768e-01 2.228989037758830616e-01
5.177981580351816993e-01 2.241169305724725891e-01
5.178016807687498835e-01 2.253349573690621166e-01
5.178223377894602963e-01 2.265529841656516441e-01
5.179701913720048401e-01 2.277710109622411716e-01
5.180779317684285346e-01 2.289890377588306714e-01
5.181073719246385156e-01 2.302070645554201989e-01
5.183126459092389782e-01 2.314250913520097264e-01
5.183148094966409936e-01 2.326431181485992539e-01
5.184325327272931716e-01 2.338611449451887814e-01
5.184567568529032666e-01 2.350791717417783089e-01
5.185085974902954309e-01 2.362971985383678364e-01
5.185274419749863473e-01 2.375152253349573639e-01
5.185281129866364802e-01 2.387332521315468914e-01
5.185895908026615375e-01 2.399512789281364189e-01
5.187275198494589734e-01 2.411693057247259464e-01
5.187542639738039751e-01 2.423873325213154462e-01
5.187797358646623058e-01 2.436053593179049737e-01
5.187804991278608391e-01 2.448233861144945012e-01
5.188197375901846264e-01 2.460414129110840287e-01
5.189037828162988975e-01 2.472594397076735562e-01
5.190025976593866108e-01 2.484774665042630837e-01
5.193043654679802001e-01 2.496954933008526112e-01
5.194719613285105897e-01 2.509135200974421109e-01
5.195073993944268054e-01 2.521315468940316107e-01
5.195289966300732365e-01 2.533495736906211659e-01
5.195321801112577909e-01 2.545676004872106657e-01
5.195581257954082766e-01 2.557856272838002210e-01
5.197133500913643234e-01 2.570036540803897207e-01
5.197262175926328220e-01 2.582216808769792760e-01
5.198145492617963770e-01 2.594397076735687757e-01
5.198791681285075406e-01 2.606577344701583310e-01
5.198931016500065727e-01 2.618757612667478307e-01
5.199545422565577946e-01 2.630937880633373305e-01
5.202913866043796798e-01 2.643118148599268857e-01
5.203630442646509646e-01 2.655298416565163855e-01
5.204932417856472648e-01 2.667478684531059407e-01
5.206381053144467641e-01 2.679658952496954405e-01
5.207467018177461826e-01 2.691839220462849958e-01
5.207703213293988220e-01 2.704019488428744955e-01
5.208370545759740677e-01 2.716199756394640508e-01
5.208410359446167259e-01 2.728380024360535505e-01
5.208673578651586977e-01 2.740560292326431058e-01
5.209967425062757007e-01 2.752740560292326055e-01
5.210598001596312701e-01 2.764920828258221053e-01
5.210946461334033941e-01 2.777101096224116605e-01
5.211879075369254544e-01 2.789281364190011603e-01
5.212623717163159531e-01 2.801461632155907155e-01
5.213053903525934896e-01 2.813641900121802153e-01
5.213067590693413189e-01 2.825822168087697706e-01
5.214870145724789241e-01 2.838002436053592703e-01
5.216188673899501138e-01 2.850182704019488256e-01
5.216585426713915563e-01 2.862362971985383253e-01
5.216689288838133320e-01 2.874543239951278251e-01
5.216954496484932369e-01 2.886723507917173803e-01
5.216956434378805518e-01 2.898903775883068801e-01
5.217752771523759270e-01 2.911084043848964353e-01
5.218164368891252680e-01 2.923264311814859351e-01
5.218422422682972295e-01 2.935444579780754903e-01
5.218492374594561056e-01 2.947624847746649901e-01
5.219423047931270876e-01 2.959805115712545454e-01
5.220009074946880823e-01 2.971985383678440451e-01
5.220086230482011702e-01 2.984165651644336004e-01
5.220488585415129501e-01 2.996345919610231001e-01
5.221874860006490149e-01 3.008526187576125999e-01
5.222128084416989280e-01 3.020706455542021551e-01
5.222383515998896275e-01 3.032886723507916549e-01
5.222478731776065697e-01 3.045066991473812101e-01
5.222871909505263366e-01 3.057247259439707099e-01
5.223327859004130991e-01 3.069427527405602651e-01
5.223567725140275675e-01 3.081607795371497649e-01
5.224038832769539731e-01 3.093788063337393202e-01
5.224728183898981193e-01 3.105968331303288199e-01
5.225157562384553644e-01 3.118148599269183752e-01
5.225362470302363782e-01 3.130328867235078749e-01
5.226001882144742927e-01 3.142509135200973747e-01
5.226638592481267498e-01 3.154689403166869299e-01
5.226877537944818464e-01 3.166869671132764297e-01
5.227127561033831915e-01 3.179049939098659849e-01
5.227689595377473797e-01 3.191230207064554847e-01
5.229744566459493260e-01 3.203410475030450399e-01
5.230754446688681281e-01 3.215590742996345397e-01
5.233068460375569497e-01 3.227771010962240950e-01
5.233166554596805353e-01 3.239951278928135947e-01
5.233563866761978822e-01 3.252131546894031500e-01
5.234029988594858240e-01 3.264311814859926497e-01
5.234651821725335719e-01 3.276492082825821495e-01
5.234708599655293337e-01 3.288672350791717047e-01
5.235478628843648341e-01 3.300852618757612045e-01
5.235624336006458046e-01 3.313032886723507597e-01
5.236474327956254227e-01 3.325213154689402595e-01
5.236874102784890850e-01 3.337393422655298147e-01
5.237096321624610251e-01 3.349573690621193145e-01
5.238618778431743950e-01 3.361753958587088698e-01
5.239322385123216241e-01 3.373934226552983695e-01
5.239466390377462979e-01 3.386114494518879248e-01
5.240254889520867820e-01 3.398294762484774245e-01
5.240392736793301198e-01 3.410475030450669243e-01
5.240514294127506245e-01 3.422655298416564795e-01
5.240573565208905826e-01 3.434835566382459793e-01
5.240739340800621981e-01 3.447015834348355345e-01
5.240774811831681035e-01 3.459196102314250343e-01
5.240822064939958391e-01 3.471376370280145895e-01
5.241462704472067413e-01 3.483556638246040893e-01
5.241599552525564309e-01 3.495736906211936446e-01
5.242765542531325762e-01 3.507917174177831443e-01
5.243899168528403099e-01 3.520097442143726441e-01
5.244177713541265939e-01 3.532277710109621993e-01
5.244420057758637510e-01 3.544457978075516991e-01
5.244539322903802869e-01 3.556638246041412543e-01
5.245195641851405632e-01 3.568818514007307541e-01
5.245262140270384732e-01 3.580998781973203093e-01
5.245682925152422849e-01 3.593179049939098091e-01
5.245890873948245714e-01 3.605359317904993643e-01
5.246521742478860162e-01 3.617539585870888641e-01
5.247667738749125510e-01 3.629719853836784194e-01
5.248098498538494860e-01 3.641900121802679191e-01
5.248929878297134977e-01 3.654080389768574189e-01
5.249416816858787360e-01 3.666260657734469741e-01
5.249673830646588435e-01 3.678440925700364739e-01
5.252679935525387256e-01 3.690621193666260291e-01
5.253836145243729883e-01 3.702801461632155289e-01
5.254519669478239230e-01 3.714981729598050841e-01
5.254765414911847232e-01 3.727161997563945839e-01
5.254805607174777293e-01 3.739342265529841391e-01
5.254813627233306805e-01 3.751522533495736389e-01
5.255714019877717469e-01 3.763702801461631942e-01
5.256466444483527400e-01 3.775883069427526939e-01
5.256865402255728181e-01 3.788063337393421937e-01
5.256875314041392633e-01 3.800243605359317489e-01
5.258116784290612911e-01 3.812423873325212487e-01
5.259376926955824372e-01 3.824604141291108039e-01
5.259479577486763091e-01 3.836784409257003037e-01
5.259594881786928688e-01 3.848964677222898589e-01
5.259884321625508674e-01 3.861144945188793587e-01
5.259890393530690655e-01 3.873325213154689139e-01
5.260365984668717854e-01 3.885505481120584137e-01
5.260688327176806789e-01 3.897685749086479690e-01
5.261623518661979748e-01 3.909866017052374687e-01
5.262349975249046574e-01 3.922046285018269685e-01
5.262393661932289746e-01 3.934226552984165237e-01
5.262621978306678550e-01 3.946406820950060235e-01
5.263831586391127804e-01 3.958587088915955787e-01
5.264160557125979745e-01 3.970767356881850785e-01
5.265219363273263564e-01 3.982947624847746337e-01
5.265813001026874440e-01 3.995127892813641335e-01
5.266833068918961303e-01 4.007308160779536887e-01
5.268350859798068830e-01 4.019488428745431885e-01
5.269572672928188872e-01 4.031668696711327438e-01
5.269710252064931932e-01 4.043848964677222435e-01
5.269844658781472901e-01 4.056029232643117433e-01
5.271079187638996189e-01 4.068209500609012985e-01
5.271172349937500723e-01 4.080389768574907983e-01
5.272001453199215426e-01 4.092570036540803535e-01
5.272430287316158815e-01 4.104750304506698533e-01
5.272687146296377581e-01 4.116930572472594085e-01
5.272833481612911877e-01 4.129110840438489083e-01
5.273985241309351313e-01 4.141291108404384635e-01
5.274000745155954517e-01 4.153471376370279633e-01
5.274284219832199305e-01 4.165651644336175186e-01
5.274452032245471322e-01 4.177831912302070183e-01
5.275343898687608890e-01 4.190012180267965181e-01
5.275351299238044689e-01 4.202192448233860733e-01
5.275733351116363989e-01 4.214372716199755731e-01
5.276381631451730891e-01 4.226552984165651283e-01
5.276520469450683981e-01 4.238733252131546281e-01
5.277637631924133599e-01 4.250913520097441833e-01
5.278804608434000123e-01 4.263093788063336831e-01
5.279645862180225580e-01 4.275274056029232383e-01
5.279658283445181066e-01 4.287454323995127381e-01
5.280727643976903529e-01 4.299634591961022934e-01
5.280800471267503848e-01 4.311814859926917931e-01
5.280951497608635803e-01 4.323995127892812929e-01
5.281642007791943483e-01 4.336175395858708481e-01
5.282608811173389318e-01 4.348355663824603479e-01
5.282662991585501677e-01 4.360535931790499031e-01
5.282676541895036104e-01 4.372716199756394029e-01
5.283766720430752573e-01 4.384896467722289581e-01
5.283952048112987576e-01 4.397076735688184579e-01
5.284576665605426049e-01 4.409257003654080131e-01
5.284601801207930993e-01 4.421437271619975129e-01
5.284710196030575347e-01 4.433617539585870126e-01
5.285327992328958668e-01 4.445797807551765679e-01
5.285579792763419604e-01 4.457978075517660677e-01
5.286050139479018251e-01 4.470158343483556229e-01
5.287063618873883986e-01 4.482338611449451227e-01
5.287735357569569583e-01 4.494518879415346779e-01
5.287971833611931904e-01 4.506699147381241777e-01
5.288326722287456372e-01 4.518879415347137329e-01
5.288560275519390563e-01 4.531059683313032327e-01
5.289094141671084603e-01 4.543239951278927879e-01
5.289350639849708102e-01 4.555420219244822877e-01
5.289915069320244578e-01 4.567600487210717874e-01
5.290001754007801482e-01 4.579780755176613427e-01
5.290276353623962757e-01 4.591961023142508425e-01
5.290873562431303023e-01 4.604141291108403977e-01
5.291018294055589433e-01 4.616321559074298975e-01
5.291421595722259896e-01 4.628501827040194527e-01
5.292700430785284293e-01 4.640682095006089525e-01
5.292769077555431467e-01 4.652862362971985077e-01
5.292955261679401779e-01 4.665042630937880075e-01
5.293580132988044973e-01 4.677222898903775627e-01
5.294198826791772783e-01 4.689403166869670625e-01
5.294829407671957089e-01 4.701583434835565622e-01
5.295100207741821885e-01 4.713763702801461175e-01
5.295332211047331095e-01 4.725943970767356173e-01
5.295359814469755566e-01 4.738124238733251725e-01
5.296699247427238966e-01 4.750304506699146723e-01
5.296938322062775262e-01 4.762484774665042275e-01
5.296940171089701277e-01 4.774665042630937273e-01
5.298102278257499353e-01 4.786845310596832825e-01
5.298215641765365858e-01 4.799025578562727823e-01
5.298931718601453955e-01 4.811205846528623375e-01
5.299221256644395250e-01 4.823386114494518373e-01
5.299768405860474374e-01 4.835566382460413370e-01
5.300741177576501206e-01 4.847746650426308923e-01
5.300784524585973045e-01 4.859926918392203921e-01
5.301693907105718973e-01 4.872107186358099473e-01
5.301929170797805568e-01 4.884287454323994471e-01
5.302020547233623482e-01 4.896467722289890023e-01
5.302565586139530440e-01 4.908647990255785021e-01
5.304630074008518381e-01 4.920828258221680573e-01
5.305081512481560901e-01 4.933008526187575571e-01
5.305187933583225268e-01 4.945188794153471123e-01
5.305217411807783279e-01 4.957369062119366121e-01
5.305489226772652778e-01 4.969549330085261118e-01
5.305641675023726744e-01 4.981729598051156671e-01
5.305941708773274090e-01 4.993909866017051669e-01
5.306432031004335581e-01 5.006090133982947776e-01
5.306954135075883094e-01 5.018270401948843329e-01
5.307268345803887177e-01 5.030450669914737771e-01
5.307833893586211271e-01 5.042630937880633324e-01
5.308316035522091525e-01 5.054811205846528877e-01
5.308509305589630412e-01 5.066991473812424429e-01
5.308608731818792448e-01 5.079171741778318871e-01
5.308818781207805815e-01 5.091352009744214424e-01
5.309245883889599504e-01 5.103532277710109977e-01
5.309309965434179102e-01 5.115712545676004419e-01
5.309445253689245581e-01 5.127892813641899972e-01
5.309596260945627089e-01 5.140073081607795524e-01
5.309751104824250723e-01 5.152253349573691077e-01
5.310645380079739297e-01 5.164433617539585519e-01
5.310773198968226083e-01 5.176613885505481072e-01
5.311302418549305182e-01 5.188794153471376625e-01
5.311351587336268221e-01 5.200974421437272177e-01
5.311354404791509554e-01 5.213154689403166619e-01
5.311628612042678110e-01 5.225334957369062172e-01
5.313464999114015930e-01 5.237515225334957725e-01
5.313673273384046380e-01 5.249695493300852167e-01
5.314000184016647310e-01 5.261875761266747720e-01
5.314126610350231594e-01 5.274056029232643272e-01
5.314277950601399292e-01 5.286236297198538825e-01
5.314554657884801303e-01 5.298416565164433267e-01
5.315100191637986971e-01 5.310596833130328820e-01
5.315610696126585877e-01 5.322777101096224373e-01
5.316426022542707353e-01 5.334957369062119925e-01
5.317036378515165307e-01 5.347137637028014368e-01
5.317577055975909461e-01 5.359317904993909920e-01
5.319140212871108497e-01 5.371498172959805473e-01
5.319301701532404003e-01 5.383678440925699915e-01
5.320219795616449865e-01 5.395858708891595468e-01
5.320847075748902366e-01 5.408038976857491020e-01
5.321220790727244632e-01 5.420219244823386573e-01
5.322148967594726443e-01 5.432399512789281015e-01
5.322323897042019469e-01 5.444579780755176568e-01
5.322565127086607006e-01 5.456760048721072121e-01
5.322769613266399302e-01 5.468940316686967673e-01
5.323708239232828321e-01 5.481120584652862116e-01
5.324386995354092322e-01 5.493300852618757668e-01
5.324748703110643300e-01 5.505481120584653221e-01
5.325297316828297989e-01 5.517661388550547663e-01
5.326788715483323777e-01 5.529841656516443216e-01
5.326998201958377255e-01 5.542021924482338768e-01
5.327033417347979416e-01 5.554202192448234321e-01
5.327324496143777122e-01 5.566382460414128763e-01
5.328084544018598656e-01 5.578562728380024316e-01
5.328203873169005123e-01 5.590742996345919869e-01
5.329455022831391942e-01 5.602923264311814311e-01
5.329689346133992256e-01 5.615103532277709864e-01
5.329702022557544216e-01 5.627283800243605416e-01
5.329857048446615675e-01 5.639464068209500969e-01
5.330306793683281530e-01 5.651644336175395411e-01
5.330994177750415508e-01 5.663824604141290964e-01
5.331038337696538676e-01 5.676004872107186516e-01
5.331293768078488871e-01 5.688185140073082069e-01
5.331327794572594536e-01 5.700365408038976511e-01
5.331557833747105901e-01 5.712545676004872064e-01
5.332551778808209964e-01 5.724725943970767617e-01
5.332737668937510556e-01 5.736906211936662059e-01
5.333288445722869087e-01 5.749086479902557612e-01
5.333740131275801488e-01 5.761266747868453164e-01
5.333861673237596523e-01 5.773447015834348717e-01
5.334244618052195186e-01 5.785627283800243159e-01
5.334734598404249351e-01 5.797807551766138712e-01
5.335179122500942617e-01 5.809987819732034264e-01
5.335478899442959166e-01 5.822168087697929817e-01
5.335500723513109111e-01 5.834348355663824259e-01
5.336267584860121538e-01 5.846528623629719812e-01
5.337429607345746119e-01 5.858708891595615365e-01
5.337519785083647550e-01 5.870889159561509807e-01
5.338387763415513021e-01 5.883069427527405360e-01
5.338559596791006001e-01 5.895249695493300912e-01
5.339721784618371991e-01 5.907429963459196465e-01
5.339966704949669074e-01 5.919610231425090907e-01
5.340826813383849903e-01 5.931790499390986460e-01
5.341187253076516983e-01 5.943970767356882012e-01
5.342046156603539320e-01 5.956151035322777565e-01
5.342170543815406569e-01 5.968331303288672007e-01
5.342182166930754539e-01 5.980511571254567560e-01
5.343727240896212205e-01 5.992691839220463113e-01
5.344021957950796375e-01 6.004872107186357555e-01
5.344656875022575360e-01 6.017052375152253108e-01
5.345648652502468234e-01 6.029232643118148660e-01
5.346203469697597965e-01 6.041412911084044213e-01
5.347046458506526934e-01 6.053593179049938655e-01
5.348020540086628749e-01 6.065773447015834208e-01
5.349499521653789946e-01 6.077953714981729760e-01
5.350461616804256249e-01 6.090133982947625313e-01
5.350471089631740895e-01 6.102314250913519755e-01
5.350560844221263768e-01 6.114494518879415308e-01
5.350972857858093956e-01 6.126674786845310861e-01
5.351528605702073893e-01 6.138855054811205303e-01
5.351965170445612818e-01 6.151035322777100856e-01
5.351979182187873718e-01 6.163215590742996408e-01
5.352222932091363905e-01 6.175395858708891961e-01
5.353007860940159901e-01 6.187576126674786403e-01
5.353697967945730829e-01 6.199756394640681956e-01
5.353830320727360759e-01 6.211936662606577508e-01
5.354186407615605381e-01 6.224116930572473061e-01
5.354739987354369957e-01 6.236297198538367503e-01
5.354984324992900779e-01 6.248477466504263056e-01
5.355061047744804625e-01 6.260657734470158609e-01
5.355586164474993582e-01 6.272838002436053051e-01
5.356057817086434802e-01 6.285018270401948604e-01
5.356084576940294273e-01 6.297198538367844156e-01
5.356173221238004212e-01 6.309378806333739709e-01
5.356199238951091512e-01 6.321559074299634151e-01
5.356306848910861174e-01 6.333739342265529704e-01
5.356919082320547032e-01 6.345919610231425256e-01
5.357316545795155482e-01 6.358099878197320809e-01
5.357516376329733987e-01 6.370280146163215251e-01
5.358087882170111671e-01 6.382460414129110804e-01
5.358149101697984307e-01 6.394640682095006357e-01
5.358343140884825884e-01 6.406820950060900799e-01
5.359705752113009813e-01 6.419001218026796352e-01
5.360202602424899432e-01 6.431181485992691904e-01
5.360216900153470521e-01 6.443361753958587457e-01
5.360632922346955098e-01 6.455542021924481899e-01
5.360796820113968852e-01 6.467722289890377452e-01
5.361885033302747905e-01 6.479902557856273004e-01
5.362513607618669687e-01 6.492082825822168557e-01
5.362872804324827491e-01 6.504263093788062999e-01
5.362935432135492730e-01 6.516443361753958552e-01
5.363250254213624002e-01 6.528623629719854105e-01
5.363531645830766914e-01 6.540803897685748547e-01
5.364474626186694906e-01 6.552984165651644100e-01
5.364851964217909330e-01 6.565164433617539652e-01
5.365550461404917648e-01 6.577344701583435205e-01
5.366143555852018743e-01 6.589524969549329647e-01
5.366504465169072979e-01 6.601705237515225200e-01
5.367136792137677803e-01 6.613885505481120752e-01
5.367260289530164652e-01 6.626065773447016305e-01
5.367712595560171218e-01 6.638246041412910747e-01
5.368619886163632504e-01 6.650426309378806300e-01
5.368828954778370743e-01 6.662606577344701853e-01
5.368831917686142097e-01 6.674786845310596295e-01
5.370177443543466822e-01 6.686967113276491848e-01
5.371584225306332838e-01 6.699147381242387400e-01
5.372699493906766266e-01 6.711327649208282953e-01
5.374597186838517837e-01 6.723507917174177395e-01
5.375341121893124630e-01 6.735688185140072948e-01
5.375868356488225919e-01 6.747868453105968500e-01
5.376508593683375636e-01 6.760048721071864053e-01
5.377110376695195537e-01 6.772228989037758495e-01
5.377336383992136204e-01 6.784409257003654048e-01
5.377768468778794109e-01 6.796589524969549601e-01
5.378407944524387085e-01 6.808769792935444043e-01
5.379261124595484667e-01 6.820950060901339596e-01
5.380376212012931703e-01 6.833130328867235148e-01
5.380619100979219249e-01 6.845310596833130701e-01
5.383196475997037433e-01 6.857490864799025143e-01
5.383488669115659153e-01 6.869671132764920696e-01
5.384924624118887504e-01 6.881851400730816248e-01
5.385549300305466636e-01 6.894031668696711801e-01
5.386055782164276273e-01 6.906211936662606243e-01
5.386280199532693658e-01 6.918392204628501796e-01
5.387924054114057171e-01 6.930572472594397349e-01
5.388682934178227191e-01 6.942752740560291791e-01
5.388684962027756598e-01 6.954933008526187344e-01
5.388776865167650421e-01 6.967113276492082896e-01
5.388810959417482671e-01 6.979293544457978449e-01
5.389376552169941048e-01 6.991473812423872891e-01
5.390690138975682277e-01 7.003654080389768444e-01
5.391252066087079964e-01 7.015834348355663996e-01
5.391253026090236933e-01 7.028014616321558439e-01
5.391424024152060568e-01 7.040194884287453991e-01
5.391594734513583953e-01 7.052375152253349544e-01
5.392546346767769228e-01 7.064555420219245097e-01
5.392749428942955614e-01 7.076735688185139539e-01
5.393159731881413954e-01 7.088915956151035092e-01
5.393408060373628965e-01 7.101096224116930644e-01
5.394750660904843453e-01 7.113276492082826197e-01
5.394862339188746247e-01 7.125456760048720639e-01
5.395593244934419053e-01 7.137637028014616192e-01
5.395729935016827516e-01 7.149817295980511744e-01
5.395968343688462010e-01 7.161997563946406187e-01
5.397810753183852617e-01 7.174177831912301739e-01
5.399692336387315050e-01 7.186358099878197292e-01
5.400493858453974116e-01 7.198538367844092845e-01
5.400963341119496830e-01 7.210718635809987287e-01
5.401391840240911124e-01 7.222898903775882840e-01
5.401825215125153345e-01 7.235079171741778392e-01
5.401936592043911078e-01 7.247259439707673945e-01
5.404700986699587650e-01 7.259439707673568387e-01
5.405276186605013633e-01 7.271619975639463940e-01
5.406199051660233179e-01 7.283800243605359492e-01
5.406900114341988139e-01 7.295980511571253935e-01
5.407250533649239355e-01 7.308160779537149487e-01
5.408617530879084034e-01 7.320341047503045040e-01
5.409237047705358625e-01 7.332521315468940593e-01
5.410621548791508806e-01 7.344701583434835035e-01
5.410705496435583850e-01 7.356881851400730588e-01
5.411160344888624740e-01 7.369062119366626140e-01
5.411546578530854745e-01 7.381242387332521693e-01
5.411677358215404299e-01 7.393422655298416135e-01
5.411734770679099693e-01 7.405602923264311688e-01
5.412088479530789975e-01 7.417783191230207240e-01
5.412241100667537497e-01 7.429963459196101683e-01
5.412263215813034600e-01 7.442143727161997235e-01
5.413087409828347685e-01 7.454323995127892788e-01
5.414947184314544693e-01 7.466504263093788341e-01
5.415259851094468280e-01 7.478684531059682783e-01
5.415350864756246496e-01 7.490864799025578336e-01
5.415554676877425422e-01 7.503045066991473888e-01
5.415588568130591529e-01 7.515225334957369441e-01
5.415787154383761015e-01 7.527405602923263883e-01
5.415875149448184933e-01 7.539585870889159436e-01
5.416199552016842667e-01 7.551766138855054988e-01
5.416333590372198747e-01 7.563946406820949431e-01
5.416401580086130929e-01 7.576126674786844983e-01
5.416793459523472354e-01 7.588306942752740536e-01
5.417063352505422369e-01 7.600487210718636089e-01
5.418536099012740692e-01 7.612667478684530531e-01
5.419355484159580350e-01 7.624847746650426084e-01
5.419688589463279582e-01 7.637028014616321636e-01
5.419922646053306758e-01 7.649208282582217189e-01
5.421156379909709555e-01 7.661388550548111631e-01
5.421168845752645238e-01 7.673568818514007184e-01
5.422344146100848139e-01 7.685749086479902736e-01
5.422910142417300960e-01 7.697929354445797179e-01
5.423338981834402439e-01 7.710109622411692731e-01
5.423509132740633731e-01 7.722289890377588284e-01
5.423842500641103959e-01 7.734470158343483837e-01
5.423909547297379730e-01 7.746650426309378279e-01
5.426814799475564444e-01 7.758830694275273832e-01
5.426824777121233012e-01 7.771010962241169384e-01
5.428837815851855764e-01 7.783191230207064937e-01
5.429293465947759856e-01 7.795371498172959379e-01
5.430048117335911639e-01 7.807551766138854932e-01
5.433447532834994043e-01 7.819732034104750484e-01
5.433565478266387805e-01 7.831912302070644927e-01
5.433769091475910695e-01 7.844092570036540479e-01
5.434080512119761064e-01 7.856272838002436032e-01
5.434650564436959153e-01 7.868453105968331585e-01
5.436376869469187190e-01 7.880633373934226027e-01
5.436564775967385188e-01 7.892813641900121580e-01
5.436604861351614915e-01 7.904993909866017132e-01
5.437483678840783208e-01 7.917174177831912685e-01
5.437504245772640799e-01 7.929354445797807127e-01
5.437758261873935073e-01 7.941534713763702680e-01
5.437850219590935064e-01 7.953714981729598232e-01
5.437854151709347050e-01 7.965895249695492675e-01
5.438126649493640885e-01 7.978075517661388227e-01
5.438258177285228978e-01 7.990255785627283780e-01
5.439523437521668336e-01 8.002436053593179333e-01
5.439638777107793643e-01 8.014616321559073775e-01
5.440041984935749531e-01 8.026796589524969328e-01
5.440063130735501851e-01 8.038976857490864880e-01
5.440161905311279300e-01 8.051157125456760433e-01
5.442198817821884971e-01 8.063337393422654875e-01
5.442586260507215057e-01 8.075517661388550428e-01
5.442935949695291153e-01 8.087697929354445980e-01
5.443092156265348924e-01 8.099878197320340423e-01
5.443833190423721380e-01 8.112058465286235975e-01
5.444146653862216301e-01 8.124238733252131528e-01
5.444457667449593696e-01 8.136419001218027081e-01
5.445010370612757278e-01 8.148599269183921523e-01
5.445614384011026043e-01 8.160779537149817076e-01
5.447899013433201709e-01 8.172959805115712628e-01
5.448416524139166883e-01 8.185140073081608181e-01
5.448800967702718268e-01 8.197320341047502623e-01
5.451131733669285495e-01 8.209500609013398176e-01
5.451414841820343415e-01 8.221680876979293728e-01
5.451506072128290414e-01 8.233861144945188171e-01
5.452043986550558774e-01 8.246041412911083723e-01
5.452236790911196840e-01 8.258221680876979276e-01
5.453352588223353559e-01 8.270401948842874829e-01
5.455573898548192746e-01 8.282582216808769271e-01
5.455814253039382722e-01 8.294762484774664824e-01
5.455884130014537758e-01 8.306942752740560376e-01
5.457810842868160428e-01 8.319123020706455929e-01
5.457956127722198847e-01 8.331303288672350371e-01
5.458058974485542336e-01 8.343483556638245924e-01
5.458203499741766107e-01 8.355663824604141476e-01
5.459148884533850943e-01 8.367844092570035919e-01
5.461804479520038225e-01 8.380024360535931471e-01
5.462147285817369191e-01 8.392204628501827024e-01
5.463267376092442174e-01 8.404384896467722577e-01
5.463534433427884585e-01 8.416565164433617019e-01
5.464682606954902599e-01 8.428745432399512572e-01
5.464806689215626623e-01 8.440925700365408124e-01
5.465197805846875312e-01 8.453105968331303677e-01
5.465614858135725562e-01 8.465286236297198119e-01
5.465886441764750137e-01 8.477466504263093672e-01
5.465922780001950532e-01 8.489646772228989224e-01
5.465974418773182908e-01 8.501827040194883667e-01
5.466033193533446077e-01 8.514007308160779219e-01
5.466600694375068903e-01 8.526187576126674772e-01
5.466802499663578896e-01 8.538367844092570325e-01
5.467017420106261572e-01 8.550548112058464767e-01
5.467396714563418358e-01 8.562728380024360320e-01
5.468628606663299418e-01 8.574908647990255872e-01
5.468722622520619803e-01 8.587088915956151425e-01
5.469613748564391420e-01 8.599269183922045867e-01
5.471823946155557339e-01 8.611449451887941420e-01
5.472728506298057960e-01 8.623629719853836972e-01
5.477636859333849806e-01 8.635809987819731415e-01
5.478710339067983659e-01 8.647990255785626967e-01
5.479732211793088004e-01 8.660170523751522520e-01
5.479824147196592499e-01 8.672350791717418073e-01
5.481387103427011187e-01 8.684531059683312515e-01
5.481710572364861811e-01 8.696711327649208068e-01
5.482554708633501361e-01 8.708891595615103620e-01
5.482885196351098278e-01 8.721071863580998063e-01
5.484167989401548260e-01 8.733252131546893615e-01
5.487634451909911837e-01 8.745432399512789168e-01
5.487910733805286823e-01 8.757612667478684720e-01
5.489358420607621802e-01 8.769792935444579163e-01
5.490068588359181545e-01 8.781973203410474715e-01
5.490298322381690355e-01 8.794153471376370268e-01
5.490377469343351580e-01 8.806333739342265821e-01
5.490535350628951150e-01 8.818514007308160263e-01
5.491359613313978594e-01 8.830694275274055816e-01
5.492525552753416695e-01 8.842874543239951368e-01
5.495815710055895753e-01 8.855054811205845811e-01
5.496156558673702675e-01 8.867235079171741363e-01
5.497663946906938826e-01 8.879415347137636916e-01
5.501234148309609440e-01 8.891595615103532468e-01
5.501425002074068482e-01 8.903775883069426911e-01
5.502249058161168271e-01 8.915956151035322463e-01
5.504526435834597997e-01 8.928136419001218016e-01
5.504684133611613683e-01 8.940316686967113569e-01
5.504918606046454999e-01 8.952496954933008011e-01
5.505704364947298091e-01 8.964677222898903564e-01
5.506709883204838896e-01 8.976857490864799116e-01
5.506841163601357003e-01 8.989037758830693559e-01
5.507283642238465227e-01 9.001218026796589111e-01
5.507346495893979954e-01 9.013398294762484664e-01
5.509542828315274754e-01 9.025578562728380216e-01
5.512914277038423183e-01 9.037758830694274659e-01
5.514007511129349615e-01 9.049939098660170211e-01
5.514305877814538182e-01 9.062119366626065764e-01
5.514730845489119737e-01 9.074299634591961317e-01
5.515043183974781549e-01 9.086479902557855759e-01
5.515727191830210874e-01 9.098660170523751312e-01
5.520351418739664062e-01 9.110840438489646864e-01
5.520455611322961920e-01 9.123020706455541307e-01
5.520955441975312628e-01 9.135200974421436859e-01
5.523770940337956459e-01 9.147381242387332412e-01
5.524599281312715382e-01 9.159561510353227964e-01
5.524697592815428493e-01 9.171741778319122407e-01
5.525114081944567657e-01 9.183922046285017959e-01
5.527799343997609194e-01 9.196102314250913512e-01
5.530575206553769441e-01 9.208282582216809065e-01
5.530732154379959242e-01 9.220462850182703507e-01
5.531207431540108299e-01 9.232643118148599060e-01
5.531492869228101794e-01 9.244823386114494612e-01
5.534433589897802541e-01 9.257003654080389055e-01
5.535679817527814350e-01 9.269183922046284607e-01
5.536160252621108446e-01 9.281364190012180160e-01
5.539288824989647697e-01 9.293544457978075712e-01
5.539382813284362550e-01 9.305724725943970155e-01
5.539666998097075856e-01 9.317904993909865707e-01
5.539960554154373940e-01 9.330085261875761260e-01
5.540476652702767124e-01 9.342265529841656813e-01
5.541227026887273199e-01 9.354445797807551255e-01
5.541782599890158201e-01 9.366626065773446808e-01
5.543218342744443694e-01 9.378806333739342360e-01
5.544942937100453273e-01 9.390986601705236803e-01
5.545512401876278030e-01 9.403166869671132355e-01
5.546274143770942855e-01 9.415347137637027908e-01
5.547198169687086455e-01 9.427527405602923460e-01
5.547319276834525859e-01 9.439707673568817903e-01
5.547524870755026205e-01 9.451887941534713455e-01
5.549247498886119567e-01 9.464068209500609008e-01
5.550143524755373203e-01 9.476248477466504561e-01
5.553204307221500935e-01 9.488428745432399003e-01
5.553644734500288171e-01 9.500609013398294556e-01
5.553823172440492950e-01 9.512789281364190108e-01
5.553990674012084794e-01 9.524969549330084551e-01
5.556163224171831727e-01 9.537149817295980103e-01
5.562481054824269799e-01 9.549330085261875656e-01
5.563478171892690671e-01 9.561510353227771208e-01
5.564589394345336171e-01 9.573690621193665651e-01
5.566149443161381161e-01 9.585870889159561203e-01
5.567472830239560411e-01 9.598051157125456756e-01
5.572125435615256084e-01 9.610231425091352309e-01
5.575912620101142192e-01 9.622411693057246751e-01
5.583236798504954690e-01 9.634591961023142304e-01
5.584869804590419928e-01 9.646772228989037856e-01
5.588096406853382270e-01 9.658952496954932299e-01
5.590316660949672389e-01 9.671132764920827851e-01
5.592737625713312122e-01 9.683313032886723404e-01
5.594777889490408773e-01 9.695493300852618956e-01
5.595043948306368531e-01 9.707673568818513399e-01
5.596565064624909880e-01 9.719853836784408951e-01
5.598337059865682308e-01 9.732034104750304504e-01
5.599428219460628187e-01 9.744214372716200057e-01
5.601061955755466393e-01 9.756394640682094499e-01
5.605868549367089004e-01 9.768574908647990052e-01
5.612952396203160221e-01 9.780755176613885604e-01
5.614925651649936844e-01 9.792935444579780047e-01
5.615439380963964666e-01 9.805115712545675599e-01
5.634281905365078336e-01 9.817295980511571152e-01
5.634715007221696714e-01 9.829476248477466704e-01
5.637493616861025680e-01 9.841656516443361147e-01
5.638483433064809258e-01 9.853836784409256699e-01
5.640275433845803876e-01 9.866017052375152252e-01
5.652106359675365121e-01 9.878197320341047805e-01
5.653703673805765550e-01 9.890377588306942247e-01
5.653893323358721856e-01 9.902557856272837800e-01
5.668294580726458420e-01 9.914738124238733352e-01
5.673963523425118449e-01 9.926918392204627795e-01
5.678665886534995932e-01 9.939098660170523347e-01
5.682158743558880509e-01 9.951278928136418900e-01
5.683366590602976220e-01 9.963459196102314452e-01
5.688942170673036980e-01 9.975639464068208895e-01
5.692389857615394178e-01 9.987819732034104447e-01
5.741516528831490662e-01 1.000000000000000000e+00
