# XXZ chain with NNN perturbation
# L = 28, S_z^tot = 4, J = 1, Delta = 0.5, g = 0.20
# Time dependence of normalized energy current autocorrelation function, with time rescaled by g^2
# tJg^2, C_kappa(t)

0.000000000000000000e+00 1.000000000000000000e+00
4.000000000000000777e-02 9.698910901633910342e-01
8.000000000000001554e-02 8.966654110508887054e-01
1.200000000000000233e-01 8.085873056723957841e-01
1.600000000000000311e-01 7.213575203166577854e-01
2.000000000000000389e-01 6.408662236665342293e-01
2.400000000000000466e-01 5.696384324280137079e-01
2.800000000000000266e-01 5.088645527361765897e-01
3.200000000000000622e-01 4.589263947782861730e-01
3.600000000000000977e-01 4.196142479352258925e-01
4.000000000000000777e-01 3.902280716172125130e-01
4.400000000000000577e-01 3.696742039818448067e-01
4.800000000000000933e-01 3.566069101169164757e-01
5.200000000000001288e-01 3.496148365391926194e-01
5.600000000000000533e-01 3.472810325019352606e-01
6.000000000000000888e-01 3.480532549590852898e-01
6.400000000000001243e-01 3.503294692169038882e-01
6.800000000000001599e-01 3.527988950311944372e-01
7.200000000000001954e-01 3.545244282987372042e-01
7.600000000000001199e-01 3.548292213740891210e-01
8.000000000000001554e-01 3.532914296932224696e-01
8.400000000000001910e-01 3.497521511115216364e-01
8.800000000000001155e-01 3.442763592777107751e-01
9.200000000000001510e-01 3.371071145006217518e-01
9.600000000000001865e-01 3.286131342696108071e-01
1.000000000000000222e+00 3.192354009647875301e-01
1.040000000000000258e+00 3.094333000626455221e-01
1.080000000000000293e+00 2.996447946622359804e-01
1.120000000000000107e+00 2.902584245529939988e-01
1.160000000000000142e+00 2.815824605582161744e-01
1.200000000000000178e+00 2.738231894949616496e-01
1.240000000000000213e+00 2.670928186952750139e-01
1.280000000000000249e+00 2.614306150566073628e-01
1.320000000000000284e+00 2.568047351945867973e-01
1.360000000000000320e+00 2.531129698535224959e-01
1.400000000000000355e+00 2.501943888561256046e-01
1.440000000000000391e+00 2.478486287007033440e-01
1.480000000000000204e+00 2.458682810821162246e-01
1.520000000000000240e+00 2.440497779864755634e-01
1.560000000000000275e+00 2.422006663991561337e-01
1.600000000000000311e+00 2.401740640967770790e-01
1.640000000000000346e+00 2.378812885045060721e-01
1.680000000000000382e+00 2.352738317207312135e-01
1.720000000000000417e+00 2.323393157130930753e-01
1.760000000000000231e+00 2.290988613156210441e-01
1.800000000000000266e+00 2.255970375633103431e-01
1.840000000000000302e+00 2.218995726414909886e-01
1.880000000000000338e+00 2.180875180307734473e-01
1.920000000000000373e+00 2.142493548499065648e-01
1.960000000000000409e+00 2.104764096198579459e-01
2.000000000000000444e+00 2.068508762149515734e-01
2.040000000000000480e+00 2.034362576903687159e-01
2.080000000000000515e+00 2.002726389416663311e-01
2.120000000000000551e+00 1.973754490754887070e-01
2.160000000000000586e+00 1.947350059690911295e-01
2.200000000000000622e+00 1.923139558267099036e-01
2.240000000000000213e+00 1.900660560801411825e-01
2.280000000000000249e+00 1.879490527565730318e-01
2.320000000000000284e+00 1.859153574774131124e-01
2.360000000000000320e+00 1.839163083374033281e-01
2.400000000000000355e+00 1.819115602897758421e-01
2.440000000000000391e+00 1.798687739656207873e-01
2.480000000000000426e+00 1.777597310924702023e-01
2.520000000000000462e+00 1.755650462064534123e-01
2.560000000000000497e+00 1.732781375230023346e-01
2.600000000000000533e+00 1.708973544936610300e-01
2.640000000000000568e+00 1.684303440300352339e-01
2.680000000000000604e+00 1.659020381538862388e-01
2.720000000000000639e+00 1.633481709304387131e-01
2.760000000000000675e+00 1.608066296345633805e-01
2.800000000000000711e+00 1.583095290190770776e-01
2.840000000000000746e+00 1.558860284110078764e-01
2.880000000000000782e+00 1.535693502167509716e-01
2.920000000000000373e+00 1.513853136468528426e-01
2.960000000000000409e+00 1.493343815869415947e-01
3.000000000000000444e+00 1.473947964391699450e-01
3.040000000000000480e+00 1.455408544717094466e-01
3.080000000000000515e+00 1.437464451972374213e-01
3.120000000000000551e+00 1.419874368385547203e-01
3.160000000000000586e+00 1.402610594581338854e-01
3.200000000000000622e+00 1.385759673669197389e-01
3.240000000000000657e+00 1.369299145384988980e-01
3.280000000000000693e+00 1.353097304059164008e-01
3.320000000000000728e+00 1.337013709497467118e-01
3.360000000000000764e+00 1.320972667186662286e-01
3.400000000000000799e+00 1.304898774977653608e-01
3.440000000000000835e+00 1.288665021537178934e-01
3.480000000000000870e+00 1.272148071071178832e-01
3.520000000000000462e+00 1.255335433012714774e-01
3.560000000000000497e+00 1.238429530915767240e-01
3.600000000000000533e+00 1.221731892678816073e-01
3.640000000000000568e+00 1.205389345471575280e-01
3.680000000000000604e+00 1.189370008671704199e-01
3.720000000000000639e+00 1.173634752579489487e-01
3.760000000000000675e+00 1.158236307496787049e-01
3.800000000000000711e+00 1.143263094610408037e-01
3.840000000000000746e+00 1.128758385498301320e-01
3.880000000000000782e+00 1.114711867828723085e-01
3.920000000000000817e+00 1.101058916882856203e-01
3.960000000000000853e+00 1.087707733397458437e-01
4.000000000000000888e+00 1.074615298409797026e-01
4.040000000000000924e+00 1.061769874420297605e-01
4.080000000000000959e+00 1.049145885637283726e-01
4.120000000000000995e+00 1.036745662859003547e-01
4.160000000000001030e+00 1.024615707665592484e-01
4.200000000000001066e+00 1.012805925357747050e-01
4.240000000000001101e+00 1.001302488140090596e-01
4.280000000000001137e+00 9.899779325552797438e-02
4.320000000000001172e+00 9.787407567500601424e-02
4.360000000000001208e+00 9.676228523063767906e-02
4.400000000000001243e+00 9.566756266178794155e-02
4.440000000000001279e+00 9.459158586226291965e-02
4.480000000000000426e+00 9.353162588492131002e-02
4.520000000000000462e+00 9.248160210745384746e-02
4.560000000000000497e+00 9.143714722683342344e-02
4.600000000000000533e+00 9.039885381354945126e-02
4.640000000000000568e+00 8.936645787998218071e-02
4.680000000000000604e+00 8.833578069146030831e-02
4.720000000000000639e+00 8.730988467408197506e-02
4.760000000000000675e+00 8.630181979797584002e-02
4.800000000000000711e+00 8.532186602055306934e-02
4.840000000000000746e+00 8.437343533176323851e-02
4.880000000000000782e+00 8.345534247294665586e-02
4.920000000000000817e+00 8.255737777420354973e-02
4.960000000000000853e+00 8.166554145002984100e-02
5.000000000000000888e+00 8.077339224633611758e-02
5.040000000000000924e+00 7.988318383956385937e-02
5.080000000000000959e+00 7.900518259376727859e-02
5.120000000000000995e+00 7.815175130020285410e-02
5.160000000000001030e+00 7.733206052794106000e-02
5.200000000000001066e+00 7.655408651857704971e-02
5.240000000000001101e+00 7.582080545182345865e-02
5.280000000000001137e+00 7.512040574243915303e-02
5.320000000000001172e+00 7.443162777170966860e-02
5.360000000000001208e+00 7.373725246009671386e-02
5.400000000000001243e+00 7.302569097105304774e-02
5.440000000000001279e+00 7.229361587011025325e-02
5.480000000000001315e+00 7.154850909278677451e-02
5.520000000000001350e+00 7.080573235374733321e-02
5.560000000000001386e+00 7.008138753130828402e-02
5.600000000000001421e+00 6.938260117362494983e-02
5.640000000000001457e+00 6.870647251370863573e-02
5.680000000000001492e+00 6.804255260344024836e-02
5.720000000000001528e+00 6.737434472097805771e-02
5.760000000000001563e+00 6.668916016167326932e-02
5.800000000000000711e+00 6.598909162773863857e-02
5.840000000000000746e+00 6.529147224268927463e-02
5.880000000000000782e+00 6.461236658140236122e-02
5.920000000000000817e+00 6.395444599688177023e-02
5.960000000000000853e+00 6.331747175953919560e-02
6.000000000000000888e+00 6.270081151984176204e-02
6.040000000000000924e+00 6.208983726170490963e-02
6.080000000000000959e+00 6.146283128557802899e-02
6.120000000000000995e+00 6.081810699039442991e-02
6.160000000000001030e+00 6.017253009839658440e-02
6.200000000000001066e+00 5.953987699640166109e-02
6.240000000000001101e+00 5.892812156788593270e-02
6.280000000000001137e+00 5.834145996609561152e-02
6.320000000000001172e+00 5.778403569846798232e-02
6.360000000000001208e+00 5.726267569430341237e-02
6.400000000000001243e+00 5.677696982445473717e-02
6.440000000000001279e+00 5.631464339433708832e-02
6.480000000000001315e+00 5.586093152554604674e-02
6.520000000000001350e+00 5.540244479857357046e-02
6.560000000000001386e+00 5.492640651262234441e-02
6.600000000000001421e+00 5.442882454973510531e-02
6.640000000000001457e+00 5.391631731045596482e-02
6.680000000000001492e+00 5.339361460588572944e-02
6.720000000000001528e+00 5.285880324653221413e-02
6.760000000000001563e+00 5.231395372082857376e-02
6.800000000000001599e+00 5.177594709463622519e-02
6.840000000000001634e+00 5.126772825988334253e-02
6.880000000000001670e+00 5.079748584156086599e-02
6.920000000000001705e+00 5.035600415459836471e-02
6.960000000000001741e+00 4.993488819094498571e-02
7.000000000000001776e+00 4.952990240272760886e-02
7.040000000000000924e+00 4.913506637444975400e-02
7.080000000000000959e+00 4.873574458619478467e-02
7.120000000000000995e+00 4.831497752888901792e-02
7.160000000000001030e+00 4.787021992935619474e-02
7.200000000000001066e+00 4.740774239625940301e-02
7.240000000000001101e+00 4.693006723290558263e-02
7.280000000000001137e+00 4.643681603571263999e-02
7.320000000000001172e+00 4.593051853290598674e-02
7.360000000000001208e+00 4.542352160060093846e-02
7.400000000000001243e+00 4.494018578839840961e-02
7.440000000000001279e+00 4.450273035834857727e-02
7.480000000000001315e+00 4.411149181800864266e-02
7.520000000000001350e+00 4.375262915228955024e-02
7.560000000000001386e+00 4.341489897426299704e-02
7.600000000000001421e+00 4.308845476584077100e-02
7.640000000000001457e+00 4.275980890151952207e-02
7.680000000000001492e+00 4.241743988278003086e-02
7.720000000000001528e+00 4.205485410331807200e-02
7.760000000000001563e+00 4.166700285014878630e-02
7.800000000000001599e+00 4.125338219994278965e-02
7.840000000000001634e+00 4.081985301558003348e-02
7.880000000000001670e+00 4.037042720568589926e-02
7.920000000000001705e+00 3.990965302873103471e-02
7.960000000000001741e+00 3.944892253427145085e-02
8.000000000000001776e+00 3.900412922167008356e-02
8.040000000000000924e+00 3.859075014941044934e-02
8.080000000000001847e+00 3.821179450105083308e-02
8.120000000000000995e+00 3.785511415243914685e-02
8.160000000000001918e+00 3.750939215218568323e-02
8.200000000000001066e+00 3.717956378351434249e-02
8.240000000000001990e+00 3.687851197952440180e-02
8.280000000000001137e+00 3.661152093759389992e-02
8.320000000000002061e+00 3.637764301285958263e-02
8.360000000000001208e+00 3.617505684347475242e-02
8.400000000000002132e+00 3.599397056102798115e-02
8.440000000000001279e+00 3.581619231165839023e-02
8.480000000000002203e+00 3.561980470256342207e-02
8.520000000000001350e+00 3.538343489509573891e-02
8.560000000000002274e+00 3.509985103038282261e-02
8.600000000000001421e+00 3.478294392439659766e-02
8.640000000000002345e+00 3.445117407951422961e-02
8.680000000000001492e+00 3.411713417882795973e-02
8.720000000000002416e+00 3.379582700699147041e-02
8.760000000000001563e+00 3.349977640433245835e-02
8.800000000000002487e+00 3.321980916284388713e-02
8.840000000000001634e+00 3.293256294070557449e-02
8.880000000000002558e+00 3.262870227295133763e-02
8.920000000000001705e+00 3.232223554468213050e-02
8.960000000000000853e+00 3.203419615347952165e-02
9.000000000000001776e+00 3.177328333433918073e-02
9.040000000000000924e+00 3.153981925263046882e-02
9.080000000000001847e+00 3.133779665674943371e-02
9.120000000000000995e+00 3.116300518570579853e-02
9.160000000000001918e+00 3.099661024221359723e-02
9.200000000000001066e+00 3.082523713777848492e-02
9.240000000000001990e+00 3.064875751090189934e-02
9.280000000000001137e+00 3.046636313797853809e-02
9.320000000000002061e+00 3.026695461787905217e-02
9.360000000000001208e+00 3.003797845834036903e-02
9.400000000000002132e+00 2.977435063273041471e-02
9.440000000000001279e+00 2.948004193667440320e-02
9.480000000000002203e+00 2.916894234777704653e-02
9.520000000000001350e+00 2.885700761559048533e-02
9.560000000000002274e+00 2.855018429280707648e-02
9.600000000000001421e+00 2.824898614935070218e-02
9.640000000000002345e+00 2.795805258146027289e-02
9.680000000000001492e+00 2.768401470726313332e-02
9.720000000000002416e+00 2.743265983845618108e-02
9.760000000000001563e+00 2.721053744358845755e-02
9.800000000000002487e+00 2.701615027145446574e-02
9.840000000000001634e+00 2.683691694028388086e-02
9.880000000000002558e+00 2.666556782591186434e-02
9.920000000000001705e+00 2.650519564984256740e-02
9.960000000000002629e+00 2.635785292949144668e-02
1.000000000000000178e+01 2.621936349498109331e-02
1.004000000000000270e+01 2.608033525288417503e-02
1.008000000000000185e+01 2.593186983530326034e-02
1.012000000000000277e+01 2.577106402642869581e-02
1.016000000000000192e+01 2.559770891391996775e-02
1.020000000000000284e+01 2.541304274193455226e-02
1.024000000000000199e+01 2.522286991507274520e-02
1.028000000000000114e+01 2.503402290118770732e-02
1.032000000000000206e+01 2.484585464134600810e-02
1.036000000000000121e+01 2.465215429411757309e-02
1.040000000000000213e+01 2.444746765428466861e-02
1.044000000000000128e+01 2.422985902037837549e-02
1.048000000000000220e+01 2.400671598234022097e-02
1.052000000000000135e+01 2.379765882481175987e-02
1.056000000000000227e+01 2.361966707046181391e-02
1.060000000000000142e+01 2.347588441750491153e-02
1.064000000000000234e+01 2.335906918010588820e-02
1.068000000000000149e+01 2.325622450140717168e-02
1.072000000000000242e+01 2.315794130289770825e-02
1.076000000000000156e+01 2.306322003227187153e-02
1.080000000000000249e+01 2.297300039997958801e-02
1.084000000000000163e+01 2.288217033303445447e-02
1.088000000000000256e+01 2.277943792971649783e-02
1.092000000000000171e+01 2.265647214705614892e-02
1.096000000000000263e+01 2.251510830715885980e-02
1.100000000000000178e+01 2.236200345526482419e-02
1.104000000000000270e+01 2.219561454621157143e-02
1.108000000000000185e+01 2.200750756310979744e-02
1.112000000000000277e+01 2.180233853713585412e-02
1.116000000000000192e+01 2.159634659604662762e-02
1.120000000000000284e+01 2.140098382336876048e-02
1.124000000000000199e+01 2.122034642109485100e-02
1.128000000000000291e+01 2.105303463879772477e-02
1.132000000000000206e+01 2.089923894983804903e-02
1.136000000000000298e+01 2.076611431123101884e-02
1.140000000000000213e+01 2.065864397210934178e-02
1.144000000000000306e+01 2.057435312812468803e-02
1.148000000000000220e+01 2.050773309965355645e-02
1.152000000000000313e+01 2.044249524585670455e-02
1.156000000000000227e+01 2.035453250361880101e-02
1.160000000000000142e+01 2.023188348871236136e-02
1.164000000000000234e+01 2.007958912566183002e-02
1.168000000000000149e+01 1.991079438196463949e-02
1.172000000000000242e+01 1.973965611813667184e-02
1.176000000000000156e+01 1.957342931386757759e-02
1.180000000000000249e+01 1.941502000272161271e-02
1.184000000000000163e+01 1.926977670060836534e-02
1.188000000000000256e+01 1.914271752325800643e-02
1.192000000000000171e+01 1.903217124868167992e-02
1.196000000000000263e+01 1.893248506081784965e-02
1.200000000000000178e+01 1.884404823304456841e-02
1.204000000000000270e+01 1.877021835797709412e-02
1.208000000000000185e+01 1.871151287593539672e-02
1.212000000000000277e+01 1.866342237111509941e-02
1.216000000000000192e+01 1.861043564644918741e-02
1.220000000000000284e+01 1.853391659504160377e-02
1.224000000000000199e+01 1.843323376411810585e-02
1.228000000000000291e+01 1.832553504489370724e-02
1.232000000000000206e+01 1.822452730782880490e-02
1.236000000000000298e+01 1.813200151347318587e-02
1.240000000000000213e+01 1.804494220507304666e-02
1.244000000000000306e+01 1.796065736149453015e-02
1.248000000000000220e+01 1.788018800478193004e-02
1.252000000000000313e+01 1.780812584096812257e-02
1.256000000000000227e+01 1.774043951327516910e-02
1.260000000000000320e+01 1.765989801106538845e-02
1.264000000000000234e+01 1.755793772205459929e-02
1.268000000000000327e+01 1.744886014762021820e-02
1.272000000000000242e+01 1.735606856888442795e-02
1.276000000000000334e+01 1.729083216186590166e-02
1.280000000000000249e+01 1.724569161384098548e-02
1.284000000000000163e+01 1.720495217353977882e-02
1.288000000000000256e+01 1.715445830960938764e-02
1.292000000000000171e+01 1.708014139821418392e-02
1.296000000000000263e+01 1.697187867623347821e-02
1.300000000000000178e+01 1.683537139654455589e-02
1.304000000000000270e+01 1.669127757494363179e-02
1.308000000000000185e+01 1.655099929037713927e-02
1.312000000000000277e+01 1.640626284111528638e-02
1.316000000000000192e+01 1.624322855780039807e-02
1.320000000000000284e+01 1.604965839400938898e-02
1.324000000000000199e+01 1.582281420210886885e-02
1.328000000000000291e+01 1.558185410071054842e-02
1.332000000000000206e+01 1.535614347353924866e-02
1.336000000000000298e+01 1.516124880425305868e-02
1.340000000000000213e+01 1.499207376980511881e-02
1.344000000000000306e+01 1.483523672522423301e-02
1.348000000000000220e+01 1.468621963987326584e-02
1.352000000000000313e+01 1.455388588478191692e-02
1.356000000000000227e+01 1.445350709129254556e-02
1.360000000000000320e+01 1.439379093002771635e-02
1.364000000000000234e+01 1.437066933550998869e-02
1.368000000000000327e+01 1.437500228467034590e-02
1.372000000000000242e+01 1.439764295903527870e-02
1.376000000000000334e+01 1.442777344010453579e-02
1.380000000000000249e+01 1.445248850249418460e-02
1.384000000000000341e+01 1.445847541795034635e-02
1.388000000000000256e+01 1.443608218437893859e-02
1.392000000000000348e+01 1.438038164110272583e-02
1.396000000000000263e+01 1.428875423806213324e-02
1.400000000000000355e+01 1.416281645629694982e-02
1.404000000000000270e+01 1.401248158938874985e-02
1.408000000000000185e+01 1.385373418768821169e-02
1.412000000000000277e+01 1.369902522883161868e-02
1.416000000000000192e+01 1.355415111310877448e-02
1.420000000000000284e+01 1.342738675714503713e-02
1.424000000000000199e+01 1.332814311748222250e-02
1.428000000000000291e+01 1.325097223311453437e-02
1.432000000000000206e+01 1.318105910839261798e-02
1.436000000000000298e+01 1.311589697477254408e-02
1.440000000000000213e+01 1.306473687988149099e-02
1.444000000000000306e+01 1.303480296689253463e-02
1.448000000000000220e+01 1.302169114747760842e-02
1.452000000000000313e+01 1.301256703208618012e-02
1.456000000000000227e+01 1.300011891008975677e-02
1.460000000000000320e+01 1.298321807482870349e-02
1.464000000000000234e+01 1.295855218054534248e-02
1.468000000000000327e+01 1.291820350019068017e-02
1.472000000000000242e+01 1.285261880794051279e-02
1.476000000000000334e+01 1.275723838607552806e-02
1.480000000000000249e+01 1.263599965622211330e-02
1.484000000000000341e+01 1.250047562192374909e-02
1.488000000000000256e+01 1.236418017866625259e-02
1.492000000000000348e+01 1.223474862847857836e-02
1.496000000000000263e+01 1.210783118992666239e-02
1.500000000000000355e+01 1.197576398738616973e-02
1.504000000000000270e+01 1.184088571450997614e-02
1.508000000000000362e+01 1.171038777811835713e-02
1.512000000000000277e+01 1.159004971132488425e-02
1.516000000000000369e+01 1.148065586581860018e-02
1.520000000000000284e+01 1.137958573188689419e-02
1.524000000000000377e+01 1.128036037864809348e-02
1.528000000000000291e+01 1.117053801637936383e-02
1.532000000000000384e+01 1.104572811426074268e-02
1.536000000000000298e+01 1.092196339737769827e-02
1.540000000000000213e+01 1.081842572427097436e-02
1.544000000000000306e+01 1.074179380899705806e-02
1.548000000000000220e+01 1.069378685765797268e-02
1.552000000000000313e+01 1.067483801696564663e-02
1.556000000000000227e+01 1.067711447760812289e-02
1.560000000000000320e+01 1.068387936284150713e-02
1.564000000000000234e+01 1.067242229743205727e-02
1.568000000000000327e+01 1.062555007802718811e-02
1.572000000000000242e+01 1.054342858990634652e-02
1.576000000000000334e+01 1.043610389981041060e-02
1.580000000000000249e+01 1.030559644046945798e-02
1.584000000000000341e+01 1.015244217709383202e-02
1.588000000000000256e+01 9.989037875244233949e-03
1.592000000000000348e+01 9.830099015249981961e-03
1.596000000000000263e+01 9.683232261720483777e-03
1.600000000000000355e+01 9.554604999471152937e-03
1.604000000000000270e+01 9.446924540174305232e-03
1.608000000000000185e+01 9.354911268072254107e-03
1.612000000000000455e+01 9.269564821790312117e-03
1.616000000000000369e+01 9.186752213377820039e-03
1.620000000000000284e+01 9.114426592052287529e-03
1.624000000000000199e+01 9.068091411264364923e-03
1.628000000000000469e+01 9.054400025259158255e-03
1.632000000000000384e+01 9.058532768827448969e-03
1.636000000000000298e+01 9.057923066077841825e-03
1.640000000000000213e+01 9.040355258358974758e-03
1.644000000000000483e+01 9.002564924679760938e-03
1.648000000000000398e+01 8.946177100864509055e-03
1.652000000000000313e+01 8.877737722598096071e-03
1.656000000000000227e+01 8.807449139602177221e-03
1.660000000000000497e+01 8.746856906432825401e-03
1.664000000000000412e+01 8.698266759477367785e-03
1.668000000000000327e+01 8.652400916702962866e-03
1.672000000000000242e+01 8.599039337095609400e-03
1.676000000000000156e+01 8.530668127274028054e-03
1.680000000000000426e+01 8.445573434559676060e-03
1.684000000000000341e+01 8.356018089390042022e-03
1.688000000000000256e+01 8.277782816658548967e-03
1.692000000000000171e+01 8.213393141736979181e-03
1.696000000000000441e+01 8.154357503241177127e-03
1.700000000000000355e+01 8.089773665914987838e-03
1.704000000000000270e+01 8.019905720008747851e-03
1.708000000000000185e+01 7.956160734992530695e-03
1.712000000000000455e+01 7.903226970289793998e-03
1.716000000000000369e+01 7.858879434885893828e-03
1.720000000000000284e+01 7.820411919367220577e-03
1.724000000000000199e+01 7.782642446258250177e-03
1.728000000000000469e+01 7.743495074739700085e-03
1.732000000000000384e+01 7.712297585046400984e-03
1.736000000000000298e+01 7.701424828324973833e-03
1.740000000000000213e+01 7.708517668658337700e-03
1.744000000000000483e+01 7.715224605596556103e-03
1.748000000000000398e+01 7.708110321210818149e-03
1.752000000000000313e+01 7.690767392131743138e-03
1.756000000000000227e+01 7.672959955960793194e-03
1.760000000000000497e+01 7.655073322675236443e-03
1.764000000000000412e+01 7.627253336457267933e-03
1.768000000000000327e+01 7.587569260424944367e-03
1.772000000000000242e+01 7.542819191740644282e-03
1.776000000000000512e+01 7.489321607162649323e-03
1.780000000000000426e+01 7.412524804073466859e-03
1.784000000000000341e+01 7.301742238054000078e-03
1.788000000000000256e+01 7.159058155511972485e-03
1.792000000000000171e+01 6.996576571600365141e-03
1.796000000000000441e+01 6.832388300744910749e-03
1.800000000000000355e+01 6.682580754280706935e-03
1.804000000000000270e+01 6.552881589099137510e-03
1.808000000000000185e+01 6.443142497412741865e-03
1.812000000000000455e+01 6.355681327076478059e-03
1.816000000000000369e+01 6.290544326781461609e-03
1.820000000000000284e+01 6.244857211611999984e-03
1.824000000000000199e+01 6.222989578429352978e-03
1.828000000000000469e+01 6.231385474689059636e-03
1.832000000000000384e+01 6.267720431473454250e-03
1.836000000000000298e+01 6.319628904935288040e-03
1.840000000000000213e+01 6.373859845077822772e-03
1.844000000000000483e+01 6.425025558450828123e-03
1.848000000000000398e+01 6.469951964930963084e-03
1.852000000000000313e+01 6.501347897153909525e-03
1.856000000000000227e+01 6.512927137839701411e-03
1.860000000000000497e+01 6.505407270509924733e-03
1.864000000000000412e+01 6.485672055424531769e-03
1.868000000000000327e+01 6.458224381003394889e-03
1.872000000000000242e+01 6.421558026345463091e-03
1.876000000000000512e+01 6.374526803351601538e-03
1.880000000000000426e+01 6.319445708802629361e-03
1.884000000000000341e+01 6.259607009884729685e-03
1.888000000000000256e+01 6.201226391900040852e-03
1.892000000000000526e+01 6.152469409206747300e-03
1.896000000000000441e+01 6.111906271389561281e-03
1.900000000000000355e+01 6.073929423569485522e-03
1.904000000000000270e+01 6.047016251271296848e-03
1.908000000000000540e+01 6.039286121432985675e-03
1.912000000000000455e+01 6.040977407782283093e-03
1.916000000000000369e+01 6.043784602752032276e-03
1.920000000000000284e+01 6.050546295543178001e-03
1.924000000000000199e+01 6.059785802816410397e-03
1.928000000000000469e+01 6.065268179879535274e-03
1.932000000000000384e+01 6.064635584793840600e-03
1.936000000000000298e+01 6.058176326840893078e-03
1.940000000000000213e+01 6.047593648630104034e-03
1.944000000000000483e+01 6.036018132543078708e-03
1.948000000000000398e+01 6.025280681122030350e-03
1.952000000000000313e+01 6.016038817407100801e-03
1.956000000000000227e+01 6.007429014664260152e-03
1.960000000000000497e+01 5.992480983218912219e-03
1.964000000000000412e+01 5.964817385772634185e-03
1.968000000000000327e+01 5.926742899161758539e-03
1.972000000000000242e+01 5.879245840858126140e-03
1.976000000000000512e+01 5.821767233934895154e-03
1.980000000000000426e+01 5.764710095137505659e-03
1.984000000000000341e+01 5.723370480208986484e-03
1.988000000000000256e+01 5.704696408908189846e-03
1.992000000000000526e+01 5.704411789288685135e-03
1.996000000000000441e+01 5.706612229837323448e-03
2.000000000000000355e+01 5.693366166944802652e-03
2.004000000000000270e+01 5.657216250443780799e-03
2.008000000000000540e+01 5.598926662575770888e-03
2.012000000000000455e+01 5.523396162364493239e-03
2.016000000000000369e+01 5.442588244299380144e-03
2.020000000000000284e+01 5.373079883660951926e-03
2.024000000000000554e+01 5.323929339413642839e-03
2.028000000000000469e+01 5.289500110264137162e-03
2.032000000000000384e+01 5.254452376378048253e-03
2.036000000000000298e+01 5.208449738210863510e-03
2.040000000000000568e+01 5.153803521866204967e-03
2.044000000000000483e+01 5.094120544487453980e-03
2.048000000000000398e+01 5.024630478645514264e-03
2.052000000000000313e+01 4.944685943190860362e-03
2.056000000000000227e+01 4.870446327051749028e-03
2.060000000000000497e+01 4.825498732517201524e-03
2.064000000000000412e+01 4.817565242885103738e-03
2.068000000000000327e+01 4.833585287343549614e-03
2.072000000000000242e+01 4.852703370188859479e-03
2.076000000000000512e+01 4.865206245226140133e-03
2.080000000000000426e+01 4.873779056690561926e-03
2.084000000000000341e+01 4.878400237896063710e-03
2.088000000000000256e+01 4.874719627234843505e-03
2.092000000000000526e+01 4.857183672370719157e-03
2.096000000000000441e+01 4.823629775115852863e-03
2.100000000000000355e+01 4.775749759802188320e-03
2.104000000000000270e+01 4.716322747570291483e-03
2.108000000000000540e+01 4.647720461230547828e-03
2.112000000000000455e+01 4.570766673964884313e-03
2.116000000000000369e+01 4.486884570414201995e-03
2.120000000000000284e+01 4.398910381544785149e-03
2.124000000000000554e+01 4.306902406059590939e-03
2.128000000000000469e+01 4.212151099455018789e-03
2.132000000000000384e+01 4.124510441945868425e-03
2.136000000000000298e+01 4.056413487891733123e-03
2.140000000000000568e+01 4.020969998827302223e-03
2.144000000000000483e+01 4.028105409810818667e-03
2.148000000000000398e+01 4.069597168315752279e-03
2.152000000000000313e+01 4.122715111964846135e-03
2.156000000000000583e+01 4.169014428782003359e-03
2.160000000000000497e+01 4.196512817739009651e-03
2.164000000000000412e+01 4.195817830909680593e-03
2.168000000000000327e+01 4.164714085883215386e-03
2.172000000000000597e+01 4.108499916904869570e-03
2.176000000000000512e+01 4.036550167907560979e-03
2.180000000000000426e+01 3.959185184985044258e-03
2.184000000000000341e+01 3.881008854105864620e-03
2.188000000000000256e+01 3.801949304767447604e-03
2.192000000000000526e+01 3.726656183419471084e-03
2.196000000000000441e+01 3.663874077642130696e-03
2.200000000000000355e+01 3.616003790322635039e-03
2.204000000000000270e+01 3.580815548357125112e-03
2.208000000000000540e+01 3.559747741401377615e-03
2.212000000000000455e+01 3.556000431320243543e-03
2.216000000000000369e+01 3.571886855465297803e-03
2.220000000000000284e+01 3.611561343086285188e-03
2.224000000000000554e+01 3.672233556998434796e-03
2.228000000000000469e+01 3.739561432769194799e-03
2.232000000000000384e+01 3.802735908520947505e-03
2.236000000000000298e+01 3.862153682962158295e-03
2.240000000000000568e+01 3.924673350800624710e-03
2.244000000000000483e+01 3.993202288818249214e-03
2.248000000000000398e+01 4.054016735074169632e-03
2.252000000000000313e+01 4.084386934496092234e-03
2.256000000000000583e+01 4.072619229844747814e-03
2.260000000000000497e+01 4.021923486767561319e-03
2.264000000000000412e+01 3.944989596560014369e-03
2.268000000000000327e+01 3.860978993826221558e-03
2.272000000000000597e+01 3.786355074070031287e-03
2.276000000000000512e+01 3.722203765554588355e-03
2.280000000000000426e+01 3.661235125786728786e-03
2.284000000000000341e+01 3.608724816449964280e-03
2.288000000000000611e+01 3.578645948989711556e-03
2.292000000000000526e+01 3.578505615075632841e-03
2.296000000000000441e+01 3.614920344068947144e-03
2.300000000000000355e+01 3.690261224419713517e-03
2.304000000000000625e+01 3.792952813164972899e-03
2.308000000000000540e+01 3.902553928831162602e-03
2.312000000000000455e+01 3.992824347627012098e-03
2.316000000000000369e+01 4.042090047788329636e-03
2.320000000000000284e+01 4.053875343409521492e-03
2.324000000000000554e+01 4.047026425289539271e-03
2.328000000000000469e+01 4.035378359305145587e-03
2.332000000000000384e+01 4.032469187011811750e-03
2.336000000000000298e+01 4.044149672956519857e-03
2.340000000000000568e+01 4.057877463965437782e-03
2.344000000000000483e+01 4.055433352278143937e-03
2.348000000000000398e+01 4.029430050579705866e-03
2.352000000000000313e+01 3.988756896992580459e-03
2.356000000000000583e+01 3.948063886122284843e-03
2.360000000000000497e+01 3.909294641988958312e-03
2.364000000000000412e+01 3.862396674824705375e-03
2.368000000000000327e+01 3.804587811759138540e-03
2.372000000000000597e+01 3.746052478382807041e-03
2.376000000000000512e+01 3.697902324206523046e-03
2.380000000000000426e+01 3.662636265991884264e-03
2.384000000000000341e+01 3.636911633532658242e-03
2.388000000000000611e+01 3.613049028408750300e-03
2.392000000000000526e+01 3.584956497069445754e-03
2.396000000000000441e+01 3.554079170119860825e-03
2.400000000000000355e+01 3.522742340292017802e-03
2.404000000000000625e+01 3.489480674229075881e-03
2.408000000000000540e+01 3.451122343964543090e-03
2.412000000000000455e+01 3.404408274799315508e-03
2.416000000000000369e+01 3.347493135889197460e-03
2.420000000000000639e+01 3.279296316457857002e-03
2.424000000000000554e+01 3.198842354157916887e-03
2.428000000000000469e+01 3.114659643335061529e-03
2.432000000000000384e+01 3.049328484075272076e-03
2.436000000000000298e+01 3.023625857942629537e-03
2.440000000000000568e+01 3.042695814058823164e-03
2.444000000000000483e+01 3.101553221080972055e-03
2.448000000000000398e+01 3.188358432454041838e-03
2.452000000000000313e+01 3.285942896893362993e-03
2.456000000000000583e+01 3.380663626064189971e-03
2.460000000000000497e+01 3.464876516680898567e-03
2.464000000000000412e+01 3.531485550434742497e-03
2.468000000000000327e+01 3.569362110625819238e-03
2.472000000000000597e+01 3.565721005363134844e-03
2.476000000000000512e+01 3.515160730542785800e-03
2.480000000000000426e+01 3.423413916724922252e-03
2.484000000000000341e+01 3.300781129424469867e-03
2.488000000000000611e+01 3.160571339239837650e-03
2.492000000000000526e+01 3.018513902888845732e-03
2.496000000000000441e+01 2.888423846721036806e-03
2.500000000000000355e+01 2.778844400666548482e-03
2.504000000000000625e+01 2.688427728601134464e-03
2.508000000000000540e+01 2.610815761835080101e-03
2.512000000000000455e+01 2.547809040061051102e-03
2.516000000000000369e+01 2.516090417516470522e-03
2.520000000000000639e+01 2.530353449316427757e-03
2.524000000000000554e+01 2.581478182061092662e-03
2.528000000000000469e+01 2.649001825022203986e-03
2.532000000000000384e+01 2.717533996996028545e-03
2.536000000000000654e+01 2.776679391344132226e-03
2.540000000000000568e+01 2.818290389377669635e-03
2.544000000000000483e+01 2.840899858540014283e-03
2.548000000000000398e+01 2.850352915107431679e-03
2.552000000000000668e+01 2.848445803266163017e-03
2.556000000000000583e+01 2.822575274029106608e-03
2.560000000000000497e+01 2.755897279835627534e-03
2.564000000000000412e+01 2.653251316324320604e-03
2.568000000000000327e+01 2.544204836693938088e-03
2.572000000000000597e+01 2.451322491957201675e-03
2.576000000000000512e+01 2.374518118003584709e-03
2.580000000000000426e+01 2.302722927700868050e-03
2.584000000000000341e+01 2.219822216007183695e-03
2.588000000000000611e+01 2.108602832792642792e-03
2.592000000000000526e+01 1.961384243319999610e-03
2.596000000000000441e+01 1.787893564044273562e-03
2.600000000000000355e+01 1.610736904606942070e-03
2.604000000000000625e+01 1.453261636137615203e-03
2.608000000000000540e+01 1.333356469682850940e-03
2.612000000000000455e+01 1.265712288431755043e-03
2.616000000000000369e+01 1.259282262103840607e-03
2.620000000000000639e+01 1.306104497858353924e-03
2.624000000000000554e+01 1.378807346129592775e-03
2.628000000000000469e+01 1.449068455921166893e-03
2.632000000000000384e+01 1.506782953712794198e-03
2.636000000000000654e+01 1.557769637190177438e-03
2.640000000000000568e+01 1.608104052751245603e-03
2.644000000000000483e+01 1.659186658595743690e-03
2.648000000000000398e+01 1.707165463158008545e-03
2.652000000000000668e+01 1.738986034633716992e-03
2.656000000000000583e+01 1.741728258605735463e-03
2.660000000000000497e+01 1.712062210270534363e-03
2.664000000000000412e+01 1.657118149352730663e-03
2.668000000000000682e+01 1.587103853844318031e-03
2.672000000000000597e+01 1.503709213734374592e-03
2.676000000000000512e+01 1.404560723193938772e-03
2.680000000000000426e+01 1.298088331900011140e-03
2.684000000000000696e+01 1.200852996851442837e-03
2.688000000000000611e+01 1.125151675418716414e-03
2.692000000000000526e+01 1.074366546019424763e-03
2.696000000000000441e+01 1.044811019285200914e-03
2.700000000000000355e+01 1.032704975890864603e-03
2.704000000000000625e+01 1.040053313540012514e-03
2.708000000000000540e+01 1.066273431878868349e-03
2.712000000000000455e+01 1.103145929749419635e-03
2.716000000000000369e+01 1.145830862385253729e-03
2.720000000000000639e+01 1.196910848781396327e-03
2.724000000000000554e+01 1.253945859937835366e-03
2.728000000000000469e+01 1.301336450425818548e-03
2.732000000000000384e+01 1.323537813648389613e-03
2.736000000000000654e+01 1.315193482372570798e-03
2.740000000000000568e+01 1.286698360907692585e-03
2.744000000000000483e+01 1.261089294161100820e-03
2.748000000000000398e+01 1.249538093876889893e-03
2.752000000000000668e+01 1.242697292170528945e-03
2.756000000000000583e+01 1.231130704161958328e-03
2.760000000000000497e+01 1.215693461174148461e-03
2.764000000000000412e+01 1.195043087323335645e-03
2.768000000000000682e+01 1.166385711530110907e-03
2.772000000000000597e+01 1.134127442168100059e-03
2.776000000000000512e+01 1.107740611837708822e-03
2.780000000000000426e+01 1.095813461023899564e-03
2.784000000000000696e+01 1.095921931625506475e-03
2.788000000000000611e+01 1.097126305521945984e-03
2.792000000000000526e+01 1.099264791873816489e-03
2.796000000000000441e+01 1.117793748671148252e-03
