# XXZ chain with NNN perturbation
# L = 28, S_z^tot = 4, J = 1, Delta = 0.5, g = 0.35
# Time dependence of normalized energy current autocorrelation function
# tJ, C_kappa(t)


0.000000000000000000e+00 1.000000000000000000e+00
1.000000000000000000e+00 9.753647867689689832e-01
2.000000000000000000e+00 9.267455544606958417e-01
3.000000000000000000e+00 8.752422182729764355e-01
4.000000000000000000e+00 8.261950924831682475e-01
5.000000000000000000e+00 7.839053770527263376e-01
6.000000000000000000e+00 7.480544983872992049e-01
7.000000000000000000e+00 7.172437762225335467e-01
8.000000000000000000e+00 6.902677538476748031e-01
9.000000000000000000e+00 6.660809080458610643e-01
1.000000000000000000e+01 6.439551721743300705e-01
1.100000000000000000e+01 6.234073409960830814e-01
1.200000000000000000e+01 6.041078801635569873e-01
1.300000000000000000e+01 5.858496865914966101e-01
1.400000000000000000e+01 5.684907435092916295e-01
1.500000000000000000e+01 5.519006148521954369e-01
1.600000000000000000e+01 5.359899974811407342e-01
1.700000000000000000e+01 5.207015635778792229e-01
1.800000000000000000e+01 5.059910955401135668e-01
1.900000000000000000e+01 4.918232543695325587e-01
2.000000000000000000e+01 4.782144544959529009e-01
2.100000000000000000e+01 4.651768694746354349e-01
2.200000000000000000e+01 4.526703749460380122e-01
2.300000000000000000e+01 4.406459214795995227e-01
2.400000000000000000e+01 4.290626223488482882e-01
2.500000000000000000e+01 4.178885164874253655e-01
2.600000000000000000e+01 4.070856754969665592e-01
2.700000000000000000e+01 3.966187216779390456e-01
2.800000000000000000e+01 3.864525658422648391e-01
2.900000000000000000e+01 3.765455756062129344e-01
3.000000000000000000e+01 3.668741769294998623e-01
3.100000000000000000e+01 3.574315640798836902e-01
3.200000000000000000e+01 3.482202580721008300e-01
3.300000000000000000e+01 3.392444700093225074e-01
3.400000000000000000e+01 3.305029074377101583e-01
3.500000000000000000e+01 3.220060452856894351e-01
3.600000000000000000e+01 3.137519593714375721e-01
3.700000000000000000e+01 3.057316144082674603e-01
3.800000000000000000e+01 2.979390042354211898e-01
3.900000000000000000e+01 2.903676696832105386e-01
4.000000000000000000e+01 2.830266020145798533e-01
4.100000000000000000e+01 2.759105840139038368e-01
4.200000000000000000e+01 2.690242361450468911e-01
4.300000000000000000e+01 2.623679224294229728e-01
4.400000000000000000e+01 2.559289763570252729e-01
4.500000000000000000e+01 2.496894531479589285e-01
4.600000000000000000e+01 2.436409882945891892e-01
4.700000000000000000e+01 2.377652624591301000e-01
4.800000000000000000e+01 2.320449042324786715e-01
4.900000000000000000e+01 2.264667894748089993e-01
5.000000000000000000e+01 2.210284263724098530e-01
5.100000000000000000e+01 2.157367149787302874e-01
5.200000000000000000e+01 2.105851155655303342e-01
5.300000000000000000e+01 2.055709967844828179e-01
5.400000000000000000e+01 2.007039373758431611e-01
5.500000000000000000e+01 1.959889792644367579e-01
5.600000000000000000e+01 1.914261721516156978e-01
5.700000000000000000e+01 1.870074101268197619e-01
5.800000000000000000e+01 1.827149641752508769e-01
5.900000000000000000e+01 1.785314847711371722e-01
6.000000000000000000e+01 1.744535777464068238e-01
6.100000000000000000e+01 1.704727878027517407e-01
6.200000000000000000e+01 1.665894431110387375e-01
6.300000000000000000e+01 1.628194262211136722e-01
6.400000000000000000e+01 1.591592805717864934e-01
6.500000000000000000e+01 1.555926302209967860e-01
6.600000000000000000e+01 1.521013387689233998e-01
6.700000000000000000e+01 1.486908905177217466e-01
6.800000000000000000e+01 1.453629650536672202e-01
6.900000000000000000e+01 1.421041886171518775e-01
7.000000000000000000e+01 1.389182884789727790e-01
7.100000000000000000e+01 1.358217988330108206e-01
7.200000000000000000e+01 1.328258578685839186e-01
7.300000000000000000e+01 1.299213232262820261e-01
7.400000000000000000e+01 1.270910986509797003e-01
7.500000000000000000e+01 1.243296243530875728e-01
7.600000000000000000e+01 1.216400302865162236e-01
7.700000000000000000e+01 1.190171304353984799e-01
7.800000000000000000e+01 1.164488657558818002e-01
7.900000000000000000e+01 1.139078639416149091e-01
8.000000000000000000e+01 1.113976028694222270e-01
8.100000000000000000e+01 1.089282283210214752e-01
8.200000000000000000e+01 1.065121953135812205e-01
8.300000000000000000e+01 1.041606100846567962e-01
8.400000000000000000e+01 1.018674009101588340e-01
8.500000000000000000e+01 9.962780634423447357e-02
8.600000000000000000e+01 9.743491615701339870e-02
8.700000000000000000e+01 9.528809129571873260e-02
8.800000000000000000e+01 9.318965870033651955e-02
8.900000000000000000e+01 9.114786980828283591e-02
9.000000000000000000e+01 8.917130534648808060e-02
9.100000000000000000e+01 8.727454869746320565e-02
9.200000000000000000e+01 8.544729602595795004e-02
9.300000000000000000e+01 8.366391845802818861e-02
9.400000000000000000e+01 8.191650016779326859e-02
9.500000000000000000e+01 8.020536427937584312e-02
9.600000000000000000e+01 7.852440703955834711e-02
9.700000000000000000e+01 7.687880643699891714e-02
9.800000000000000000e+01 7.526810852161645859e-02
9.900000000000000000e+01 7.368903709100996235e-02
1.000000000000000000e+02 7.214382257959048306e-02
1.010000000000000000e+02 7.062827564401241709e-02
1.020000000000000000e+02 6.913895808094853990e-02
1.030000000000000000e+02 6.767048725684111921e-02
1.040000000000000000e+02 6.622361838685909829e-02
1.050000000000000000e+02 6.480601091777207778e-02
1.060000000000000000e+02 6.341635232596420924e-02
1.070000000000000000e+02 6.205389731419875404e-02
1.080000000000000000e+02 6.072500827111847188e-02
1.090000000000000000e+02 5.943515806458456174e-02
1.100000000000000000e+02 5.819193042829719914e-02
1.110000000000000000e+02 5.698411267835658961e-02
1.120000000000000000e+02 5.580268628441792389e-02
1.130000000000000000e+02 5.464440694669935733e-02
1.140000000000000000e+02 5.349748462232932489e-02
1.150000000000000000e+02 5.235853394954462225e-02
1.160000000000000000e+02 5.123173806145376458e-02
1.170000000000000000e+02 5.013254967017992392e-02
1.180000000000000000e+02 4.906874449056266435e-02
1.190000000000000000e+02 4.802994803815312241e-02
1.200000000000000000e+02 4.702699320489679008e-02
1.210000000000000000e+02 4.606016377950061108e-02
1.220000000000000000e+02 4.511433549215677907e-02
1.230000000000000000e+02 4.418071261447981124e-02
1.240000000000000000e+02 4.325117217751749815e-02
1.250000000000000000e+02 4.232291736777026026e-02
1.260000000000000000e+02 4.141322406186912636e-02
1.270000000000000000e+02 4.053890829893003200e-02
1.280000000000000000e+02 3.970111597762708555e-02
1.290000000000000000e+02 3.890306414056141082e-02
1.300000000000000000e+02 3.814079575527861560e-02
1.310000000000000000e+02 3.739741674643264069e-02
1.320000000000000000e+02 3.665989270365803410e-02
1.330000000000000000e+02 3.593725794198548290e-02
1.340000000000000000e+02 3.524630386496809681e-02
1.350000000000000000e+02 3.459624838661307100e-02
1.360000000000000000e+02 3.397547498290215406e-02
1.370000000000000000e+02 3.335800167383733833e-02
1.380000000000000000e+02 3.272982830628506229e-02
1.390000000000000000e+02 3.210071931754376884e-02
1.400000000000000000e+02 3.148209536496422017e-02
1.410000000000000000e+02 3.087357437883209849e-02
1.420000000000000000e+02 3.028305218534075097e-02
1.430000000000000000e+02 2.971687843259033721e-02
1.440000000000000000e+02 2.917845265765101406e-02
1.450000000000000000e+02 2.866857937853558441e-02
1.460000000000000000e+02 2.818671620654673166e-02
1.470000000000000000e+02 2.772587748417114015e-02
1.480000000000000000e+02 2.726805553334374008e-02
1.490000000000000000e+02 2.681209585296860654e-02
1.500000000000000000e+02 2.636325346451562704e-02
1.510000000000000000e+02 2.592172525800620284e-02
1.520000000000000000e+02 2.549379169369359044e-02
1.530000000000000000e+02 2.508052928774204965e-02
1.540000000000000000e+02 2.466615857583784668e-02
1.550000000000000000e+02 2.422827460351887480e-02
1.560000000000000000e+02 2.376108718602418929e-02
1.570000000000000000e+02 2.327709158141691784e-02
1.580000000000000000e+02 2.279817574508618064e-02
1.590000000000000000e+02 2.234876890058050403e-02
1.600000000000000000e+02 2.193858892417768422e-02
1.610000000000000000e+02 2.154656350528497133e-02
1.620000000000000000e+02 2.117304490589992302e-02
1.630000000000000000e+02 2.081175743838933542e-02
1.640000000000000000e+02 2.045116259536030115e-02
1.650000000000000000e+02 2.007713083258256745e-02
1.660000000000000000e+02 1.968466332496784238e-02
1.670000000000000000e+02 1.928623835401439487e-02
1.680000000000000000e+02 1.889171912413046064e-02
1.690000000000000000e+02 1.851125496022259717e-02
1.700000000000000000e+02 1.814319194289019596e-02
1.710000000000000000e+02 1.778014905965291312e-02
1.720000000000000000e+02 1.742410755082755142e-02
1.730000000000000000e+02 1.708491206217812794e-02
1.740000000000000000e+02 1.676173011843725899e-02
1.750000000000000000e+02 1.644444987423835519e-02
1.760000000000000000e+02 1.611717612860521717e-02
1.770000000000000000e+02 1.577795790724510067e-02
1.780000000000000000e+02 1.542867821546032268e-02
1.790000000000000000e+02 1.507304112059655067e-02
1.800000000000000000e+02 1.471765153268652510e-02
1.810000000000000000e+02 1.437037414876556757e-02
1.820000000000000000e+02 1.403617790914393065e-02
1.830000000000000000e+02 1.370103971148906377e-02
1.840000000000000000e+02 1.336389415373278114e-02
1.850000000000000000e+02 1.302486889333548392e-02
1.860000000000000000e+02 1.268810607680695944e-02
1.870000000000000000e+02 1.236723988881137902e-02
1.880000000000000000e+02 1.207122372872151614e-02
1.890000000000000000e+02 1.180624591094891172e-02
1.900000000000000000e+02 1.155935139013274798e-02
1.910000000000000000e+02 1.131525295416065113e-02
1.920000000000000000e+02 1.108655874334901932e-02
1.930000000000000000e+02 1.087764597868633339e-02
1.940000000000000000e+02 1.069334890241213296e-02
1.950000000000000000e+02 1.053359867115276696e-02
1.960000000000000000e+02 1.038028454296835087e-02
1.970000000000000000e+02 1.022911225055210364e-02
1.980000000000000000e+02 1.007926374299233929e-02
1.990000000000000000e+02 9.927804771349482693e-03
2.000000000000000000e+02 9.784155714822452207e-03
2.010000000000000000e+02 9.635092690567781393e-03
2.020000000000000000e+02 9.482545925778617171e-03
2.030000000000000000e+02 9.326084038697283335e-03
2.040000000000000000e+02 9.181027941872465029e-03
2.050000000000000000e+02 9.052665851328760629e-03
2.060000000000000000e+02 8.928632258370159183e-03
2.070000000000000000e+02 8.810927633297634468e-03
2.080000000000000000e+02 8.695069535179055301e-03
2.090000000000000000e+02 8.583083108865978764e-03
2.100000000000000000e+02 8.474370718114149909e-03
2.110000000000000000e+02 8.364157948256199793e-03
2.120000000000000000e+02 8.245820159928541823e-03
2.130000000000000000e+02 8.121776569340159041e-03
2.140000000000000000e+02 7.996428443843290115e-03
2.150000000000000000e+02 7.883174576347984699e-03
2.160000000000000000e+02 7.791904217616856497e-03
2.170000000000000000e+02 7.704097928179035396e-03
2.180000000000000000e+02 7.618384152107515565e-03
2.190000000000000000e+02 7.549191866147098723e-03
2.200000000000000000e+02 7.488880344825583728e-03
2.210000000000000000e+02 7.432920859289232629e-03
2.220000000000000000e+02 7.381850448674068949e-03
2.230000000000000000e+02 7.315877877539291377e-03
2.240000000000000000e+02 7.227440453402687696e-03
2.250000000000000000e+02 7.133066151537606654e-03
2.260000000000000000e+02 7.037831004747417338e-03
2.270000000000000000e+02 6.951087244938516409e-03
2.280000000000000000e+02 6.878934773140703979e-03
2.290000000000000000e+02 6.806838081808925904e-03
2.300000000000000000e+02 6.726721098308952734e-03
2.310000000000000000e+02 6.649398369173722782e-03
2.320000000000000000e+02 6.598145003786935747e-03
2.330000000000000000e+02 6.560074420522739834e-03
2.340000000000000000e+02 6.511804097711814711e-03
2.350000000000000000e+02 6.459430887192247998e-03
2.360000000000000000e+02 6.390970459338612443e-03
2.370000000000000000e+02 6.309702165944577022e-03
2.380000000000000000e+02 6.232289487772818028e-03
2.390000000000000000e+02 6.181098680071056214e-03
2.400000000000000000e+02 6.150467871059596588e-03
2.410000000000000000e+02 6.119468172802536472e-03
2.420000000000000000e+02 6.087990442380877311e-03
2.430000000000000000e+02 6.059923981737196791e-03
2.440000000000000000e+02 6.039495116919008956e-03
2.450000000000000000e+02 6.024153098807452644e-03
2.460000000000000000e+02 6.006971351816227031e-03
2.470000000000000000e+02 5.979065646603717171e-03
2.480000000000000000e+02 5.938153762332803488e-03
2.490000000000000000e+02 5.889891861812963404e-03
2.500000000000000000e+02 5.839401502201022227e-03
2.510000000000000000e+02 5.780763581006281675e-03
2.520000000000000000e+02 5.728245423369467820e-03
2.530000000000000000e+02 5.681177653208892286e-03
2.540000000000000000e+02 5.627679698168212494e-03
2.550000000000000000e+02 5.580900156256157069e-03
2.560000000000000000e+02 5.552388955678498259e-03
2.570000000000000000e+02 5.533023446953505217e-03
2.580000000000000000e+02 5.519264176097327980e-03
2.590000000000000000e+02 5.507908850709589306e-03
2.600000000000000000e+02 5.491816320196891629e-03
2.610000000000000000e+02 5.470025133710938042e-03
2.620000000000000000e+02 5.441304429384781309e-03
2.630000000000000000e+02 5.392123275572958951e-03
2.640000000000000000e+02 5.334508741968258493e-03
2.650000000000000000e+02 5.284199128073858651e-03
2.660000000000000000e+02 5.232801295818317357e-03
2.670000000000000000e+02 5.183587666738859352e-03
2.680000000000000000e+02 5.140647260912080060e-03
2.690000000000000000e+02 5.095171342569431924e-03
2.700000000000000000e+02 5.045239953934435757e-03
2.710000000000000000e+02 4.993445530218766464e-03
2.720000000000000000e+02 4.946009287876061873e-03
2.730000000000000000e+02 4.895303354119450931e-03
2.740000000000000000e+02 4.844756745462469073e-03
2.750000000000000000e+02 4.789635306041379291e-03
2.760000000000000000e+02 4.729836769028417619e-03
2.770000000000000000e+02 4.663805405943839341e-03
2.780000000000000000e+02 4.585854757559774779e-03
2.790000000000000000e+02 4.502788514530980078e-03
2.800000000000000000e+02 4.427178062374292726e-03
2.810000000000000000e+02 4.359324325356429657e-03
2.820000000000000000e+02 4.282998404005962899e-03
2.830000000000000000e+02 4.210613406989980982e-03
2.840000000000000000e+02 4.149238105811121555e-03
2.850000000000000000e+02 4.088025664887686046e-03
2.860000000000000000e+02 4.021579334135240262e-03
2.870000000000000000e+02 3.950020940230162224e-03
2.880000000000000000e+02 3.867396751720830923e-03
2.890000000000000000e+02 3.766641829792294598e-03
2.900000000000000000e+02 3.663657980146877574e-03
2.910000000000000000e+02 3.575242519535274787e-03
2.920000000000000000e+02 3.503400300195342373e-03
2.930000000000000000e+02 3.440492828602693693e-03
2.940000000000000000e+02 3.373615524888174105e-03
2.950000000000000000e+02 3.300196709024197459e-03
2.960000000000000000e+02 3.228139993300044308e-03
2.970000000000000000e+02 3.155053306515818914e-03
2.980000000000000000e+02 3.086232047224152925e-03
2.990000000000000000e+02 3.038889747638004370e-03
3.000000000000000000e+02 2.995643306954029559e-03
3.010000000000000000e+02 2.952454937840889339e-03
3.020000000000000000e+02 2.916981030796809461e-03
3.030000000000000000e+02 2.884047854926986235e-03
3.040000000000000000e+02 2.845148386186372846e-03
3.050000000000000000e+02 2.812494390563103578e-03
3.060000000000000000e+02 2.785087724191956295e-03
3.070000000000000000e+02 2.766484914765512948e-03
3.080000000000000000e+02 2.756903210982585787e-03
3.090000000000000000e+02 2.738845578205217814e-03
3.100000000000000000e+02 2.692854602247026288e-03
3.110000000000000000e+02 2.622818523842021261e-03
3.120000000000000000e+02 2.537205000536202435e-03
3.130000000000000000e+02 2.441304851866784188e-03
3.140000000000000000e+02 2.347252253703619070e-03
3.150000000000000000e+02 2.265881276988616043e-03
3.160000000000000000e+02 2.211637362800208517e-03
3.170000000000000000e+02 2.189741479270677221e-03
3.180000000000000000e+02 2.179585767668365884e-03
3.190000000000000000e+02 2.176619461200601444e-03
3.200000000000000000e+02 2.180869576100087550e-03
3.210000000000000000e+02 2.190083845214613363e-03
3.220000000000000000e+02 2.220583060518391012e-03
3.230000000000000000e+02 2.274423286408518239e-03
3.240000000000000000e+02 2.340446285659411856e-03
3.250000000000000000e+02 2.402869485639857940e-03
3.260000000000000000e+02 2.453112690127547905e-03
3.270000000000000000e+02 2.494513199713365922e-03
3.280000000000000000e+02 2.515001757311035712e-03
3.290000000000000000e+02 2.505279975046367878e-03
3.300000000000000000e+02 2.467408183983055281e-03
3.310000000000000000e+02 2.411804364125051323e-03
3.320000000000000000e+02 2.349001646578985966e-03
3.330000000000000000e+02 2.306795035973356611e-03
3.340000000000000000e+02 2.292375687013774137e-03
3.350000000000000000e+02 2.295076565943038154e-03
3.360000000000000000e+02 2.309074903222271217e-03
3.370000000000000000e+02 2.319998935688028993e-03
3.380000000000000000e+02 2.320672621728152221e-03
3.390000000000000000e+02 2.314903546527413702e-03
3.400000000000000000e+02 2.302558823425578279e-03
3.410000000000000000e+02 2.283660686350917363e-03
3.420000000000000000e+02 2.265659775088737712e-03
3.430000000000000000e+02 2.253279417659235281e-03
3.440000000000000000e+02 2.250617568249455198e-03
3.450000000000000000e+02 2.266246929353642192e-03
3.460000000000000000e+02 2.280146984946262827e-03
3.470000000000000000e+02 2.272730915173637976e-03
3.480000000000000000e+02 2.243450904685701484e-03
3.490000000000000000e+02 2.188682488337805477e-03
3.500000000000000000e+02 2.121169046409471324e-03
3.510000000000000000e+02 2.043723841532147679e-03
3.520000000000000000e+02 1.970993113093098131e-03
3.530000000000000000e+02 1.906438605132447506e-03
3.540000000000000000e+02 1.843415053564056343e-03
3.550000000000000000e+02 1.778418715411333182e-03
3.560000000000000000e+02 1.727120549584417863e-03
3.570000000000000000e+02 1.711688797305097867e-03
3.580000000000000000e+02 1.718429577249530778e-03
3.590000000000000000e+02 1.732351878652643729e-03
3.600000000000000000e+02 1.747228873043483186e-03
3.610000000000000000e+02 1.754813787655421604e-03
3.620000000000000000e+02 1.760031985979209528e-03
3.630000000000000000e+02 1.749519566893762128e-03
3.640000000000000000e+02 1.719924342315784505e-03
3.650000000000000000e+02 1.684614248480125875e-03
3.660000000000000000e+02 1.657732152135426738e-03
3.670000000000000000e+02 1.648329374690931520e-03
3.680000000000000000e+02 1.655577983515944774e-03
3.690000000000000000e+02 1.661218681511476922e-03
3.700000000000000000e+02 1.666239599826508473e-03
3.710000000000000000e+02 1.663073507907466241e-03
3.720000000000000000e+02 1.650259681314856369e-03
3.730000000000000000e+02 1.638792508567129191e-03
3.740000000000000000e+02 1.638836141187496008e-03
3.750000000000000000e+02 1.632687341147354360e-03
3.760000000000000000e+02 1.614388910321327671e-03
3.770000000000000000e+02 1.593340566796484043e-03
3.780000000000000000e+02 1.569652688235627066e-03
3.790000000000000000e+02 1.541722488449416475e-03
3.800000000000000000e+02 1.516197098644276068e-03
3.810000000000000000e+02 1.496994171160694097e-03
3.820000000000000000e+02 1.482436374473375439e-03
3.830000000000000000e+02 1.476885905166619222e-03
3.840000000000000000e+02 1.481775665207997255e-03
3.850000000000000000e+02 1.499475875323440363e-03
3.860000000000000000e+02 1.520339873557605484e-03
3.870000000000000000e+02 1.529634677016999955e-03
3.880000000000000000e+02 1.539302581120113606e-03
3.890000000000000000e+02 1.546593537314136730e-03
3.900000000000000000e+02 1.547202166558517104e-03
3.910000000000000000e+02 1.555509283177816757e-03
3.920000000000000000e+02 1.578108534093672658e-03
3.930000000000000000e+02 1.603813503689488929e-03
3.940000000000000000e+02 1.624103641324344764e-03
3.950000000000000000e+02 1.631671857099465956e-03
3.960000000000000000e+02 1.624064131074396278e-03
3.970000000000000000e+02 1.601757383595938744e-03
3.980000000000000000e+02 1.561750410132376182e-03
3.990000000000000000e+02 1.500545281363235275e-03
4.000000000000000000e+02 1.418993796291620870e-03
4.010000000000000000e+02 1.320774277272341191e-03
4.020000000000000000e+02 1.204279910763695737e-03
4.030000000000000000e+02 1.084730434580419506e-03
4.040000000000000000e+02 9.834692328867049825e-04
4.050000000000000000e+02 9.082497475960979536e-04
4.060000000000000000e+02 8.512108098326342511e-04
4.070000000000000000e+02 8.035271285146574185e-04
4.080000000000000000e+02 7.635745787104811656e-04
4.090000000000000000e+02 7.295589555663410577e-04
4.100000000000000000e+02 6.941860809285700087e-04
4.110000000000000000e+02 6.569277044983211919e-04
4.120000000000000000e+02 6.183106377676056073e-04
4.130000000000000000e+02 5.698490695676684510e-04
4.140000000000000000e+02 5.053277867798968434e-04
4.150000000000000000e+02 4.255921121743317542e-04
4.160000000000000000e+02 3.266422916996942734e-04
4.170000000000000000e+02 2.174971062690322920e-04
4.180000000000000000e+02 1.031618260040134487e-04
4.190000000000000000e+02 -2.602448267638875580e-06
4.200000000000000000e+02 -8.944063891551840310e-05
4.210000000000000000e+02 -1.756418852991145695e-04
4.220000000000000000e+02 -2.577730807184274255e-04
4.230000000000000000e+02 -3.172828038101408463e-04
4.240000000000000000e+02 -3.711823052840567804e-04
4.250000000000000000e+02 -4.255900826220550270e-04
4.260000000000000000e+02 -4.767824005907192637e-04
4.270000000000000000e+02 -5.235675151369859753e-04
4.280000000000000000e+02 -5.696205597583859758e-04
4.290000000000000000e+02 -6.195194491204129676e-04
4.300000000000000000e+02 -6.720012984959245709e-04
4.310000000000000000e+02 -7.358723886302388209e-04
4.320000000000000000e+02 -7.963653156192888926e-04
4.330000000000000000e+02 -8.354058230433277204e-04
4.340000000000000000e+02 -8.605440627588171109e-04
4.350000000000000000e+02 -8.846439044431335125e-04
4.360000000000000000e+02 -9.118962295546794491e-04
4.370000000000000000e+02 -9.358068139619615984e-04
4.380000000000000000e+02 -9.519218597092303415e-04
4.390000000000000000e+02 -9.602972646012164102e-04
4.400000000000000000e+02 -9.627739325440908772e-04
4.410000000000000000e+02 -9.690777931087248996e-04
4.420000000000000000e+02 -9.881363248094474864e-04
4.430000000000000000e+02 -1.007037847100537842e-03
4.440000000000000000e+02 -1.023327799372511200e-03
4.450000000000000000e+02 -1.040091719104556649e-03
4.460000000000000000e+02 -1.052607611456087911e-03
4.470000000000000000e+02 -1.050909919254612362e-03
4.480000000000000000e+02 -1.043644988701608687e-03
4.490000000000000000e+02 -1.037756361583318330e-03
4.500000000000000000e+02 -1.042011037541508553e-03
4.510000000000000000e+02 -1.068343007705680088e-03
4.520000000000000000e+02 -1.119812287208771066e-03
4.530000000000000000e+02 -1.183409229647917936e-03
4.540000000000000000e+02 -1.237752508512039284e-03
4.550000000000000000e+02 -1.274057558977152857e-03
4.560000000000000000e+02 -1.285460454041832765e-03
4.570000000000000000e+02 -1.279976740388849132e-03
4.580000000000000000e+02 -1.256185738050792297e-03
4.590000000000000000e+02 -1.215174214687609992e-03
4.600000000000000000e+02 -1.185178000647819311e-03
4.610000000000000000e+02 -1.164201745341129652e-03
4.620000000000000000e+02 -1.144236002469868792e-03
4.630000000000000000e+02 -1.129069624308146752e-03
4.640000000000000000e+02 -1.113779795329880584e-03
4.650000000000000000e+02 -1.097605502911751284e-03
4.660000000000000000e+02 -1.085737909976912862e-03
4.670000000000000000e+02 -1.072089146577782275e-03
4.680000000000000000e+02 -1.054837505857838999e-03
4.690000000000000000e+02 -1.035614081092634583e-03
4.700000000000000000e+02 -1.024278597112564032e-03
4.710000000000000000e+02 -1.036212315883691063e-03
4.720000000000000000e+02 -1.062750347687748276e-03
4.730000000000000000e+02 -1.100893824680382934e-03
4.740000000000000000e+02 -1.153458878399001106e-03
4.750000000000000000e+02 -1.208307206247750260e-03
4.760000000000000000e+02 -1.246779604423785921e-03
4.770000000000000000e+02 -1.264556526262625071e-03
4.780000000000000000e+02 -1.264934875026575397e-03
4.790000000000000000e+02 -1.252688753424374603e-03
4.800000000000000000e+02 -1.225705581729320424e-03
4.810000000000000000e+02 -1.190861669898936976e-03
4.820000000000000000e+02 -1.163913924734730990e-03
4.830000000000000000e+02 -1.147538947164510915e-03
4.840000000000000000e+02 -1.137977329766517347e-03
4.850000000000000000e+02 -1.119226445447494504e-03
4.860000000000000000e+02 -1.080117973703132459e-03
4.870000000000000000e+02 -1.022233924649593867e-03
4.880000000000000000e+02 -9.660454807537165785e-04
4.890000000000000000e+02 -9.274083053968062680e-04
4.900000000000000000e+02 -9.009303356271158164e-04
4.910000000000000000e+02 -8.893341673913157403e-04
4.920000000000000000e+02 -8.817787782216742224e-04
4.930000000000000000e+02 -8.781595205748140426e-04
4.940000000000000000e+02 -8.851291630895402607e-04
4.950000000000000000e+02 -8.981028702099192211e-04
4.960000000000000000e+02 -9.227988452722426724e-04
4.970000000000000000e+02 -9.480022029224850029e-04
4.980000000000000000e+02 -9.772030814258671899e-04
4.990000000000000000e+02 -1.022674704491127870e-03
5.000000000000000000e+02 -1.077695730522523375e-03
5.010000000000000000e+02 -1.128946007100842730e-03
5.020000000000000000e+02 -1.162542515971877769e-03
5.030000000000000000e+02 -1.183227263847831624e-03
5.040000000000000000e+02 -1.188949947832698955e-03
5.050000000000000000e+02 -1.182333961140547831e-03
5.060000000000000000e+02 -1.164152778595887961e-03
5.070000000000000000e+02 -1.144574843851105944e-03
5.080000000000000000e+02 -1.141858399379965666e-03
5.090000000000000000e+02 -1.143579178297086983e-03
5.100000000000000000e+02 -1.137357058366615225e-03
5.110000000000000000e+02 -1.116288677418403709e-03
5.120000000000000000e+02 -1.086029807890583065e-03
5.130000000000000000e+02 -1.040977741127794339e-03
5.140000000000000000e+02 -9.812620558885508382e-04
5.150000000000000000e+02 -9.327920567262644154e-04
5.160000000000000000e+02 -9.013696691521520463e-04
5.170000000000000000e+02 -8.832153150245827204e-04
5.180000000000000000e+02 -8.829773606113453226e-04
5.190000000000000000e+02 -8.937583606887628505e-04
5.200000000000000000e+02 -9.057041311129862592e-04
5.210000000000000000e+02 -9.137022422953598429e-04
5.220000000000000000e+02 -9.084806125154085404e-04
5.230000000000000000e+02 -9.000343786723011665e-04
5.240000000000000000e+02 -8.954386552081719259e-04
5.250000000000000000e+02 -8.895297963877988202e-04
5.260000000000000000e+02 -8.760282008473637468e-04
5.270000000000000000e+02 -8.532849321337981517e-04
5.280000000000000000e+02 -8.277504043249751201e-04
5.290000000000000000e+02 -8.146966538576791081e-04
5.300000000000000000e+02 -8.139673246047406238e-04
5.310000000000000000e+02 -8.208056258687074181e-04
5.320000000000000000e+02 -8.324246408717531380e-04
5.330000000000000000e+02 -8.403258424386578435e-04
5.340000000000000000e+02 -8.308536264931695118e-04
5.350000000000000000e+02 -7.964010323798227479e-04
5.360000000000000000e+02 -7.448336938169641428e-04
5.370000000000000000e+02 -6.989562355944413429e-04
5.380000000000000000e+02 -6.597577297570875144e-04
5.390000000000000000e+02 -6.185962041544416272e-04
5.400000000000000000e+02 -5.710603455293299449e-04
5.410000000000000000e+02 -5.178333763774652055e-04
5.420000000000000000e+02 -4.747193264151514927e-04
5.430000000000000000e+02 -4.485225532653614486e-04
5.440000000000000000e+02 -4.371043534089176443e-04
5.450000000000000000e+02 -4.402239812015769143e-04
5.460000000000000000e+02 -4.494874036339536680e-04
5.470000000000000000e+02 -4.587384906741365058e-04
5.480000000000000000e+02 -4.665152653409451538e-04
5.490000000000000000e+02 -4.785067588480147694e-04
5.500000000000000000e+02 -5.006327764411586416e-04
5.510000000000000000e+02 -5.184906850971593732e-04
5.520000000000000000e+02 -5.274589066609930996e-04
5.530000000000000000e+02 -5.248639317761830993e-04
5.540000000000000000e+02 -5.318720014628498804e-04
5.550000000000000000e+02 -5.725696359436656608e-04
5.560000000000000000e+02 -6.271993406522605738e-04
5.570000000000000000e+02 -6.770843287766142209e-04
5.580000000000000000e+02 -7.057197071070367119e-04
5.590000000000000000e+02 -7.101722624621662752e-04
5.600000000000000000e+02 -7.017098364313841289e-04
5.610000000000000000e+02 -6.923515023511215422e-04
5.620000000000000000e+02 -6.889133709631652244e-04
5.630000000000000000e+02 -6.748461591399707287e-04
5.640000000000000000e+02 -6.467892440871146056e-04
5.650000000000000000e+02 -6.125834537047449837e-04
5.660000000000000000e+02 -5.677914845179745686e-04
5.670000000000000000e+02 -5.168020491776089418e-04
5.680000000000000000e+02 -4.676891330284278737e-04
5.690000000000000000e+02 -4.262591777082588742e-04
5.700000000000000000e+02 -3.913014822288722171e-04
5.710000000000000000e+02 -3.541935817096006703e-04
5.720000000000000000e+02 -3.141600426654571733e-04
5.730000000000000000e+02 -2.742300928087583814e-04
5.740000000000000000e+02 -2.337591680804839615e-04
5.750000000000000000e+02 -1.899801685640514098e-04
5.760000000000000000e+02 -1.438777494054136385e-04
5.770000000000000000e+02 -1.055688240004638118e-04
5.780000000000000000e+02 -8.734859802806140233e-05
5.790000000000000000e+02 -8.667819082884503461e-05
5.800000000000000000e+02 -8.773473267301555730e-05
5.810000000000000000e+02 -9.139924612966392875e-05
5.820000000000000000e+02 -9.629933502463641792e-05
5.830000000000000000e+02 -9.210547536326749369e-05
5.840000000000000000e+02 -7.043642593270298146e-05
5.850000000000000000e+02 -3.405272783018454099e-05
5.860000000000000000e+02 1.485599941033461689e-05
5.870000000000000000e+02 5.982438475411980153e-05
5.880000000000000000e+02 9.885203122699674544e-05
5.890000000000000000e+02 1.331512953793567429e-04
5.900000000000000000e+02 1.708845245529623177e-04
5.910000000000000000e+02 2.130576947404006557e-04
5.920000000000000000e+02 2.552283342385878464e-04
5.930000000000000000e+02 2.876553030800633754e-04
5.940000000000000000e+02 3.071443700246118884e-04
5.950000000000000000e+02 3.103071891612127985e-04
5.960000000000000000e+02 3.081703356729977245e-04
5.970000000000000000e+02 3.215231971580962095e-04
5.980000000000000000e+02 3.475345904656536766e-04
5.990000000000000000e+02 3.704144594926317229e-04
6.000000000000000000e+02 3.916839032011575116e-04
6.010000000000000000e+02 4.041401081556069644e-04
6.020000000000000000e+02 3.974555753101506562e-04
6.030000000000000000e+02 3.780621245926189095e-04
6.040000000000000000e+02 3.511580745326046038e-04
6.050000000000000000e+02 3.221340226051049244e-04
6.060000000000000000e+02 2.935219747013608936e-04
6.070000000000000000e+02 2.718973359103244608e-04
6.080000000000000000e+02 2.570479493953735091e-04
6.090000000000000000e+02 2.368946955486826136e-04
6.100000000000000000e+02 2.140589093452753382e-04
6.110000000000000000e+02 1.891530151181371666e-04
6.120000000000000000e+02 1.609071189671926335e-04
6.130000000000000000e+02 1.361736007480038183e-04
6.140000000000000000e+02 1.261909989664157018e-04
6.150000000000000000e+02 1.325763670480254093e-04
6.160000000000000000e+02 1.509675713419639806e-04
6.170000000000000000e+02 1.778587053302341638e-04
6.180000000000000000e+02 2.132070262338142544e-04
6.190000000000000000e+02 2.442271785988625512e-04
6.200000000000000000e+02 2.796596615070539140e-04
6.210000000000000000e+02 3.278782365650359325e-04
6.220000000000000000e+02 3.757490777322033070e-04
6.230000000000000000e+02 4.265734167865769004e-04
6.240000000000000000e+02 4.835753448150081207e-04
6.250000000000000000e+02 5.436922386816531345e-04
6.260000000000000000e+02 5.967323556190980713e-04
6.270000000000000000e+02 6.340950476910485857e-04
6.280000000000000000e+02 6.541030862564705620e-04
6.290000000000000000e+02 6.584799170487450016e-04
6.300000000000000000e+02 6.506287440625703380e-04
6.310000000000000000e+02 6.350671232676567256e-04
6.320000000000000000e+02 6.137455313643402910e-04
6.330000000000000000e+02 5.962839397589934660e-04
6.340000000000000000e+02 5.822833890895647750e-04
6.350000000000000000e+02 5.597021481753935339e-04
6.360000000000000000e+02 5.233739130810829022e-04
6.370000000000000000e+02 4.747288759537243220e-04
6.380000000000000000e+02 4.222504250357997867e-04
6.390000000000000000e+02 3.850636611208144481e-04
6.400000000000000000e+02 3.541354663731519537e-04
6.410000000000000000e+02 3.249489918615089748e-04
6.420000000000000000e+02 3.042995966833611488e-04
6.430000000000000000e+02 2.805751646154551406e-04
6.440000000000000000e+02 2.537418331530046848e-04
6.450000000000000000e+02 2.197680636645240248e-04
6.460000000000000000e+02 1.812788929210055490e-04
6.470000000000000000e+02 1.528811544080817275e-04
6.480000000000000000e+02 1.298878429125873292e-04
6.490000000000000000e+02 1.046820660513158636e-04
6.500000000000000000e+02 7.751434968169484496e-05
6.510000000000000000e+02 4.424406182803136781e-05
6.520000000000000000e+02 1.839625724921148018e-05
6.530000000000000000e+02 8.012162658577000524e-06
6.540000000000000000e+02 9.136607579428551210e-07
6.550000000000000000e+02 -2.892498605254901187e-06
6.560000000000000000e+02 -6.011989819481518129e-07
6.570000000000000000e+02 4.463794551832025821e-06
6.580000000000000000e+02 2.015836726911945340e-05
6.590000000000000000e+02 4.512724812932205135e-05
6.600000000000000000e+02 6.641725542831822423e-05
6.610000000000000000e+02 7.995519512102929483e-05
6.620000000000000000e+02 9.400984680615290939e-05
6.630000000000000000e+02 1.182264537013188403e-04
6.640000000000000000e+02 1.507523680388670785e-04
6.650000000000000000e+02 1.864514188014504360e-04
6.660000000000000000e+02 2.150690118675348110e-04
6.670000000000000000e+02 2.309291107811743248e-04
6.680000000000000000e+02 2.479385770732088902e-04
6.690000000000000000e+02 2.699148435374820569e-04
6.700000000000000000e+02 2.914643025737965977e-04
6.710000000000000000e+02 3.001755126753559086e-04
6.720000000000000000e+02 2.814093202696632632e-04
6.730000000000000000e+02 2.503565846121692481e-04
6.740000000000000000e+02 2.234799409715606589e-04
6.750000000000000000e+02 2.168212574617557349e-04
6.760000000000000000e+02 2.313755377357580481e-04
6.770000000000000000e+02 2.561975548265585574e-04
6.780000000000000000e+02 2.864747549039265827e-04
6.790000000000000000e+02 3.217302572062552069e-04
6.800000000000000000e+02 3.655461127715774628e-04
6.810000000000000000e+02 4.046416927399554232e-04
6.820000000000000000e+02 4.320497093484124162e-04
6.830000000000000000e+02 4.610838697015880801e-04
6.840000000000000000e+02 5.024080730712717760e-04
6.850000000000000000e+02 5.379312297073738465e-04
6.860000000000000000e+02 5.537154566025041585e-04
6.870000000000000000e+02 5.504298543616012798e-04
6.880000000000000000e+02 5.342458397191927584e-04
6.890000000000000000e+02 5.104155517953838650e-04
6.900000000000000000e+02 4.909390644841140358e-04
6.910000000000000000e+02 4.880551031146562876e-04
6.920000000000000000e+02 4.725052508972471684e-04
6.930000000000000000e+02 4.316942667586971534e-04
6.940000000000000000e+02 3.692889649914543170e-04
6.950000000000000000e+02 3.047360213824637292e-04
6.960000000000000000e+02 2.397083430200069463e-04
6.970000000000000000e+02 1.631068313978220542e-04
6.980000000000000000e+02 9.543586155706093371e-05
6.990000000000000000e+02 4.398819276293695977e-05
7.000000000000000000e+02 6.745256722187877789e-06
7.010000000000000000e+02 -1.272184789105215275e-05
7.020000000000000000e+02 -1.608609337691230333e-05
7.030000000000000000e+02 -1.615252646437662410e-05
7.040000000000000000e+02 -1.817906411150648852e-05
7.050000000000000000e+02 -1.500854232634553012e-05
7.060000000000000000e+02 -6.706708912616143436e-06
7.070000000000000000e+02 -8.482570925013521387e-06
7.080000000000000000e+02 -6.477623542776385835e-06
7.090000000000000000e+02 -7.177674393371290623e-06
7.100000000000000000e+02 -2.832589856122037542e-05
7.110000000000000000e+02 -5.976761566984329851e-05
7.120000000000000000e+02 -8.500634922322322109e-05
7.130000000000000000e+02 -1.049633537477127540e-04
7.140000000000000000e+02 -1.352645953580109762e-04
7.150000000000000000e+02 -1.579075010430826384e-04
7.160000000000000000e+02 -1.756618545023970338e-04
7.170000000000000000e+02 -1.928668157138397428e-04
7.180000000000000000e+02 -1.978218098569602904e-04
7.190000000000000000e+02 -1.922980193887133260e-04
7.200000000000000000e+02 -1.849523109746567518e-04
7.210000000000000000e+02 -1.758018476567062803e-04
7.220000000000000000e+02 -1.595835008540623596e-04
7.230000000000000000e+02 -1.514160755091941682e-04
7.240000000000000000e+02 -1.648835774043151702e-04
7.250000000000000000e+02 -1.978295989418249619e-04
7.260000000000000000e+02 -2.348320053995611462e-04
7.270000000000000000e+02 -2.725357047896173656e-04
7.280000000000000000e+02 -3.060396036254476692e-04
7.290000000000000000e+02 -3.299826156407784680e-04
7.300000000000000000e+02 -3.551065949266276538e-04
7.310000000000000000e+02 -3.759975499078047154e-04
7.320000000000000000e+02 -3.904079544911736579e-04
7.330000000000000000e+02 -3.982852232983406056e-04
7.340000000000000000e+02 -3.916485386712774256e-04
7.350000000000000000e+02 -3.726988937157432583e-04
7.360000000000000000e+02 -3.609873637134814297e-04
7.370000000000000000e+02 -3.602773958121155526e-04
7.380000000000000000e+02 -3.717045791628553059e-04
7.390000000000000000e+02 -4.044351611090410111e-04
7.400000000000000000e+02 -4.411807117337180782e-04
7.410000000000000000e+02 -4.704172711431779978e-04
7.420000000000000000e+02 -4.918691236125801629e-04
7.430000000000000000e+02 -4.997143499514323682e-04
7.440000000000000000e+02 -5.075778213323370444e-04
7.450000000000000000e+02 -5.070778720155143596e-04
7.460000000000000000e+02 -4.947344529485733257e-04
7.470000000000000000e+02 -4.786881963434430859e-04
7.480000000000000000e+02 -4.713263463868021014e-04
7.490000000000000000e+02 -4.928743616819081892e-04
7.500000000000000000e+02 -5.463358667496808234e-04
7.510000000000000000e+02 -6.061911707070946837e-04
7.520000000000000000e+02 -6.396781880769108943e-04
7.530000000000000000e+02 -6.544481929265353898e-04
7.540000000000000000e+02 -6.493960653200080840e-04
7.550000000000000000e+02 -6.270314278279787807e-04
7.560000000000000000e+02 -5.925976352408822943e-04
7.570000000000000000e+02 -5.462785606390424369e-04
7.580000000000000000e+02 -5.102083447349280544e-04
7.590000000000000000e+02 -4.953078766879511364e-04
7.600000000000000000e+02 -4.864465650787284630e-04
7.610000000000000000e+02 -4.645226980041368935e-04
7.620000000000000000e+02 -4.278278579891047666e-04
7.630000000000000000e+02 -3.832595406554580638e-04
7.640000000000000000e+02 -3.356886197773387734e-04
7.650000000000000000e+02 -2.897187035158951774e-04
7.660000000000000000e+02 -2.355210087669030940e-04
7.670000000000000000e+02 -1.678279071182939774e-04
7.680000000000000000e+02 -1.057644404935018350e-04
7.690000000000000000e+02 -5.140965223081630749e-05
7.700000000000000000e+02 -2.199083201920079573e-06
7.710000000000000000e+02 4.034133457980340956e-05
7.720000000000000000e+02 6.787986596360939177e-05
7.730000000000000000e+02 7.515195878837917492e-05
7.740000000000000000e+02 7.187013438245861276e-05
7.750000000000000000e+02 6.455661157208104624e-05
7.760000000000000000e+02 5.763856849788385204e-05
7.770000000000000000e+02 5.523032397438664294e-05
7.780000000000000000e+02 5.591937219142284807e-05
7.790000000000000000e+02 4.721235640299052932e-05
7.800000000000000000e+02 4.045953440351404213e-05
7.810000000000000000e+02 5.358305802599942265e-05
7.820000000000000000e+02 7.675464466055183276e-05
7.830000000000000000e+02 1.020844064283018551e-04
7.840000000000000000e+02 1.278503722313752166e-04
7.850000000000000000e+02 1.520698173747443151e-04
7.860000000000000000e+02 1.742582546034535519e-04
7.870000000000000000e+02 1.964789548440239555e-04
7.880000000000000000e+02 2.181451456567145197e-04
7.890000000000000000e+02 2.362633701307525016e-04
7.900000000000000000e+02 2.538248389719699547e-04
7.910000000000000000e+02 2.627884005976220965e-04
7.920000000000000000e+02 2.701305337134572628e-04
7.930000000000000000e+02 2.893277496388341110e-04
7.940000000000000000e+02 3.095128261318977683e-04
7.950000000000000000e+02 3.234007580749852185e-04
7.960000000000000000e+02 3.296022280037258913e-04
7.970000000000000000e+02 3.213418327913358363e-04
7.980000000000000000e+02 2.974942658086455831e-04
7.990000000000000000e+02 2.725797910328246992e-04
8.000000000000000000e+02 2.387637532689774848e-04
8.010000000000000000e+02 1.853108581673583010e-04
8.020000000000000000e+02 1.363358228258371575e-04
8.030000000000000000e+02 9.868127597728155412e-05
8.040000000000000000e+02 5.235434286067232855e-05
8.050000000000000000e+02 7.410768566622601356e-06
8.060000000000000000e+02 -2.228652845810678257e-05
8.070000000000000000e+02 -3.756815031810886843e-05
8.080000000000000000e+02 -4.443722546079475658e-05
8.090000000000000000e+02 -4.761967135987398378e-05
8.100000000000000000e+02 -4.699302775102216523e-05
8.110000000000000000e+02 -5.383683114184136323e-05
8.120000000000000000e+02 -6.517188445199578956e-05
8.130000000000000000e+02 -7.862002501277192649e-05
8.140000000000000000e+02 -9.877591714317739146e-05
8.150000000000000000e+02 -1.238179130503301638e-04
8.160000000000000000e+02 -1.549032377515217483e-04
8.170000000000000000e+02 -1.837587294245101438e-04
8.180000000000000000e+02 -1.931860293205771382e-04
8.190000000000000000e+02 -1.717254624782725970e-04
8.200000000000000000e+02 -1.272032489011379222e-04
8.210000000000000000e+02 -7.364650404745940306e-05
8.220000000000000000e+02 -3.022028791661342121e-05
8.230000000000000000e+02 -3.952542235820579112e-06
8.240000000000000000e+02 1.399547482497337408e-05
8.250000000000000000e+02 3.288535098160026368e-05
8.260000000000000000e+02 6.240720605729594198e-05
8.270000000000000000e+02 1.020484043455443748e-04
8.280000000000000000e+02 1.397710998174272600e-04
8.290000000000000000e+02 1.681579218290105279e-04
8.300000000000000000e+02 1.817385938819303956e-04
8.310000000000000000e+02 1.807688100457248209e-04
8.320000000000000000e+02 1.681019792671581761e-04
8.330000000000000000e+02 1.439073100933861932e-04
8.340000000000000000e+02 1.075810961706543653e-04
8.350000000000000000e+02 6.787062359761858335e-05
8.360000000000000000e+02 2.567401260227975289e-05
8.370000000000000000e+02 -1.907880226957800327e-05
8.380000000000000000e+02 -5.001239304927660584e-05
8.390000000000000000e+02 -6.437798369337002986e-05
8.400000000000000000e+02 -8.113418024230819290e-05
8.410000000000000000e+02 -1.043529709181563995e-04
8.420000000000000000e+02 -1.244759256896100922e-04
8.430000000000000000e+02 -1.471903215213248419e-04
8.440000000000000000e+02 -1.792845328760253826e-04
8.450000000000000000e+02 -2.240315671625604029e-04
8.460000000000000000e+02 -2.886685256122638993e-04
8.470000000000000000e+02 -3.677897633287545735e-04
8.480000000000000000e+02 -4.466130119680100262e-04
8.490000000000000000e+02 -5.207879514863672206e-04
8.500000000000000000e+02 -6.057296591695286942e-04
8.510000000000000000e+02 -7.038653909674134164e-04
8.520000000000000000e+02 -8.059428521019363495e-04
8.530000000000000000e+02 -9.058585302083459233e-04
8.540000000000000000e+02 -9.936622389689062692e-04
8.550000000000000000e+02 -1.068116437731395432e-03
8.560000000000000000e+02 -1.126516670669093761e-03
8.570000000000000000e+02 -1.159248529867576557e-03
8.580000000000000000e+02 -1.181599518067637158e-03
8.590000000000000000e+02 -1.207627123099270540e-03
8.600000000000000000e+02 -1.225275870780067906e-03
8.610000000000000000e+02 -1.228596701954809368e-03
8.620000000000000000e+02 -1.222644596348912904e-03
8.630000000000000000e+02 -1.218113574858316383e-03
8.640000000000000000e+02 -1.225324333490307926e-03
8.650000000000000000e+02 -1.249616669836951582e-03
8.660000000000000000e+02 -1.285884960132194828e-03
8.670000000000000000e+02 -1.330811993303038449e-03
8.680000000000000000e+02 -1.379271409274181008e-03
8.690000000000000000e+02 -1.424660514462441517e-03
8.700000000000000000e+02 -1.466726050057695196e-03
8.710000000000000000e+02 -1.491802750091730020e-03
8.720000000000000000e+02 -1.493983861501835307e-03
8.730000000000000000e+02 -1.487264922614552325e-03
8.740000000000000000e+02 -1.476808279256126280e-03
8.750000000000000000e+02 -1.459472087755205516e-03
8.760000000000000000e+02 -1.427797366679308625e-03
8.770000000000000000e+02 -1.381133029461886156e-03
8.780000000000000000e+02 -1.334161408452277367e-03
8.790000000000000000e+02 -1.296787510842027733e-03
8.800000000000000000e+02 -1.264348685452586826e-03
8.810000000000000000e+02 -1.242215982593712414e-03
8.820000000000000000e+02 -1.221420090513124744e-03
8.830000000000000000e+02 -1.189098522061878948e-03
8.840000000000000000e+02 -1.151155789602090369e-03
8.850000000000000000e+02 -1.106391162751615542e-03
8.860000000000000000e+02 -1.062342383568211021e-03
8.870000000000000000e+02 -1.027242486994728440e-03
8.880000000000000000e+02 -9.925592727224226159e-04
8.890000000000000000e+02 -9.451371128884511648e-04
8.900000000000000000e+02 -8.859102166958495849e-04
8.910000000000000000e+02 -8.208463388731387185e-04
8.920000000000000000e+02 -7.472776779666032891e-04
8.930000000000000000e+02 -6.801010216845944541e-04
8.940000000000000000e+02 -6.212254237130842476e-04
8.950000000000000000e+02 -5.772319547922704101e-04
8.960000000000000000e+02 -5.624452917856226407e-04
8.970000000000000000e+02 -5.643587396583126187e-04
8.980000000000000000e+02 -5.759247339961841555e-04
8.990000000000000000e+02 -5.903368012161535434e-04
9.000000000000000000e+02 -5.937704219372724225e-04
9.010000000000000000e+02 -5.814423761859991747e-04
9.020000000000000000e+02 -5.719478320558547216e-04
9.030000000000000000e+02 -5.926075502522063073e-04
9.040000000000000000e+02 -6.362728956153521813e-04
9.050000000000000000e+02 -6.930949129909215814e-04
9.060000000000000000e+02 -7.528569829779446906e-04
9.070000000000000000e+02 -8.056116959017639708e-04
9.080000000000000000e+02 -8.548970746660566195e-04
9.090000000000000000e+02 -9.101597302153272354e-04
9.100000000000000000e+02 -9.735242629920862504e-04
9.110000000000000000e+02 -1.039581230489062006e-03
9.120000000000000000e+02 -1.096245686363164469e-03
9.130000000000000000e+02 -1.137096407630550825e-03
9.140000000000000000e+02 -1.164368853100951687e-03
9.150000000000000000e+02 -1.181941859919494056e-03
9.160000000000000000e+02 -1.200691305599983945e-03
9.170000000000000000e+02 -1.222848245133467899e-03
9.180000000000000000e+02 -1.244433278039385219e-03
9.190000000000000000e+02 -1.252540105518731893e-03
9.200000000000000000e+02 -1.240743492284713308e-03
9.210000000000000000e+02 -1.213745676621604463e-03
9.220000000000000000e+02 -1.179673143699037918e-03
9.230000000000000000e+02 -1.133448898142353032e-03
9.240000000000000000e+02 -1.080480966491579025e-03
9.250000000000000000e+02 -1.020813051925288260e-03
9.260000000000000000e+02 -9.607171738527021292e-04
9.270000000000000000e+02 -9.010440499715395351e-04
9.280000000000000000e+02 -8.343101264918218992e-04
9.290000000000000000e+02 -7.722633638313974392e-04
9.300000000000000000e+02 -7.130158049671984780e-04
9.310000000000000000e+02 -6.660549113473625011e-04
9.320000000000000000e+02 -6.308494792282492644e-04
9.330000000000000000e+02 -6.042585845283379373e-04
9.340000000000000000e+02 -5.988926331364066496e-04
9.350000000000000000e+02 -6.118370974658971732e-04
9.360000000000000000e+02 -6.266479251817260766e-04
9.370000000000000000e+02 -6.342432337103770523e-04
9.380000000000000000e+02 -6.291841484846798184e-04
9.390000000000000000e+02 -6.166824335300967116e-04
9.400000000000000000e+02 -6.142661604860142656e-04
9.410000000000000000e+02 -6.198210692714512058e-04
9.420000000000000000e+02 -6.338077318251261185e-04
9.430000000000000000e+02 -6.525340882076601130e-04
9.440000000000000000e+02 -6.763841921242180451e-04
9.450000000000000000e+02 -7.033431855043038037e-04
9.460000000000000000e+02 -7.300191485613472973e-04
9.470000000000000000e+02 -7.479930226574030457e-04
9.480000000000000000e+02 -7.589423413365728021e-04
9.490000000000000000e+02 -7.682372607487221580e-04
9.500000000000000000e+02 -7.804549032835041795e-04
9.510000000000000000e+02 -7.886420246591615288e-04
9.520000000000000000e+02 -7.846418898157425572e-04
9.530000000000000000e+02 -7.707332937682423793e-04
9.540000000000000000e+02 -7.447810929997344563e-04
9.550000000000000000e+02 -7.215921880856677670e-04
9.560000000000000000e+02 -7.199903252333594459e-04
9.570000000000000000e+02 -7.261392760150649651e-04
9.580000000000000000e+02 -7.383641541215679727e-04
9.590000000000000000e+02 -7.551851744588388825e-04
9.600000000000000000e+02 -7.624221980976005108e-04
9.610000000000000000e+02 -7.562643091411354150e-04
9.620000000000000000e+02 -7.378147777898394185e-04
9.630000000000000000e+02 -7.145783289960064375e-04
9.640000000000000000e+02 -6.839263020707465196e-04
9.650000000000000000e+02 -6.508132303440843872e-04
9.660000000000000000e+02 -6.291507619302792644e-04
9.670000000000000000e+02 -6.237478311492341979e-04
9.680000000000000000e+02 -6.496731273484250167e-04
9.690000000000000000e+02 -6.946538114314181967e-04
9.700000000000000000e+02 -7.356860525202346245e-04
9.710000000000000000e+02 -7.726954895002693122e-04
9.720000000000000000e+02 -8.125968305310989287e-04
9.730000000000000000e+02 -8.510345026587254856e-04
9.740000000000000000e+02 -8.811071751653089127e-04
9.750000000000000000e+02 -9.012745383761794436e-04
9.760000000000000000e+02 -9.043339495975183514e-04
9.770000000000000000e+02 -8.897274157494231570e-04
9.780000000000000000e+02 -8.789795438765198856e-04
9.790000000000000000e+02 -8.668210207675028844e-04
9.800000000000000000e+02 -8.429017077237665936e-04
9.810000000000000000e+02 -8.205854754906260172e-04
9.820000000000000000e+02 -8.116589621925411786e-04
9.830000000000000000e+02 -8.230070435545368789e-04
9.840000000000000000e+02 -8.423077582576959281e-04
9.850000000000000000e+02 -8.554653798016287553e-04
9.860000000000000000e+02 -8.579503623311652985e-04
9.870000000000000000e+02 -8.563973077978856560e-04
9.880000000000000000e+02 -8.499731834826837603e-04
9.890000000000000000e+02 -8.344306470636689678e-04
9.900000000000000000e+02 -8.154503269108834621e-04
9.910000000000000000e+02 -7.999217647267687671e-04
9.920000000000000000e+02 -7.836733463693090242e-04
9.930000000000000000e+02 -7.703769485331156842e-04
9.940000000000000000e+02 -7.641848968410087928e-04
9.950000000000000000e+02 -7.601737937597189245e-04
9.960000000000000000e+02 -7.678467803114626686e-04
9.970000000000000000e+02 -7.850044984837550952e-04
9.980000000000000000e+02 -7.975327861269740576e-04
9.990000000000000000e+02 -8.040584436927901554e-04
1.000000000000000000e+03 -8.058702320542577343e-04
