# XXZ chain with NNN perturbation
# L = 28, S_z^tot = 4, J = 1, Delta = 0.5, g = 0.15
# Time dependence of normalized energy current autocorrelation function
# tJ, C_kappa(t)


0.000000000000000000e+00 1.000000000000000000e+00
1.000000000000000000e+00 9.954024347072715218e-01
2.000000000000000000e+00 9.860547545043409912e-01
3.000000000000000000e+00 9.756494643295381408e-01
4.000000000000000000e+00 9.651322158632531512e-01
5.000000000000000000e+00 9.553351608003709527e-01
6.000000000000000000e+00 9.463494100216978122e-01
7.000000000000000000e+00 9.379877364224703529e-01
8.000000000000000000e+00 9.300787857203461906e-01
9.000000000000000000e+00 9.224919155183199937e-01
1.000000000000000000e+01 9.151453211791363840e-01
1.100000000000000000e+01 9.079908259772727641e-01
1.200000000000000000e+01 9.009985585001555330e-01
1.300000000000000000e+01 8.941479393929782082e-01
1.400000000000000000e+01 8.874289497561788087e-01
1.500000000000000000e+01 8.808400638687861051e-01
1.600000000000000000e+01 8.743801043608038226e-01
1.700000000000000000e+01 8.680407868474014910e-01
1.800000000000000000e+01 8.618143552231657400e-01
1.900000000000000000e+01 8.556950630693817006e-01
2.000000000000000000e+01 8.496844901603771705e-01
2.100000000000000000e+01 8.437862733313972186e-01
2.200000000000000000e+01 8.380015043839109667e-01
2.300000000000000000e+01 8.323299955868569411e-01
2.400000000000000000e+01 8.267672724328855027e-01
2.500000000000000000e+01 8.213113533352269791e-01
2.600000000000000000e+01 8.159593197324122027e-01
2.700000000000000000e+01 8.107036301150166713e-01
2.800000000000000000e+01 8.055354945693999902e-01
2.900000000000000000e+01 8.004477843003502402e-01
3.000000000000000000e+01 7.954344268879846025e-01
3.100000000000000000e+01 7.904900305005155836e-01
3.200000000000000000e+01 7.856083096729353787e-01
3.300000000000000000e+01 7.807855597636139677e-01
3.400000000000000000e+01 7.760160036236589676e-01
3.500000000000000000e+01 7.712962656635343750e-01
3.600000000000000000e+01 7.666263939825449514e-01
3.700000000000000000e+01 7.620029081301100682e-01
3.800000000000000000e+01 7.574222869595510499e-01
3.900000000000000000e+01 7.528816725493496786e-01
4.000000000000000000e+01 7.483808377377186849e-01
4.100000000000000000e+01 7.439224494231764240e-01
4.200000000000000000e+01 7.395052051028968565e-01
4.300000000000000000e+01 7.351310354903008992e-01
4.400000000000000000e+01 7.308019642864149734e-01
4.500000000000000000e+01 7.265174051867051563e-01
4.600000000000000000e+01 7.222766488793535000e-01
4.700000000000000000e+01 7.180752481645960028e-01
4.800000000000000000e+01 7.139095121780437703e-01
4.900000000000000000e+01 7.097771103003093218e-01
5.000000000000000000e+01 7.056773007523337027e-01
5.100000000000000000e+01 7.016110920928182448e-01
5.200000000000000000e+01 6.975770593527321761e-01
5.300000000000000000e+01 6.935747906040714561e-01
5.400000000000000000e+01 6.896046277265776014e-01
5.500000000000000000e+01 6.856674959138071568e-01
5.600000000000000000e+01 6.817634471592578516e-01
5.700000000000000000e+01 6.778923104804793764e-01
5.800000000000000000e+01 6.740508465003662852e-01
5.900000000000000000e+01 6.702347597711102445e-01
6.000000000000000000e+01 6.664399976547822346e-01
6.100000000000000000e+01 6.626678150346462237e-01
6.200000000000000000e+01 6.589193270073412378e-01
6.300000000000000000e+01 6.551970494173762205e-01
6.400000000000000000e+01 6.515024902447710264e-01
6.500000000000000000e+01 6.478327939922151613e-01
6.600000000000000000e+01 6.441872931892272947e-01
6.700000000000000000e+01 6.405688918801377696e-01
6.800000000000000000e+01 6.369782467847692198e-01
6.900000000000000000e+01 6.334139905326549025e-01
7.000000000000000000e+01 6.298763258732870129e-01
7.100000000000000000e+01 6.263667525092891930e-01
7.200000000000000000e+01 6.228843098927338007e-01
7.300000000000000000e+01 6.194294189357655300e-01
7.400000000000000000e+01 6.160055087302352961e-01
7.500000000000000000e+01 6.126121899884992006e-01
7.600000000000000000e+01 6.092442814926426475e-01
7.700000000000000000e+01 6.059000383374524290e-01
7.800000000000000000e+01 6.025798920902815103e-01
7.900000000000000000e+01 5.992838159898803418e-01
8.000000000000000000e+01 5.960132132535781446e-01
8.100000000000000000e+01 5.927660055470647116e-01
8.200000000000000000e+01 5.895394190271397994e-01
8.300000000000000000e+01 5.863313395491485114e-01
8.400000000000000000e+01 5.831412052089400833e-01
8.500000000000000000e+01 5.799690778702412119e-01
8.600000000000000000e+01 5.768179525619824277e-01
8.700000000000000000e+01 5.736922660629847348e-01
8.800000000000000000e+01 5.705902838044302205e-01
8.900000000000000000e+01 5.675109101264839140e-01
9.000000000000000000e+01 5.644504445456000052e-01
9.100000000000000000e+01 5.614090395344079054e-01
9.200000000000000000e+01 5.583911882253714820e-01
9.300000000000000000e+01 5.553968254896795020e-01
9.400000000000000000e+01 5.524242142834638880e-01
9.500000000000000000e+01 5.494725443582604285e-01
9.600000000000000000e+01 5.465410192837737435e-01
9.700000000000000000e+01 5.436283053909942709e-01
9.800000000000000000e+01 5.407362234440197257e-01
9.900000000000000000e+01 5.378667133549337454e-01
1.000000000000000000e+02 5.350193380052228331e-01
1.010000000000000000e+02 5.321925282061414908e-01
1.020000000000000000e+02 5.293847256174504246e-01
1.030000000000000000e+02 5.265932963638997322e-01
1.040000000000000000e+02 5.238212807106240598e-01
1.050000000000000000e+02 5.210704965905674779e-01
1.060000000000000000e+02 5.183392760638150243e-01
1.070000000000000000e+02 5.156267501857607627e-01
1.080000000000000000e+02 5.129307797566132754e-01
1.090000000000000000e+02 5.102510147105163707e-01
1.100000000000000000e+02 5.075875664730925552e-01
1.110000000000000000e+02 5.049426155615861500e-01
1.120000000000000000e+02 5.023146283907098386e-01
1.130000000000000000e+02 4.997036974679745502e-01
1.140000000000000000e+02 4.971112677280958292e-01
1.150000000000000000e+02 4.945359041884340168e-01
1.160000000000000000e+02 4.919783330040409242e-01
1.170000000000000000e+02 4.894402282663535830e-01
1.180000000000000000e+02 4.869212292609029769e-01
1.190000000000000000e+02 4.844218363867037191e-01
1.200000000000000000e+02 4.819391927812471943e-01
1.210000000000000000e+02 4.794709488756448978e-01
1.220000000000000000e+02 4.770158867350720033e-01
1.230000000000000000e+02 4.745729076829266480e-01
1.240000000000000000e+02 4.721416637170220421e-01
1.250000000000000000e+02 4.697228567360433038e-01
1.260000000000000000e+02 4.673200587525556671e-01
1.270000000000000000e+02 4.649322871573366989e-01
1.280000000000000000e+02 4.625583001480553791e-01
1.290000000000000000e+02 4.601970733358635712e-01
1.300000000000000000e+02 4.578458394500541373e-01
1.310000000000000000e+02 4.555052768371782856e-01
1.320000000000000000e+02 4.531773776140381460e-01
1.330000000000000000e+02 4.508646497069755954e-01
1.340000000000000000e+02 4.485674585845229045e-01
1.350000000000000000e+02 4.462859719311292328e-01
1.360000000000000000e+02 4.440167584027924774e-01
1.370000000000000000e+02 4.417564005185140030e-01
1.380000000000000000e+02 4.395089244731100742e-01
1.390000000000000000e+02 4.372750145356156248e-01
1.400000000000000000e+02 4.350498347036834135e-01
1.410000000000000000e+02 4.328349138478086999e-01
1.420000000000000000e+02 4.306309517243910312e-01
1.430000000000000000e+02 4.284393670416503097e-01
1.440000000000000000e+02 4.262622463977096543e-01
1.450000000000000000e+02 4.241006711519644812e-01
1.460000000000000000e+02 4.219550551141194039e-01
1.470000000000000000e+02 4.198226971829008281e-01
1.480000000000000000e+02 4.177037239220418030e-01
1.490000000000000000e+02 4.155984263416657165e-01
1.500000000000000000e+02 4.135046571540709759e-01
1.510000000000000000e+02 4.114215469726102414e-01
1.520000000000000000e+02 4.093526584495585929e-01
1.530000000000000000e+02 4.073002951668731053e-01
1.540000000000000000e+02 4.052632910430404301e-01
1.550000000000000000e+02 4.032422090509450996e-01
1.560000000000000000e+02 4.012368281882585652e-01
1.570000000000000000e+02 3.992437078284775120e-01
1.580000000000000000e+02 3.972609928310713578e-01
1.590000000000000000e+02 3.952869079419902287e-01
1.600000000000000000e+02 3.933198062236235026e-01
1.610000000000000000e+02 3.913611083695405224e-01
1.620000000000000000e+02 3.894140423330088030e-01
1.630000000000000000e+02 3.874798103576307384e-01
1.640000000000000000e+02 3.855554035119102552e-01
1.650000000000000000e+02 3.836397533462737042e-01
1.660000000000000000e+02 3.817341808225622746e-01
1.670000000000000000e+02 3.798420154074651500e-01
1.680000000000000000e+02 3.779624869518817820e-01
1.690000000000000000e+02 3.760940616842129991e-01
1.700000000000000000e+02 3.742398209804509990e-01
1.710000000000000000e+02 3.723981177381482932e-01
1.720000000000000000e+02 3.705683883259530687e-01
1.730000000000000000e+02 3.687515089052601502e-01
1.740000000000000000e+02 3.669448437092278636e-01
1.750000000000000000e+02 3.651464392343657384e-01
1.760000000000000000e+02 3.633574097899862076e-01
1.770000000000000000e+02 3.615760478168734138e-01
1.780000000000000000e+02 3.597994704586103265e-01
1.790000000000000000e+02 3.580310058119330896e-01
1.800000000000000000e+02 3.562766174426651999e-01
1.810000000000000000e+02 3.545354250476411284e-01
1.820000000000000000e+02 3.528057781676913751e-01
1.830000000000000000e+02 3.510885463323876188e-01
1.840000000000000000e+02 3.493791387418536676e-01
1.850000000000000000e+02 3.476776135242370946e-01
1.860000000000000000e+02 3.459874617140581976e-01
1.870000000000000000e+02 3.443097836489045216e-01
1.880000000000000000e+02 3.426434510482324058e-01
1.890000000000000000e+02 3.409911332267438477e-01
1.900000000000000000e+02 3.393522017432197280e-01
1.910000000000000000e+02 3.377230328589462260e-01
1.920000000000000000e+02 3.361001946346904856e-01
1.930000000000000000e+02 3.344826511155391535e-01
1.940000000000000000e+02 3.328706358878472660e-01
1.950000000000000000e+02 3.312646557564569716e-01
1.960000000000000000e+02 3.296668168980455005e-01
1.970000000000000000e+02 3.280786055222022490e-01
1.980000000000000000e+02 3.264997273941521727e-01
1.990000000000000000e+02 3.249288390204225774e-01
2.000000000000000000e+02 3.233657008536792166e-01
2.010000000000000000e+02 3.218089791000801059e-01
2.020000000000000000e+02 3.202585915061218480e-01
2.030000000000000000e+02 3.187164502698886515e-01
2.040000000000000000e+02 3.171838651579733659e-01
2.050000000000000000e+02 3.156598890637745680e-01
2.060000000000000000e+02 3.141430087407346416e-01
2.070000000000000000e+02 3.126341252130237502e-01
2.080000000000000000e+02 3.111329654452040794e-01
2.090000000000000000e+02 3.096407491026895165e-01
2.100000000000000000e+02 3.081567883109531669e-01
2.110000000000000000e+02 3.066790541976640028e-01
2.120000000000000000e+02 3.052080843699516155e-01
2.130000000000000000e+02 3.037445048404739945e-01
2.140000000000000000e+02 3.022889769342552158e-01
2.150000000000000000e+02 3.008407327273063814e-01
2.160000000000000000e+02 2.993988132830536775e-01
2.170000000000000000e+02 2.979638343512359122e-01
2.180000000000000000e+02 2.965369429317463168e-01
2.190000000000000000e+02 2.951172471113517326e-01
2.200000000000000000e+02 2.937073126044472682e-01
2.210000000000000000e+02 2.923091365860390756e-01
2.220000000000000000e+02 2.909225673191883632e-01
2.230000000000000000e+02 2.895463004544525099e-01
2.240000000000000000e+02 2.881751834462317197e-01
2.250000000000000000e+02 2.868081476092728122e-01
2.260000000000000000e+02 2.854470493113396290e-01
2.270000000000000000e+02 2.840929602750355554e-01
2.280000000000000000e+02 2.827478154424338808e-01
2.290000000000000000e+02 2.814125913897752573e-01
2.300000000000000000e+02 2.800849642942903062e-01
2.310000000000000000e+02 2.787646314567477357e-01
2.320000000000000000e+02 2.774535134724714358e-01
2.330000000000000000e+02 2.761497845190757361e-01
2.340000000000000000e+02 2.748512663783764798e-01
2.350000000000000000e+02 2.735580922927280390e-01
2.360000000000000000e+02 2.722700077251477002e-01
2.370000000000000000e+02 2.709859252997438572e-01
2.380000000000000000e+02 2.697082433654134359e-01
2.390000000000000000e+02 2.684386603127673077e-01
2.400000000000000000e+02 2.671765634494108199e-01
2.410000000000000000e+02 2.659212354758757058e-01
2.420000000000000000e+02 2.646708771433146090e-01
2.430000000000000000e+02 2.634269620085236130e-01
2.440000000000000000e+02 2.621897958370796866e-01
2.450000000000000000e+02 2.609575035474016591e-01
2.460000000000000000e+02 2.597303160229728070e-01
2.470000000000000000e+02 2.585097654630970632e-01
2.480000000000000000e+02 2.572948962838971232e-01
2.490000000000000000e+02 2.560839802449315084e-01
2.500000000000000000e+02 2.548764308859874927e-01
2.510000000000000000e+02 2.536752365117984631e-01
2.520000000000000000e+02 2.524810821665502414e-01
2.530000000000000000e+02 2.512940491547568378e-01
2.540000000000000000e+02 2.501165953388146956e-01
2.550000000000000000e+02 2.489484605897125113e-01
2.560000000000000000e+02 2.477870429350584602e-01
2.570000000000000000e+02 2.466298320245972620e-01
2.580000000000000000e+02 2.454750266312112905e-01
2.590000000000000000e+02 2.443234029046589539e-01
2.600000000000000000e+02 2.431764758463587917e-01
2.610000000000000000e+02 2.420330019934797128e-01
2.620000000000000000e+02 2.408917073422264521e-01
2.630000000000000000e+02 2.397544741040935901e-01
2.640000000000000000e+02 2.386221209517980502e-01
2.650000000000000000e+02 2.374943891778817096e-01
2.660000000000000000e+02 2.363731246115662876e-01
2.670000000000000000e+02 2.352582710106817243e-01
2.680000000000000000e+02 2.341501542045330009e-01
2.690000000000000000e+02 2.330493999832113639e-01
2.700000000000000000e+02 2.319562912321344039e-01
2.710000000000000000e+02 2.308699634653118282e-01
2.720000000000000000e+02 2.297914795130144572e-01
2.730000000000000000e+02 2.287207329531001365e-01
2.740000000000000000e+02 2.276546797282038570e-01
2.750000000000000000e+02 2.265923809869107297e-01
2.760000000000000000e+02 2.255342861259919673e-01
2.770000000000000000e+02 2.244787068764458882e-01
2.780000000000000000e+02 2.234279871245350990e-01
2.790000000000000000e+02 2.223845876141659628e-01
2.800000000000000000e+02 2.213483409735731988e-01
2.810000000000000000e+02 2.203175793974117003e-01
2.820000000000000000e+02 2.192943778510489383e-01
2.830000000000000000e+02 2.182798073493613100e-01
2.840000000000000000e+02 2.172717780348303318e-01
2.850000000000000000e+02 2.162703600778802804e-01
2.860000000000000000e+02 2.152756693468889926e-01
2.870000000000000000e+02 2.142878039947808122e-01
2.880000000000000000e+02 2.133061463430226679e-01
2.890000000000000000e+02 2.123301745428543830e-01
2.900000000000000000e+02 2.113633430034371208e-01
2.910000000000000000e+02 2.104068147440641690e-01
2.920000000000000000e+02 2.094595878942983325e-01
2.930000000000000000e+02 2.085200443484660493e-01
2.940000000000000000e+02 2.075860168042879261e-01
2.950000000000000000e+02 2.066550433326698188e-01
2.960000000000000000e+02 2.057247920694477428e-01
2.970000000000000000e+02 2.047971054810085179e-01
2.980000000000000000e+02 2.038728767773484163e-01
2.990000000000000000e+02 2.029516230241167896e-01
3.000000000000000000e+02 2.020350240220163129e-01
3.010000000000000000e+02 2.011240150644140467e-01
3.020000000000000000e+02 2.002206997630449625e-01
3.030000000000000000e+02 1.993236501806647520e-01
3.040000000000000000e+02 1.984319090692602816e-01
3.050000000000000000e+02 1.975446909263820772e-01
3.060000000000000000e+02 1.966602120717714786e-01
3.070000000000000000e+02 1.957776155826246589e-01
3.080000000000000000e+02 1.948976530769593873e-01
3.090000000000000000e+02 1.940215465701586317e-01
3.100000000000000000e+02 1.931488089581319401e-01
3.110000000000000000e+02 1.922800488153497966e-01
3.120000000000000000e+02 1.914149305897101527e-01
3.130000000000000000e+02 1.905531916111848079e-01
3.140000000000000000e+02 1.896951413655013075e-01
3.150000000000000000e+02 1.888401501206861122e-01
3.160000000000000000e+02 1.879901469600518404e-01
3.170000000000000000e+02 1.871470791166841008e-01
3.180000000000000000e+02 1.863083183767168527e-01
3.190000000000000000e+02 1.854700217414131935e-01
3.200000000000000000e+02 1.846307717820864780e-01
3.210000000000000000e+02 1.837911655222374263e-01
3.220000000000000000e+02 1.829528894973938280e-01
3.230000000000000000e+02 1.821142003609323157e-01
3.240000000000000000e+02 1.812771746130066031e-01
3.250000000000000000e+02 1.804453700111047776e-01
3.260000000000000000e+02 1.796166968028130584e-01
3.270000000000000000e+02 1.787946949874726910e-01
3.280000000000000000e+02 1.779805744576844762e-01
3.290000000000000000e+02 1.771723241157047990e-01
3.300000000000000000e+02 1.763727251625146208e-01
3.310000000000000000e+02 1.755804447632691445e-01
3.320000000000000000e+02 1.747930819003635783e-01
3.330000000000000000e+02 1.740089867716739236e-01
3.340000000000000000e+02 1.732292148493783102e-01
3.350000000000000000e+02 1.724536227686756795e-01
3.360000000000000000e+02 1.716820829250969294e-01
3.370000000000000000e+02 1.709147235786762642e-01
3.380000000000000000e+02 1.701517050767445416e-01
3.390000000000000000e+02 1.693931636592256040e-01
3.400000000000000000e+02 1.686403078392458565e-01
3.410000000000000000e+02 1.678926347234760419e-01
3.420000000000000000e+02 1.671481225180712349e-01
3.430000000000000000e+02 1.664057856275342473e-01
3.440000000000000000e+02 1.656652826332262463e-01
3.450000000000000000e+02 1.649287622986579382e-01
3.460000000000000000e+02 1.641986164556058225e-01
3.470000000000000000e+02 1.634748552678087774e-01
3.480000000000000000e+02 1.627562552497506809e-01
3.490000000000000000e+02 1.620416692223766997e-01
3.500000000000000000e+02 1.613288163413686971e-01
3.510000000000000000e+02 1.606135241952011961e-01
3.520000000000000000e+02 1.598937665335075364e-01
3.530000000000000000e+02 1.591707978871096663e-01
3.540000000000000000e+02 1.584479868593851315e-01
3.550000000000000000e+02 1.577276536920521888e-01
3.560000000000000000e+02 1.570125690568069388e-01
3.570000000000000000e+02 1.563039498988565978e-01
3.580000000000000000e+02 1.556035860273039251e-01
3.590000000000000000e+02 1.549103128306082433e-01
3.600000000000000000e+02 1.542197031875393587e-01
3.610000000000000000e+02 1.535309855870092832e-01
3.620000000000000000e+02 1.528443440713930790e-01
3.630000000000000000e+02 1.521603971997814442e-01
3.640000000000000000e+02 1.514783721654780202e-01
3.650000000000000000e+02 1.507981026137581171e-01
3.660000000000000000e+02 1.501216506215569957e-01
3.670000000000000000e+02 1.494471978933922529e-01
3.680000000000000000e+02 1.487723134034594774e-01
3.690000000000000000e+02 1.480981033456746643e-01
3.700000000000000000e+02 1.474271725888888496e-01
3.710000000000000000e+02 1.467607051950907404e-01
3.720000000000000000e+02 1.460991453463581224e-01
3.730000000000000000e+02 1.454441267747775268e-01
3.740000000000000000e+02 1.447957737610519602e-01
3.750000000000000000e+02 1.441520298400345845e-01
3.760000000000000000e+02 1.435143089208960887e-01
3.770000000000000000e+02 1.428858168424632369e-01
3.780000000000000000e+02 1.422644479872186840e-01
3.790000000000000000e+02 1.416476711239309516e-01
3.800000000000000000e+02 1.410347829763057559e-01
3.810000000000000000e+02 1.404251170446383923e-01
3.820000000000000000e+02 1.398174403708831171e-01
3.830000000000000000e+02 1.392112887925011644e-01
3.840000000000000000e+02 1.386061103167332553e-01
3.850000000000000000e+02 1.380025004999711480e-01
3.860000000000000000e+02 1.374013041335526430e-01
3.870000000000000000e+02 1.368028652565087822e-01
3.880000000000000000e+02 1.362071062221110740e-01
3.890000000000000000e+02 1.356143248634158194e-01
3.900000000000000000e+02 1.350239606979597162e-01
3.910000000000000000e+02 1.344353021190899944e-01
3.920000000000000000e+02 1.338486211419958605e-01
3.930000000000000000e+02 1.332637496744152050e-01
3.940000000000000000e+02 1.326802735343144968e-01
3.950000000000000000e+02 1.320983788342399434e-01
3.960000000000000000e+02 1.315177447624341078e-01
3.970000000000000000e+02 1.309392787112172996e-01
3.980000000000000000e+02 1.303633984422099823e-01
3.990000000000000000e+02 1.297911233985208079e-01
4.000000000000000000e+02 1.292215633849982670e-01
4.010000000000000000e+02 1.286528095914050984e-01
4.020000000000000000e+02 1.280853414527783896e-01
4.030000000000000000e+02 1.275215156836632113e-01
4.040000000000000000e+02 1.269614181768172478e-01
4.050000000000000000e+02 1.264023023620886588e-01
4.060000000000000000e+02 1.258420488436697293e-01
4.070000000000000000e+02 1.252821074109404798e-01
4.080000000000000000e+02 1.247245484773449598e-01
4.090000000000000000e+02 1.241695494103388780e-01
4.100000000000000000e+02 1.236171308822696657e-01
4.110000000000000000e+02 1.230680029532067177e-01
4.120000000000000000e+02 1.225187955575768317e-01
4.130000000000000000e+02 1.219676325058722671e-01
4.140000000000000000e+02 1.214169107716129015e-01
4.150000000000000000e+02 1.208669727133272059e-01
4.160000000000000000e+02 1.203177778052711561e-01
4.170000000000000000e+02 1.197680619167261901e-01
4.180000000000000000e+02 1.192193387580958580e-01
4.190000000000000000e+02 1.186736197390080017e-01
4.200000000000000000e+02 1.181321258822162629e-01
4.210000000000000000e+02 1.175961427722490987e-01
4.220000000000000000e+02 1.170652498629372318e-01
4.230000000000000000e+02 1.165378000050156654e-01
4.240000000000000000e+02 1.160114900422413442e-01
4.250000000000000000e+02 1.154858012422606550e-01
4.260000000000000000e+02 1.149621794051318285e-01
4.270000000000000000e+02 1.144408575965217417e-01
4.280000000000000000e+02 1.139220733185153933e-01
4.290000000000000000e+02 1.134084380851418244e-01
4.300000000000000000e+02 1.128997430908236371e-01
4.310000000000000000e+02 1.123934511400147274e-01
4.320000000000000000e+02 1.118888186773888821e-01
4.330000000000000000e+02 1.113865653969995373e-01
4.340000000000000000e+02 1.108892561134026400e-01
4.350000000000000000e+02 1.103994010538591475e-01
4.360000000000000000e+02 1.099168016169594364e-01
4.370000000000000000e+02 1.094380694665633008e-01
4.380000000000000000e+02 1.089634501331860350e-01
4.390000000000000000e+02 1.084925980487353864e-01
4.400000000000000000e+02 1.080241967478320214e-01
4.410000000000000000e+02 1.075567993120472854e-01
4.420000000000000000e+02 1.070912526818917354e-01
4.430000000000000000e+02 1.066287314583260759e-01
4.440000000000000000e+02 1.061715720220727660e-01
4.450000000000000000e+02 1.057221285805131084e-01
4.460000000000000000e+02 1.052793012843117465e-01
4.470000000000000000e+02 1.048418682748258335e-01
4.480000000000000000e+02 1.044080791776667017e-01
4.490000000000000000e+02 1.039783903213927080e-01
4.500000000000000000e+02 1.035495271091436409e-01
4.510000000000000000e+02 1.031191840057843756e-01
4.520000000000000000e+02 1.026905121249819253e-01
4.530000000000000000e+02 1.022640560777969831e-01
4.540000000000000000e+02 1.018402130254259935e-01
4.550000000000000000e+02 1.014187139993387859e-01
4.560000000000000000e+02 1.009982146055895397e-01
4.570000000000000000e+02 1.005791905108813639e-01
4.580000000000000000e+02 1.001612022535963847e-01
4.590000000000000000e+02 9.974401906976036736e-02
4.600000000000000000e+02 9.932677661992836415e-02
4.610000000000000000e+02 9.890781394827394268e-02
4.620000000000000000e+02 9.848837389914080753e-02
4.630000000000000000e+02 9.807004328646935776e-02
4.640000000000000000e+02 9.765496401244391778e-02
4.650000000000000000e+02 9.724318467704227975e-02
4.660000000000000000e+02 9.683538555643715628e-02
4.670000000000000000e+02 9.643189545592319167e-02
4.680000000000000000e+02 9.603169231214017665e-02
4.690000000000000000e+02 9.563392921624434828e-02
4.700000000000000000e+02 9.523999239425666452e-02
4.710000000000000000e+02 9.484796098978130752e-02
4.720000000000000000e+02 9.445602206886707930e-02
4.730000000000000000e+02 9.406449538088837437e-02
4.740000000000000000e+02 9.367179881574350109e-02
4.750000000000000000e+02 9.327710418862686370e-02
4.760000000000000000e+02 9.288333307032993480e-02
4.770000000000000000e+02 9.249202780321955086e-02
4.780000000000000000e+02 9.210304560308348043e-02
4.790000000000000000e+02 9.171554670812684384e-02
4.800000000000000000e+02 9.132895874294547078e-02
4.810000000000000000e+02 9.094325390615103089e-02
4.820000000000000000e+02 9.055971972098268707e-02
4.830000000000000000e+02 9.018125904418293481e-02
4.840000000000000000e+02 8.980617939148827222e-02
4.850000000000000000e+02 8.943356470869814889e-02
4.860000000000000000e+02 8.906288414158609890e-02
4.870000000000000000e+02 8.869038638366256999e-02
4.880000000000000000e+02 8.831537189927492204e-02
4.890000000000000000e+02 8.793963952358263558e-02
4.900000000000000000e+02 8.756443519673351439e-02
4.910000000000000000e+02 8.718878317474368367e-02
4.920000000000000000e+02 8.681288135183642951e-02
4.930000000000000000e+02 8.643770332934250233e-02
4.940000000000000000e+02 8.606261950741803113e-02
4.950000000000000000e+02 8.569158643253831087e-02
4.960000000000000000e+02 8.532743445870916155e-02
4.970000000000000000e+02 8.496738513082223443e-02
4.980000000000000000e+02 8.461048736234533241e-02
4.990000000000000000e+02 8.425672313977108918e-02
5.000000000000000000e+02 8.390278114196526860e-02
5.010000000000000000e+02 8.354711615982692019e-02
5.020000000000000000e+02 8.319069019798105979e-02
5.030000000000000000e+02 8.283373978595386100e-02
5.040000000000000000e+02 8.247772705700988360e-02
5.050000000000000000e+02 8.212422294779404830e-02
5.060000000000000000e+02 8.177210888990732451e-02
5.070000000000000000e+02 8.142197626692375401e-02
5.080000000000000000e+02 8.107301349909844246e-02
5.090000000000000000e+02 8.072177032826896581e-02
5.100000000000000000e+02 8.036803885130495984e-02
5.110000000000000000e+02 8.001195550918692445e-02
5.120000000000000000e+02 7.965608283891416341e-02
5.130000000000000000e+02 7.930282845702051053e-02
5.140000000000000000e+02 7.895056573161529645e-02
5.150000000000000000e+02 7.859876472348154008e-02
5.160000000000000000e+02 7.824723258788854330e-02
5.170000000000000000e+02 7.789889289484586143e-02
5.180000000000000000e+02 7.755690319955839407e-02
5.190000000000000000e+02 7.722105330636336307e-02
5.200000000000000000e+02 7.689031345111101146e-02
5.210000000000000000e+02 7.656161702129285485e-02
5.220000000000000000e+02 7.623336520266284222e-02
5.230000000000000000e+02 7.590532192463210481e-02
5.240000000000000000e+02 7.557729377266647619e-02
5.250000000000000000e+02 7.525063178019204824e-02
5.260000000000000000e+02 7.492648237275574552e-02
5.270000000000000000e+02 7.460661065291977756e-02
5.280000000000000000e+02 7.429058873142521668e-02
5.290000000000000000e+02 7.397721152874965622e-02
5.300000000000000000e+02 7.366676471200724052e-02
5.310000000000000000e+02 7.335817758559452784e-02
5.320000000000000000e+02 7.305068473993581168e-02
5.330000000000000000e+02 7.274395569167722841e-02
5.340000000000000000e+02 7.243916935683188119e-02
5.350000000000000000e+02 7.213716733265161662e-02
5.360000000000000000e+02 7.183956937192229053e-02
5.370000000000000000e+02 7.154542284973609834e-02
5.380000000000000000e+02 7.125418219316898005e-02
5.390000000000000000e+02 7.096470135940102786e-02
5.400000000000000000e+02 7.067599188984068082e-02
5.410000000000000000e+02 7.038620259587548278e-02
5.420000000000000000e+02 7.009638950529110957e-02
5.430000000000000000e+02 6.980593073877930377e-02
5.440000000000000000e+02 6.951588558282398300e-02
5.450000000000000000e+02 6.922843231032867195e-02
5.460000000000000000e+02 6.894269793814764014e-02
5.470000000000000000e+02 6.865745011798393693e-02
5.480000000000000000e+02 6.837104845249517004e-02
5.490000000000000000e+02 6.808240925515943176e-02
5.500000000000000000e+02 6.779456915071632728e-02
5.510000000000000000e+02 6.751075221461011466e-02
5.520000000000000000e+02 6.722987575736544263e-02
5.530000000000000000e+02 6.695272989961159604e-02
5.540000000000000000e+02 6.667859294008024462e-02
5.550000000000000000e+02 6.640837806684254940e-02
5.560000000000000000e+02 6.614109072962576219e-02
5.570000000000000000e+02 6.587428496898310726e-02
5.580000000000000000e+02 6.560746076038279084e-02
5.590000000000000000e+02 6.534142726020146508e-02
5.600000000000000000e+02 6.507901465609136626e-02
5.610000000000000000e+02 6.481985316848248857e-02
5.620000000000000000e+02 6.456298946612040734e-02
5.630000000000000000e+02 6.430951802148977825e-02
5.640000000000000000e+02 6.405920335977295654e-02
5.650000000000000000e+02 6.381132142955568687e-02
5.660000000000000000e+02 6.356512885906304144e-02
5.670000000000000000e+02 6.331903473306030317e-02
5.680000000000000000e+02 6.307035289732955408e-02
5.690000000000000000e+02 6.281870092027663777e-02
5.700000000000000000e+02 6.256375264036224959e-02
5.710000000000000000e+02 6.230858368215989179e-02
5.720000000000000000e+02 6.205523217181994206e-02
5.730000000000000000e+02 6.180265189984274904e-02
5.740000000000000000e+02 6.154860100859635419e-02
5.750000000000000000e+02 6.129225402633674963e-02
5.760000000000000000e+02 6.103359556504291822e-02
5.770000000000000000e+02 6.077345697643513761e-02
5.780000000000000000e+02 6.051377147254247829e-02
5.790000000000000000e+02 6.025483022683642692e-02
5.800000000000000000e+02 5.999674342418942485e-02
5.810000000000000000e+02 5.974002208165161282e-02
5.820000000000000000e+02 5.948422891409582691e-02
5.830000000000000000e+02 5.922790537291035967e-02
5.840000000000000000e+02 5.897326929496140430e-02
5.850000000000000000e+02 5.871928010099996403e-02
5.860000000000000000e+02 5.846459207769241773e-02
5.870000000000000000e+02 5.821050193615105034e-02
5.880000000000000000e+02 5.795790223510988159e-02
5.890000000000000000e+02 5.770642154320532180e-02
5.900000000000000000e+02 5.745623289348786300e-02
5.910000000000000000e+02 5.720614208616617291e-02
5.920000000000000000e+02 5.695946934396933087e-02
5.930000000000000000e+02 5.671785382704173234e-02
5.940000000000000000e+02 5.647993112465433257e-02
5.950000000000000000e+02 5.624546403144580625e-02
5.960000000000000000e+02 5.601510982392506749e-02
5.970000000000000000e+02 5.578609409674666064e-02
5.980000000000000000e+02 5.555565217372241543e-02
5.990000000000000000e+02 5.532620955841998506e-02
6.000000000000000000e+02 5.510091359130767086e-02
6.010000000000000000e+02 5.487880636758747654e-02
6.020000000000000000e+02 5.465956491823718844e-02
6.030000000000000000e+02 5.444120814268946923e-02
6.040000000000000000e+02 5.422214986889908189e-02
6.050000000000000000e+02 5.400402225604809814e-02
6.060000000000000000e+02 5.378994494310439939e-02
6.070000000000000000e+02 5.358074058720237176e-02
6.080000000000000000e+02 5.337637626193543483e-02
6.090000000000000000e+02 5.317520588150982663e-02
6.100000000000000000e+02 5.297518021277583533e-02
6.110000000000000000e+02 5.277254062980135663e-02
6.120000000000000000e+02 5.256524317203394719e-02
6.130000000000000000e+02 5.235531269406644428e-02
6.140000000000000000e+02 5.214330839792214595e-02
6.150000000000000000e+02 5.192924859452673070e-02
6.160000000000000000e+02 5.171669674202760553e-02
6.170000000000000000e+02 5.150663985677314538e-02
6.180000000000000000e+02 5.129729602514650211e-02
6.190000000000000000e+02 5.108876634943750050e-02
6.200000000000000000e+02 5.087908627431163983e-02
6.210000000000000000e+02 5.066856905794472204e-02
6.220000000000000000e+02 5.046052643704084656e-02
6.230000000000000000e+02 5.025511049031405192e-02
6.240000000000000000e+02 5.005162293424463699e-02
6.250000000000000000e+02 4.985037890638861768e-02
6.260000000000000000e+02 4.965023610393469455e-02
6.270000000000000000e+02 4.945269304462437954e-02
6.280000000000000000e+02 4.925791802324046981e-02
6.290000000000000000e+02 4.906442345442030284e-02
6.300000000000000000e+02 4.887415489368793220e-02
6.310000000000000000e+02 4.868672188322210881e-02
6.320000000000000000e+02 4.849962054546907292e-02
6.330000000000000000e+02 4.831521338467674453e-02
6.340000000000000000e+02 4.813304246883268883e-02
6.350000000000000000e+02 4.794972113347059639e-02
6.360000000000000000e+02 4.776459561515083996e-02
6.370000000000000000e+02 4.757828724970165207e-02
6.380000000000000000e+02 4.739108204172565869e-02
6.390000000000000000e+02 4.720159301275078656e-02
6.400000000000000000e+02 4.700996522016326340e-02
6.410000000000000000e+02 4.681743269941352620e-02
6.420000000000000000e+02 4.662528810381407623e-02
6.430000000000000000e+02 4.643554566311693110e-02
6.440000000000000000e+02 4.624630485509660660e-02
6.450000000000000000e+02 4.605764746127672532e-02
6.460000000000000000e+02 4.587019324794547326e-02
6.470000000000000000e+02 4.568443163531910739e-02
6.480000000000000000e+02 4.549970798436641511e-02
6.490000000000000000e+02 4.531534971229025238e-02
6.500000000000000000e+02 4.513168049267961973e-02
6.510000000000000000e+02 4.494769300884061958e-02
6.520000000000000000e+02 4.476294086122305921e-02
6.530000000000000000e+02 4.457905111110043589e-02
6.540000000000000000e+02 4.439801823279220655e-02
6.550000000000000000e+02 4.421905878281381236e-02
6.560000000000000000e+02 4.404045514220293611e-02
6.570000000000000000e+02 4.386145832483676760e-02
6.580000000000000000e+02 4.368435777212819476e-02
6.590000000000000000e+02 4.350922687390360727e-02
6.600000000000000000e+02 4.333412499700203119e-02
6.610000000000000000e+02 4.315911320893989211e-02
6.620000000000000000e+02 4.298677242671435084e-02
6.630000000000000000e+02 4.281654723031225879e-02
6.640000000000000000e+02 4.264646460198629613e-02
6.650000000000000000e+02 4.247799527138265002e-02
6.660000000000000000e+02 4.231166977856560402e-02
6.670000000000000000e+02 4.214671923448885110e-02
6.680000000000000000e+02 4.198036069829046840e-02
6.690000000000000000e+02 4.181188199061396105e-02
6.700000000000000000e+02 4.164522566771217127e-02
6.710000000000000000e+02 4.148051196431277315e-02
6.720000000000000000e+02 4.131392439953147228e-02
6.730000000000000000e+02 4.114441132141487267e-02
6.740000000000000000e+02 4.097272307261170393e-02
6.750000000000000000e+02 4.079836116892840425e-02
6.760000000000000000e+02 4.062176994896600501e-02
6.770000000000000000e+02 4.044663660762697066e-02
6.780000000000000000e+02 4.027662469203927703e-02
6.790000000000000000e+02 4.010830947058791063e-02
6.800000000000000000e+02 3.993783621280774798e-02
6.810000000000000000e+02 3.976650003468696487e-02
6.820000000000000000e+02 3.959421391084835123e-02
6.830000000000000000e+02 3.942046475344244266e-02
6.840000000000000000e+02 3.924591195245732966e-02
6.850000000000000000e+02 3.907285929894921406e-02
6.860000000000000000e+02 3.890183337548292625e-02
6.870000000000000000e+02 3.873309043877826846e-02
6.880000000000000000e+02 3.856624546387166230e-02
6.890000000000000000e+02 3.839957693256004778e-02
6.900000000000000000e+02 3.823480053332407175e-02
6.910000000000000000e+02 3.807380686636527289e-02
6.920000000000000000e+02 3.791671496950888703e-02
6.930000000000000000e+02 3.776418230468899656e-02
6.940000000000000000e+02 3.761695981505463332e-02
6.950000000000000000e+02 3.747296752806739822e-02
6.960000000000000000e+02 3.733113859969652143e-02
6.970000000000000000e+02 3.719068576372321078e-02
6.980000000000000000e+02 3.704845634721437575e-02
6.990000000000000000e+02 3.690426321830621997e-02
7.000000000000000000e+02 3.675794086972018065e-02
7.010000000000000000e+02 3.661018961072717154e-02
7.020000000000000000e+02 3.646084070063126958e-02
7.030000000000000000e+02 3.631046303999190678e-02
7.040000000000000000e+02 3.615946262665288569e-02
7.050000000000000000e+02 3.600766210298992492e-02
7.060000000000000000e+02 3.585464604376803477e-02
7.070000000000000000e+02 3.570079259272604388e-02
7.080000000000000000e+02 3.554856631868806571e-02
7.090000000000000000e+02 3.540058173707322231e-02
7.100000000000000000e+02 3.525620711937272472e-02
7.110000000000000000e+02 3.511387315307584051e-02
7.120000000000000000e+02 3.497440095488785899e-02
7.130000000000000000e+02 3.483750317330736729e-02
7.140000000000000000e+02 3.470221071779545224e-02
7.150000000000000000e+02 3.456767717408959495e-02
7.160000000000000000e+02 3.443425121219603063e-02
7.170000000000000000e+02 3.430363828451979402e-02
7.180000000000000000e+02 3.417451873078182489e-02
7.190000000000000000e+02 3.404878959121441367e-02
7.200000000000000000e+02 3.392715542867286160e-02
7.210000000000000000e+02 3.380829508430386460e-02
7.220000000000000000e+02 3.369124940880376812e-02
7.230000000000000000e+02 3.357537937918129989e-02
7.240000000000000000e+02 3.346151323395333416e-02
7.250000000000000000e+02 3.334781015712542235e-02
7.260000000000000000e+02 3.323484553728890678e-02
7.270000000000000000e+02 3.312279233928688837e-02
7.280000000000000000e+02 3.300685858051972260e-02
7.290000000000000000e+02 3.288930715402414023e-02
7.300000000000000000e+02 3.277263780357796141e-02
7.310000000000000000e+02 3.265549847809524897e-02
7.320000000000000000e+02 3.253826334414645222e-02
7.330000000000000000e+02 3.242286310473127542e-02
7.340000000000000000e+02 3.230774549727456757e-02
7.350000000000000000e+02 3.219166871199624635e-02
7.360000000000000000e+02 3.207612237635049102e-02
7.370000000000000000e+02 3.196046672925471899e-02
7.380000000000000000e+02 3.184298011023426606e-02
7.390000000000000000e+02 3.172486313406543829e-02
7.400000000000000000e+02 3.160634547375375941e-02
7.410000000000000000e+02 3.148820912258371713e-02
7.420000000000000000e+02 3.137134276507835134e-02
7.430000000000000000e+02 3.125537833191411458e-02
7.440000000000000000e+02 3.114076999600848966e-02
7.450000000000000000e+02 3.102666077735102140e-02
7.460000000000000000e+02 3.091382831653633964e-02
7.470000000000000000e+02 3.080428577269425303e-02
7.480000000000000000e+02 3.069819971734549444e-02
7.490000000000000000e+02 3.059315651320194604e-02
7.500000000000000000e+02 3.048816826578209377e-02
7.510000000000000000e+02 3.038266741549850228e-02
7.520000000000000000e+02 3.027834929084869536e-02
7.530000000000000000e+02 3.017617739366624044e-02
7.540000000000000000e+02 3.007422685904579882e-02
7.550000000000000000e+02 2.997314092372802691e-02
7.560000000000000000e+02 2.987276933640981708e-02
7.570000000000000000e+02 2.977440469787409269e-02
7.580000000000000000e+02 2.968086125826897154e-02
7.590000000000000000e+02 2.959035578797701571e-02
7.600000000000000000e+02 2.950040364213784086e-02
7.610000000000000000e+02 2.940943377930496302e-02
7.620000000000000000e+02 2.931592791201602377e-02
7.630000000000000000e+02 2.922024602303240418e-02
7.640000000000000000e+02 2.912484521100767651e-02
7.650000000000000000e+02 2.903186719843168020e-02
7.660000000000000000e+02 2.894230749823414536e-02
7.670000000000000000e+02 2.885672061234483346e-02
7.680000000000000000e+02 2.877298335777465910e-02
7.690000000000000000e+02 2.868875405744754012e-02
7.700000000000000000e+02 2.860196581006843944e-02
7.710000000000000000e+02 2.851278140698892613e-02
7.720000000000000000e+02 2.842187798261197260e-02
7.730000000000000000e+02 2.833174377340252209e-02
7.740000000000000000e+02 2.824490662481314585e-02
7.750000000000000000e+02 2.816216846859649972e-02
7.760000000000000000e+02 2.808216277840117417e-02
7.770000000000000000e+02 2.800019426116885993e-02
7.780000000000000000e+02 2.791346018708596929e-02
7.790000000000000000e+02 2.782263770056756999e-02
7.800000000000000000e+02 2.772866928742731205e-02
7.810000000000000000e+02 2.763218367664475872e-02
7.820000000000000000e+02 2.753507777850180277e-02
7.830000000000000000e+02 2.744003286546489034e-02
7.840000000000000000e+02 2.734677101042982950e-02
7.850000000000000000e+02 2.725352583448192520e-02
7.860000000000000000e+02 2.716006822819514582e-02
7.870000000000000000e+02 2.706550077125696036e-02
7.880000000000000000e+02 2.697220892833724487e-02
7.890000000000000000e+02 2.688041479346054557e-02
7.900000000000000000e+02 2.679200923145658164e-02
7.910000000000000000e+02 2.670758811328963547e-02
7.920000000000000000e+02 2.662469303028739201e-02
7.930000000000000000e+02 2.654388021178402668e-02
7.940000000000000000e+02 2.646546850379509486e-02
7.950000000000000000e+02 2.638991161286107986e-02
7.960000000000000000e+02 2.631892952245346723e-02
7.970000000000000000e+02 2.625023083057682546e-02
7.980000000000000000e+02 2.618236287320029054e-02
7.990000000000000000e+02 2.611699841223940124e-02
8.000000000000000000e+02 2.605214958888004903e-02
8.010000000000000000e+02 2.598354877673982738e-02
8.020000000000000000e+02 2.591145015128049761e-02
8.030000000000000000e+02 2.583667224911525770e-02
8.040000000000000000e+02 2.575824628724227364e-02
8.050000000000000000e+02 2.567589082062099112e-02
8.060000000000000000e+02 2.558873795232370282e-02
8.070000000000000000e+02 2.549905866145873654e-02
8.080000000000000000e+02 2.541132089649725256e-02
8.090000000000000000e+02 2.532729296382960071e-02
8.100000000000000000e+02 2.524837645673015663e-02
8.110000000000000000e+02 2.517452898564858862e-02
8.120000000000000000e+02 2.510501359157385828e-02
8.130000000000000000e+02 2.503978564817584476e-02
8.140000000000000000e+02 2.497544316738911294e-02
8.150000000000000000e+02 2.490969240247057140e-02
8.160000000000000000e+02 2.484118405364463614e-02
8.170000000000000000e+02 2.476932322255987265e-02
8.180000000000000000e+02 2.469501824018949590e-02
8.190000000000000000e+02 2.461846747023451257e-02
8.200000000000000000e+02 2.454292499328556212e-02
8.210000000000000000e+02 2.447184726569270538e-02
8.220000000000000000e+02 2.440230991899402721e-02
8.230000000000000000e+02 2.433244086494467870e-02
8.240000000000000000e+02 2.426216399581073921e-02
8.250000000000000000e+02 2.418885579974612218e-02
8.260000000000000000e+02 2.411522017221929756e-02
8.270000000000000000e+02 2.404432572975431781e-02
8.280000000000000000e+02 2.397562270077078020e-02
8.290000000000000000e+02 2.391000362558641165e-02
8.300000000000000000e+02 2.384668439024832318e-02
8.310000000000000000e+02 2.378421375126628379e-02
8.320000000000000000e+02 2.372241946882150399e-02
8.330000000000000000e+02 2.366111663873303808e-02
8.340000000000000000e+02 2.359866202243150746e-02
8.350000000000000000e+02 2.353487981400215201e-02
8.360000000000000000e+02 2.346879157248562761e-02
8.370000000000000000e+02 2.339937259128850935e-02
8.380000000000000000e+02 2.332612406626261015e-02
8.390000000000000000e+02 2.324747930152870276e-02
8.400000000000000000e+02 2.316463589017503377e-02
8.410000000000000000e+02 2.308215761007358785e-02
8.420000000000000000e+02 2.300149534414560812e-02
8.430000000000000000e+02 2.292230538713816920e-02
8.440000000000000000e+02 2.284592649238806686e-02
8.450000000000000000e+02 2.277396280395320785e-02
8.460000000000000000e+02 2.270241637664448253e-02
8.470000000000000000e+02 2.262793664377017386e-02
8.480000000000000000e+02 2.255277842772715480e-02
8.490000000000000000e+02 2.247860460959845777e-02
8.500000000000000000e+02 2.240504001027821337e-02
8.510000000000000000e+02 2.233211676266032286e-02
8.520000000000000000e+02 2.226025094028608389e-02
8.530000000000000000e+02 2.218770148413756402e-02
8.540000000000000000e+02 2.211570157743375856e-02
8.550000000000000000e+02 2.204475774162257748e-02
8.560000000000000000e+02 2.197553062753614117e-02
8.570000000000000000e+02 2.190778825722545023e-02
8.580000000000000000e+02 2.184032369731835066e-02
8.590000000000000000e+02 2.177321936534164920e-02
8.600000000000000000e+02 2.170471380670383268e-02
8.610000000000000000e+02 2.163405671435377625e-02
8.620000000000000000e+02 2.156239949103434805e-02
8.630000000000000000e+02 2.148812068290440608e-02
8.640000000000000000e+02 2.140957667147429591e-02
8.650000000000000000e+02 2.132508069768281056e-02
8.660000000000000000e+02 2.123663005367136536e-02
8.670000000000000000e+02 2.114548627805898362e-02
8.680000000000000000e+02 2.105331459016844889e-02
8.690000000000000000e+02 2.096138440875650044e-02
8.700000000000000000e+02 2.086878305307075798e-02
8.710000000000000000e+02 2.077544744885740161e-02
8.720000000000000000e+02 2.068252291819077174e-02
8.730000000000000000e+02 2.059078972791596185e-02
8.740000000000000000e+02 2.050262951473542927e-02
8.750000000000000000e+02 2.041863765405016809e-02
8.760000000000000000e+02 2.033695331647064619e-02
8.770000000000000000e+02 2.025852882201439886e-02
8.780000000000000000e+02 2.018243875463585427e-02
8.790000000000000000e+02 2.010506143957530717e-02
8.800000000000000000e+02 2.002537411077590090e-02
8.810000000000000000e+02 1.994616549413720519e-02
8.820000000000000000e+02 1.986891862051780311e-02
8.830000000000000000e+02 1.979283796806854262e-02
8.840000000000000000e+02 1.971858003226924921e-02
8.850000000000000000e+02 1.964711772203301884e-02
8.860000000000000000e+02 1.957711358952764560e-02
8.870000000000000000e+02 1.950808394696052980e-02
8.880000000000000000e+02 1.944036784774058266e-02
8.890000000000000000e+02 1.937179238740103712e-02
8.900000000000000000e+02 1.930192809376543583e-02
8.910000000000000000e+02 1.923057446702726783e-02
8.920000000000000000e+02 1.915942243238790560e-02
8.930000000000000000e+02 1.908877190516963113e-02
8.940000000000000000e+02 1.901739646919064705e-02
8.950000000000000000e+02 1.894734917334845586e-02
8.960000000000000000e+02 1.888019773283340641e-02
8.970000000000000000e+02 1.881423892299256134e-02
8.980000000000000000e+02 1.874825766459276358e-02
8.990000000000000000e+02 1.868208072314557489e-02
9.000000000000000000e+02 1.861677463377368544e-02
9.010000000000000000e+02 1.855342735860360248e-02
9.020000000000000000e+02 1.849087236704703013e-02
9.030000000000000000e+02 1.842808032383103090e-02
9.040000000000000000e+02 1.836471358123360417e-02
9.050000000000000000e+02 1.830094186207100945e-02
9.060000000000000000e+02 1.823785274693117894e-02
9.070000000000000000e+02 1.817749100679715360e-02
9.080000000000000000e+02 1.812245610156186168e-02
9.090000000000000000e+02 1.807350954994556627e-02
9.100000000000000000e+02 1.802951687278420492e-02
9.110000000000000000e+02 1.798762241849523325e-02
9.120000000000000000e+02 1.794561721205016266e-02
9.130000000000000000e+02 1.790214820516122449e-02
9.140000000000000000e+02 1.785337548313261150e-02
9.150000000000000000e+02 1.779794508113707527e-02
9.160000000000000000e+02 1.773808171275351869e-02
9.170000000000000000e+02 1.767603794194974945e-02
9.180000000000000000e+02 1.761525296996434634e-02
9.190000000000000000e+02 1.755757002522775195e-02
9.200000000000000000e+02 1.750304701697804471e-02
9.210000000000000000e+02 1.744867766779339621e-02
9.220000000000000000e+02 1.739006280393441337e-02
9.230000000000000000e+02 1.732529167958769128e-02
9.240000000000000000e+02 1.725894027887189819e-02
9.250000000000000000e+02 1.719720342823326600e-02
9.260000000000000000e+02 1.713841595080535171e-02
9.270000000000000000e+02 1.708288935989047200e-02
9.280000000000000000e+02 1.703069761986661379e-02
9.290000000000000000e+02 1.698072905684906014e-02
9.300000000000000000e+02 1.693420607635737901e-02
9.310000000000000000e+02 1.688855600453796277e-02
9.320000000000000000e+02 1.684488654587489725e-02
9.330000000000000000e+02 1.680522183116461843e-02
9.340000000000000000e+02 1.676732393325357923e-02
9.350000000000000000e+02 1.672957589438705400e-02
9.360000000000000000e+02 1.669189133855291524e-02
9.370000000000000000e+02 1.665273781552717436e-02
9.380000000000000000e+02 1.660908767453271942e-02
9.390000000000000000e+02 1.656154371807933706e-02
9.400000000000000000e+02 1.651232373455056163e-02
9.410000000000000000e+02 1.646218664156272327e-02
9.420000000000000000e+02 1.641223419862826785e-02
9.430000000000000000e+02 1.636471817586906616e-02
9.440000000000000000e+02 1.631833806463294304e-02
9.450000000000000000e+02 1.627347632992741724e-02
9.460000000000000000e+02 1.623304576402267996e-02
9.470000000000000000e+02 1.619409092058713209e-02
9.480000000000000000e+02 1.615525379752813517e-02
9.490000000000000000e+02 1.611428239119462244e-02
9.500000000000000000e+02 1.607013836651042041e-02
9.510000000000000000e+02 1.602330809839343576e-02
9.520000000000000000e+02 1.597450603822325038e-02
9.530000000000000000e+02 1.592615599691385789e-02
9.540000000000000000e+02 1.587928523041650872e-02
9.550000000000000000e+02 1.583587251945707541e-02
9.560000000000000000e+02 1.579643396538873978e-02
9.570000000000000000e+02 1.575845232857614811e-02
9.580000000000000000e+02 1.572096661319058453e-02
9.590000000000000000e+02 1.568309081772952321e-02
9.600000000000000000e+02 1.564401129819084288e-02
9.610000000000000000e+02 1.560414718180633785e-02
9.620000000000000000e+02 1.556643189347348306e-02
9.630000000000000000e+02 1.552952527695302364e-02
9.640000000000000000e+02 1.549335676300464190e-02
9.650000000000000000e+02 1.545907740350498799e-02
9.660000000000000000e+02 1.542516650649983570e-02
9.670000000000000000e+02 1.538971962663017098e-02
9.680000000000000000e+02 1.535178560166530759e-02
9.690000000000000000e+02 1.531287183754366683e-02
9.700000000000000000e+02 1.527616003912160569e-02
9.710000000000000000e+02 1.524056434018966795e-02
9.720000000000000000e+02 1.520636914722212941e-02
9.730000000000000000e+02 1.517311019422926816e-02
9.740000000000000000e+02 1.513828896484607778e-02
9.750000000000000000e+02 1.510089009173606715e-02
9.760000000000000000e+02 1.506070325437604968e-02
9.770000000000000000e+02 1.501930748982132843e-02
9.780000000000000000e+02 1.497899538139704778e-02
9.790000000000000000e+02 1.493855881952372427e-02
9.800000000000000000e+02 1.489602097885431124e-02
9.810000000000000000e+02 1.485091925807108248e-02
9.820000000000000000e+02 1.480254546409989769e-02
9.830000000000000000e+02 1.475228996909419901e-02
9.840000000000000000e+02 1.470102075812474048e-02
9.850000000000000000e+02 1.464906309102967201e-02
9.860000000000000000e+02 1.459848311104005800e-02
9.870000000000000000e+02 1.454985385838336240e-02
9.880000000000000000e+02 1.450345914764237902e-02
9.890000000000000000e+02 1.445724060202339262e-02
9.900000000000000000e+02 1.440997293715714535e-02
9.910000000000000000e+02 1.436028251103296620e-02
9.920000000000000000e+02 1.430909004371187787e-02
9.930000000000000000e+02 1.425737727749680668e-02
9.940000000000000000e+02 1.420569753230560561e-02
9.950000000000000000e+02 1.415155320834061980e-02
9.960000000000000000e+02 1.409122216287713239e-02
9.970000000000000000e+02 1.402778377612713678e-02
9.980000000000000000e+02 1.396269326128513066e-02
9.990000000000000000e+02 1.389684683683802165e-02
1.000000000000000000e+03 1.383150370596619022e-02
