# Random field Heisenberg chain
# L=14, J=1, Delta=1, W=2.0, h_i in [-W,W]
# Correlations between the projections of spin imbalance on Anderson LIOMs and the relaxation rates Gamma_alpha=1/tau_alpha
# Gamma_alpha 

   0.003470741712826 0.43215802
   0.006314445102917 0.46157496
   0.061419894673924 0.05211052
   0.008380842816478 0.60443964
   0.487907266174169 0.05702844
   0.436745522998461 0.03239866
   0.448757689426852 0.19596766
   0.358723971159064 0.22513120
   0.437895470039694 0.00199962
   0.529700742258282 0.02254910
   0.315372094420550 0.29353856
   0.048011111675390 0.02676450
   0.032226640163107 0.45150168
   0.099182481518335 0.02581250
   0.007317403028207 0.33457564
   0.005200653922973 0.52144008
   0.003584163476786 0.68717222
   0.092532735817740 0.05731194
   0.089056727865232 0.00088158
   0.244035328878901 0.06403964
   0.505639659943836 0.40294310
   0.425647424218311 0.34428184
   0.205804581960445 0.21899234
   0.227517300420095 0.17064586
   0.123474462628513 0.46755870
   0.040433858940288 0.05251428
   0.044438390451448 0.35814912
   0.069226922387590 0.18857650
   0.006096350014408 0.54490478
   0.018256377282326 0.41716710
   0.008759868674015 0.44361730
   0.003106706325266 0.13060054
   0.025753165043330 0.73984708
   0.016131173134904 0.44531508
   0.023720907288604 0.02285360
   0.078536785124099 0.56844970
   0.002436638533847 0.51888298
   0.033439996046360 0.38703700
   0.008684735805095 0.23591190
   0.000745747983440 0.45051146
   0.000000000000000 0.58641436
   0.000000000000000 0.80059826
   0.046395676494440 0.21285110
   0.272488421521210 0.23696862
   0.135809455751996 0.05517666
   0.018390218213464 0.21304766
   0.269639271314730 0.22582854
   0.198959924435347 0.14289310
   0.245702347530054 0.18273402
   0.142187944586150 0.06652002
   0.230919723472886 0.09989238
   0.059722747488047 0.27334874
   0.352189705688394 0.01234520
   0.287004854508317 0.55977642
   0.021863243457935 0.22107834
   0.011967978747185 0.25832576
   0.000910393593274 0.76161820
   0.002430646825001 0.51768010
   0.002274967867848 0.75665212
   0.058813186394634 0.12835550
   0.028994969846692 0.38168606
   0.159883679527541 0.24197460
   0.090497839025310 0.06806254
   0.117767815613597 0.14969976
   0.180934082899586 0.30343404
   0.172627327155378 0.69291782
   0.037182897355142 0.60967046
   0.053596273905609 0.05955418
   0.010252447455535 0.05248376
   0.015589246965789 0.39454940
   0.012245847595727 0.39883620
   0.004260127327517 0.46424476
   0.216258823837466 0.22217818
   0.193845158145143 0.58773694
   0.052516615725693 0.00115668
   0.410299169064935 0.00536900
   0.456453361155612 0.10541832
   0.462803441277816 0.07465290
   0.137804136672101 0.36091286
   0.386415937615948 0.07579362
   0.046861563901282 0.38314066
   0.013682408420986 0.16994124
   0.000000000000000 0.74816392
   0.000650177401895 0.60841872
   0.061619546504046 0.32470228
   0.015429728546330 0.51543758
   0.189456182106542 0.04708872
   0.090446115174728 0.35985012
   0.343063389046871 0.16037672
   0.271784557560163 0.36534526
   0.158288167088722 0.01525706
   0.413413725692934 0.09336278
   0.509171397473412 0.24426038
   0.504804349820653 0.42578620
   0.507336992746457 0.02008664
   0.414262893234410 0.00113736
   0.072881278465887 0.00026922
   0.046236494184338 0.15255142
   0.001117504935719 0.01454292
   0.014893524280453 0.07180082
   0.000000000000000 0.67808790
   0.025854591653128 0.28567812
   0.036387532718278 0.33630954
   0.040460705475507 0.00024934
   0.034039448304586 0.14784000
   0.007489369031145 0.39885468
   0.287115059208979 0.35202062
   0.299274380089486 0.35605906
   0.001093787555156 0.60303600
   0.000000000000000 0.42369236
   0.000000000000000 0.66972920
   0.000000000000000 0.77500976
   0.144179206173736 0.10956974
   0.076140043037789 0.32454982
   0.217214358896095 0.04702516
   0.375931592099469 0.09470594
   0.428670619216213 0.05061182
   0.480701669121770 0.17954090
   0.472675358177663 0.28987476
   0.485974157011823 0.00922866
   0.485253450635440 0.08131004
   0.493836569195344 0.00013636
   0.302623465362092 0.16056194
   0.174447522163520 0.06496910
   0.228143316351275 0.38563756
   0.150947549656249 0.22374632
   0.028760734968011 0.00020482
   0.171654572040439 0.35215642
   0.158098244763948 0.04735892
   0.090946417017960 0.35208600
   0.119861825546024 0.02530304
   0.399511168525599 0.05422130
   0.402154587545173 0.00003220
   0.316625270043915 0.00397334
   0.349536743231756 0.01186416
   0.297688436430066 0.43231776
   0.087100278441087 0.51616782
   0.372197666929102 0.05955684
   0.137848447753031 0.03797276
   0.053502526344110 0.06855464
   0.003248585474723 0.73820950
   0.010274040175939 0.65544542
   0.031436547155908 0.00093562
   0.093151763280370 0.20075692
   0.101031089387358 0.18187484
   0.045457226983021 0.02235170
   0.097000767091167 0.44380518
   0.273116804931406 0.00103950
   0.031627454861604 0.22376228
   0.364548413799437 0.05750514
   0.127971803465112 0.34477366
   0.139769497107993 0.35700602
   0.068696597196600 0.15332590
   0.018138450479521 0.54395698
   0.015230949922292 0.18490220
   0.062140810073139 0.00388458
   0.520143679690719 0.00070826
   0.447079970055056 0.00745374
   0.492693047837517 0.00226002
   0.356127959527120 0.24407950
   0.343713519451577 0.14602252
   0.095624386187838 0.28771540
   0.337076115665905 0.02485980
   0.085628186236770 0.26924100
   0.279688158476912 0.02403940
   0.015329760329578 0.54371660
   0.176395839773301 0.01083222
   0.022734159641747 0.16410758
   0.015283737251778 0.28720734
   0.156212916039612 0.05867008
   0.287825249585463 0.43261582
   0.135859744497573 0.00161154
   0.087002474152511 0.08859550
   0.168663401154034 0.04681740
   0.269410407913228 0.01909908
   0.085924402361750 0.19138602
   0.423016556660248 0.00706916
   0.312822067549600 0.19015934
   0.402415696089026 0.04484158
   0.094544775922969 0.26856648
   0.114914415703341 0.03418240
   0.008947262287364 0.60445000
   0.031603611509094 0.00251972
   0.013377485278352 0.00000294
   0.011408392410674 0.00134988
   0.151168063247732 0.68217044
   0.105246581404942 0.01072176
   0.041294600962160 0.01049496
   0.147789809782632 0.02049964
   0.116496964782702 0.17446912
   0.289297195544105 0.03995614
   0.027207444492534 0.22636138
   0.186778598269964 0.50270542
   0.003261636170420 0.36699054
   0.007702053553810 0.22471386
   0.000000000000000 0.68923302
   0.027384585943008 0.22180018
   0.016714986662040 0.00231994
   0.011587016419063 0.66167822
   0.064420634927594 0.70043498
   0.264676337653709 0.05061084
   0.310326046241611 0.03902430
   0.027041787054745 0.53240250
   0.318304020241598 0.27309142
   0.019084246215179 0.27731872
   0.341898875394234 0.08289400
   0.299609334077027 0.37407034
   0.043440706926466 0.09035530
   0.006188926407001 0.31543218
   0.000000000000000 0.79868978
   0.031568863293193 0.13515026
   0.191801201692936 0.04253144
   0.315441050546639 0.80473848
   0.011702579474089 0.61951372
   0.380778911108578 0.16893254
   0.193278205328154 0.17561796
   0.211237151321284 0.00003808
   0.111832646852324 0.16065952
   0.032100527283138 0.11572372
   0.163201604048444 0.03681244
   0.185165256196082 0.15451240
   0.393231817679037 0.17334534
   0.288970568509785 0.29426320
   0.020655198897961 0.52854144
   0.004428876302998 0.21259420
   0.004108305509409 0.59876880
   0.000344013572477 0.77855596
   0.009742573370154 0.25886518
   0.032670135512640 0.07797020
   0.017108649393311 0.08235892
   0.013346170576648 0.15965068
   0.131856284508091 0.20350918
   0.119982910492661 0.01713880
   0.279050602115957 0.13250972
   0.167736218194692 0.20882190
   0.005807849686256 0.00286832
   0.001173221405273 0.74510786
   0.004518939821808 0.00046438
   0.004045770293496 0.47692694
   0.005782406516797 0.16813440
   0.011097201326699 0.66611384
   0.031757409467311 0.45000550
   0.136502961253275 0.36589266
   0.063103039904110 0.35142086
   0.009018002826813 0.11138050
   0.049209075526231 0.15151626
   0.044390884114380 0.40071430
   0.014388294029027 0.61271308
   0.009165585855254 0.32949966
   0.093299636723833 0.26227222
   0.000000000000000 0.77866824
   0.003854575142060 0.13220228
   0.015833742947290 0.07771134
   0.018811706640332 0.17446618
   0.008418020202776 0.43944824
   0.084277674797634 0.21768894
   0.141240141915195 0.16390626
   0.210003207541444 0.22221626
   0.347419476372649 0.16017904
   0.517699152269458 0.03270414
   0.289088385280593 0.00319970
   0.123961094103755 0.01549548
   0.300432105507750 0.00326914
   0.009156301542517 0.47020162
   0.066029611020142 0.00005474
   0.017161977599623 0.14403984
   0.055821520096638 0.27407170
   0.367906964457988 0.00828226
   0.370507891887143 0.14003038
   0.003747886773456 0.61087502
   0.282153574315728 0.04359978
   0.231053448354078 0.06475364
   0.414834446861564 0.00960386
   0.064614001124453 0.14423626
   0.180658728358634 0.00545972
   0.018813302768476 0.52130722
   0.129739481181583 0.01879248
   0.195604725389702 0.00326452
   0.107738305708710 0.16905308
   0.001151965154657 0.67722802
   0.015963716798171 0.37428860
   0.018415482129615 0.00222124
   0.437261322256058 0.20959624
   0.289276794808831 0.58863280
   0.398039972161990 0.24693158
   0.282802742118965 0.00997626
   0.211287139969232 0.05402600
   0.066662644614409 0.02941834
   0.024222351445776 0.42673652
   0.082395566746673 0.35052332
   0.054240056794571 0.28748104
   0.027313626879501 0.62785940
   0.002150725413864 0.73458392
   0.033347749610444 0.37003932
   0.005641960908896 0.51445912
   0.057858755678708 0.01965292
   0.471253342698591 0.02024008
   0.519497870224484 0.10471090
   0.265452145388900 0.14529270
   0.368073893294793 0.67565456
   0.255045934171101 0.39041170
   0.215238869234050 0.06413638
   0.164913938610342 0.19199166
   0.271456903405256 0.13786178
   0.340088151209921 0.12699064
   0.527458632513798 0.03592106
   0.166528872229528 0.70195874
   0.022704666609002 0.04979898
   0.009644723793399 0.60924136
   0.041210835491426 0.42711550
   0.139742661056146 0.22079722
   0.168874112221385 0.00983430
   0.116240296690945 0.23194598
   0.161814279546107 0.39589480
   0.331261086074218 0.01716414
   0.248556092608983 0.36701812
   0.356261343278647 0.12756198
   0.109607292872099 0.13778142
   0.175343765760186 0.19711188
   0.331108006639425 0.05884368
   0.432394753521055 0.03726408
   0.079313035153576 0.01316238
   0.007065293136107 0.59668112
   0.064391979166023 0.38883810
   0.234348885757536 0.10301298
   0.167568500459533 0.75615218
   0.056464891491334 0.12429018
   0.364139003421164 0.32284798
   0.402327127928452 0.15292438
   0.499225765920399 0.16533258
   0.437491966362564 0.17982664
   0.295275599401427 0.19761364
   0.166945711175233 0.35480564
   0.024493826014908 0.57701784
   0.057637237761241 0.00785414
   0.005133688440945 0.54650820
   0.034773242135089 0.57958698
   0.159377899520286 0.59772664
   0.059475380729898 0.39129062
   0.044823460097176 0.71392482
   0.048717605891817 0.55414408
   0.001883144243455 0.39812164
   0.028673656528780 0.26419652
   0.016825643773438 0.61962922
   0.042306340397721 0.45731924
   0.203837162528289 0.64959230
   0.187558319281427 0.53239004
   0.066571352294485 0.05072620
   0.003732358874296 0.18852218
   0.001718375294783 0.56076790
   0.079763210293706 0.04503870
   0.021906754857690 0.33731460
   0.247946942694947 0.03156244
   0.369737039435886 0.69437326
   0.454504404350473 0.12626740
   0.471276687666405 0.23053828
   0.367882990710877 0.31569636
   0.421637734755609 0.09826348
   0.512748462821812 0.34704726
   0.299879520805282 0.22176238
   0.112821427202465 0.49131292
   0.057019289171772 0.38861914
   0.060856566410148 0.28941080
   0.018849544112729 0.59470194
   0.004134279722765 0.12989886
   0.007643900191694 0.01252566
   0.017764459644468 0.90878872
   0.001608106719615 0.64479338
   0.039524685488441 0.09204692
   0.126828756484594 0.00735364
   0.016687551463254 0.12630940
   0.222589313926566 0.61864922
   0.016286796689154 0.20598368
   0.002859865585888 0.36792910
   0.002148183871809 0.53289614
   0.001092189445574 0.73481268
   0.000000000000000 0.76238792
   0.000000000000000 0.39172896
   0.010699958562539 0.47882016
   0.218067859043908 0.00588672
   0.284664020173474 0.03697890
   0.394888527709922 0.09274482
   0.471198520775660 0.16070502
   0.329138572314055 0.42526750
   0.488809523174252 0.02379090
   0.356088246853798 0.31543834
   0.273245990865757 0.01931622
   0.295949598929919 0.12902316
   0.198408410129391 0.03792544
   0.028467350688570 0.27314532
   0.167133410746634 0.06785548
   0.060916847018628 0.08331386
   0.003110267029325 0.52988348
   0.004809155555734 0.21818580
   0.007420058645285 0.69445194
   0.001290220792288 0.75134696
   0.007122166819770 0.13858474
   0.019741755367104 0.54210072
   0.059993258605784 0.52677422
   0.148449835248563 0.00764512
   0.007063792782718 0.21345632
   0.151058475611222 0.01628326
   0.139574224005417 0.00009212
   0.003127779016716 0.79853536
   0.000719923234825 0.20394472
   0.010396429447681 0.05116930
   0.024077931354772 0.74252738
   0.000000000000000 0.18686990
   0.023314013937608 0.86105726
   0.272171276891758 0.05890290
   0.298233310596254 0.01054970
   0.000000000000000 0.64041082
   0.068852552194523 0.11430916
   0.129113584880932 0.00120624
   0.031147191972042 0.16586892
   0.004150657439044 0.60007388
   0.018418127562102 0.07083566
   0.000000000000000 0.79440256
   0.000000000000000 0.57953952
   0.000000000000000 0.09456286
   0.000000000000000 0.78740158
   0.004237604233859 0.11391688
   0.000999072365584 0.78189762
   0.004153328419333 0.66490788
   0.156727404151240 0.33614812
   0.139840420029019 0.17598910
   0.141781324160185 0.03725778
   0.163735592166921 0.23566074
   0.009793952375922 0.66671178
   0.039858227676490 0.03503822
   0.146322140499127 0.00294616
   0.085967849335670 0.59954762
   0.155310040164125 0.33266100
   0.003666720020887 0.00686070
   0.004776234884681 0.00029022
   0.000000000000000 0.78705340
   0.400922520001650 0.00772520
   0.112031080761051 0.25497360
   0.160927966411746 0.09446528
   0.004171812222937 0.39275894
   0.017304802715265 0.00466494
   0.117075270080714 0.10829756
   0.019278069806505 0.07105476
   0.077148404918340 0.17121496
   0.064093459400185 0.02516080
   0.050034216509447 0.43683934
   0.006023699190010 0.59455774
   0.003999768466385 0.28158396
   0.005802984235039 0.48247416
   0.009505258157565 0.52447472
   0.055617489913997 0.03054282
   0.059703433081250 0.29043434
   0.385627589055361 0.03330054
   0.429846031729861 0.16201948
   0.237257108102481 0.02669604
   0.262387461709159 0.11452448
   0.439281739408803 0.22246070
   0.434028137608433 0.48938526
   0.162873309384914 0.28227136
   0.050860314113433 0.00872228
   0.049091147788630 0.23539852
   0.015681617187838 0.37749852
   0.009657762920295 0.68266100
   0.014641722491283 0.75227544
   0.131236152430882 0.15877806
   0.228873722658129 0.46298952
   0.050651259988270 0.02190692
   0.314857842983648 0.00042196
   0.416545175781860 0.02262778
   0.277864469091559 0.19301716
   0.359829079507289 0.00392070
   0.334343477470038 0.00019558
   0.336332700716618 0.18231528
   0.167616676037251 0.44175838
   0.054548731783086 0.00213682
   0.035847036684649 0.35967778
   0.018386451640622 0.64468348
   0.018761522033470 0.60111940
   0.080639150501948 0.65271052
   0.073640334968297 0.84725382
   0.013304054920070 0.38176810
   0.151801775395793 0.34424138
   0.194450292351577 0.10630914
   0.275761827653055 0.03633686
   0.057145678550307 0.12834570
   0.029532804802739 0.27152384
   0.059612811880994 0.76548486
   0.053061383317704 0.59375162
   0.221041196250345 0.16249856
   0.009190071055309 0.00653324
   0.099722097034147 0.10285576
   0.325710365877421 0.00984788
   0.314184811411200 0.02154642
   0.035987946243445 0.41711152
   0.361822214799054 0.00296758
   0.340759893703918 0.07442232
   0.232553871734104 0.02358132
   0.334188668672339 0.16966278
   0.245430198597037 0.02881354
   0.227411018313248 0.18149978
   0.231743860807820 0.00015386
   0.086942208213886 0.15116122
   0.234368230128026 0.25659956
   0.044409671155128 0.02240350
   0.013737512968177 0.17996034
   0.009100526175516 0.43467354
   0.170806747872413 0.02573298
   0.120621901554592 0.10499174
   0.044813232762485 0.29494766
   0.305588575716631 0.18264050
   0.405496185895223 0.33776148
   0.133022083912411 0.13257090
   0.241836051057604 0.06616064
   0.032950258777990 0.02115960
   0.280037302762672 0.20945792
   0.379862374856195 0.25327988
   0.028748203922779 0.05984846
   0.000331722137022 0.73602816
   0.010612108955131 0.62459180
   0.010328408755976 0.91146972
   0.008693284314356 0.02193338
   0.012222106837378 0.76178410
   0.000000000000000 0.72554538
   0.194887221287116 0.41142570
   0.043680056252348 0.00074186
   0.000000000000000 0.66506272
   0.099254827538737 0.00001148
   0.097823973337867 0.75610038
   0.020589485404427 0.85309798
   0.007931589559632 0.00708610
   0.017485054705398 0.71369424
   0.000000000000000 0.83479718
   0.007154776437436 0.06859986
   0.002472791961101 0.55613460
   0.001114889516124 0.72093182
   0.110810689884533 0.65029258
   0.067385015318755 0.06522600
   0.011085819811832 0.56478786
   0.217275680057232 0.32901106
   0.261402187664668 0.06702458
   0.151467239658069 0.01633702
   0.040413056016127 0.11287542
   0.098218717466045 0.20102124
   0.006876103801443 0.01437660
   0.001397114412433 0.51997204
   0.001396762456618 0.01643964
   0.036390816358578 0.00963844
   0.022291388138089 0.02189740
   0.214587524512768 0.07577948
   0.109770158484797 0.07514864
   0.003155958320114 0.69877808
   0.176171457525391 0.08444268
   0.012701680158337 0.13905150
   0.067237848967935 0.18658864
   0.013662262439021 0.22997772
   0.028091470161302 0.00514332
   0.073891457796599 0.05418658
   0.033739752238269 0.10439142
   0.013273109121282 0.29065876
   0.003491046190675 0.65303630
   0.006881164784918 0.23723868
   0.003200794439239 0.64739570
   0.040377465877494 0.29048068
   0.185293972690508 0.44984506
   0.261797297630085 0.00046214
   0.093488372076892 0.00108528
   0.291291297079966 0.47436172
   0.437421219468556 0.20329008
   0.462569510739113 0.01662458
   0.229508626988001 0.11470438
   0.179423671791644 0.01231132
   0.377186338004269 0.10598252
   0.055210172765544 0.06876324
   0.001166384971757 0.76574554
   0.019682405243099 0.03494498
   0.048042887034198 0.02995846
   0.344937044204834 0.10570392
   0.379554894076384 0.19457438
   0.247267646584484 0.26201504
   0.485414468995598 0.06087718
   0.119682905778445 0.16878946
   0.451578830835014 0.02941834
   0.414497704319063 0.35995316
   0.308033830619143 0.26186286
   0.039301207146069 0.47992420
   0.147109565245170 0.00098672
   0.011550073246726 0.00322938
   0.004153835070904 0.00094024
   0.029437102166299 0.09746086
   0.015919226107820 0.57532958
   0.010045492651365 0.55930714
   0.116421632398043 0.09377634
   0.199920527575752 0.01400322
   0.299915789750374 0.37721418
   0.087440251181259 0.03294004
   0.335271735478954 0.00495222
   0.097573733684458 0.02829526
   0.100433468832527 0.01922606
   0.150996749349351 0.43350132
   0.392325231346836 0.07866208
   0.345837908281019 0.04659522
   0.110417387938569 0.07289254
   0.002057469040275 0.62530986
   0.004453631467703 0.50143394
   0.010511483713243 0.35403998
   0.331846818639310 0.22999452
   0.344798391773908 0.11282922
   0.497175306844863 0.42202902
   0.481812882030333 0.31328976
   0.462255921096341 0.29844038
   0.421134376846538 0.12956650
   0.159240957272172 0.10088624
   0.295194244235842 0.39411806
   0.234847919733171 0.21778512
   0.046379448569604 0.31598098
   0.027201153813117 0.19759040
   0.002417257742558 0.58816758
   0.005991619572717 0.60550742
   0.032712996354612 0.23513546
   0.023553201890190 0.47653410
   0.071550661948425 0.20107010
   0.115405368480733 0.17217242
   0.188194115527526 0.24642828
   0.164780124123379 0.36751036
   0.139745358079150 0.41707862
   0.123737881360457 0.01401274
   0.129662602278949 0.47972932
   0.101675647272707 0.15875706
   0.022554101915757 0.17104780
   0.017671919033180 0.00743442
   0.018324754722696 0.39834438
   0.010709463073640 0.25790730
   0.049649940019988 0.02903376
   0.205920833277898 0.53333938
   0.288869593712561 0.32062814
   0.321984472679804 0.00122724
   0.108736449739059 0.26914972
   0.213393880678639 0.00679000
   0.039753587114845 0.39958254
   0.156223700797498 0.12340118
   0.004835796702631 0.56038864
   0.172791387383685 0.00651378
   0.140092358595718 0.37813664
   0.058073595451453 0.35367878
   0.002863284233077 0.71316350
   0.025897922684798 0.33091842
   0.013102456092000 0.44544850
   0.106892876545458 0.23030070
   0.055340056542322 0.34896568
   0.056233241297212 0.00699482
   0.207629114815813 0.15684816
   0.255886762108261 0.08678964
   0.051974378961796 0.04021150
   0.036644920643777 0.53687564
   0.203643584389259 0.09150946
   0.057081783251741 0.50932966
   0.010922737888569 0.65922850
   0.026037137626876 0.20773732
   0.005308991970820 0.72887808
   0.111152459667460 0.13726328
   0.278680420846974 0.21408996
   0.345478376401513 0.36528310
   0.212008646610919 0.08896230
   0.223421579877242 0.14786058
   0.440420887931319 0.11988368
   0.394028588498847 0.00081466
   0.371248453961452 0.04421872
   0.304420693108081 0.15127350
   0.414744096934203 0.37705542
   0.460751387486140 0.34276130
   0.309490885454523 0.00663054
   0.049626405491038 0.02892036
   0.157607764257069 0.04931892
   0.085738457777189 0.08848476
   0.009516550340771 0.44482578
   0.211784517591240 0.62339648
   0.238999224815428 0.47751816
   0.252973461647156 0.05709466
   0.455321477664428 0.02326604
   0.308439909068833 0.00931238
   0.442931544442886 0.00736316
   0.404929880634906 0.03169446
   0.205494501229183 0.21958454
   0.035439881840697 0.00007532
   0.036537246260036 0.00189154
   0.009537817483816 0.00035798
   0.046736935838193 0.19768490
   0.045628833201181 0.21273168
   0.082086710720828 0.84674506
   0.107791559626883 0.79147992
   0.208583681250097 0.09726402
   0.039804373500074 0.27519338
   0.143230149933473 0.08625470
   0.127322038209727 0.25338614
   0.258538615147529 0.02387378
   0.175315686953265 0.07097272
   0.009626435604538 0.14172326
   0.095704567533491 0.06758864
   0.041516834663836 0.41746040
   0.002445075688545 0.15264242
   0.003038379274770 0.22485036
   0.005870925451973 0.19160162
   0.029570732644983 0.06073088
   0.197644876044670 0.51603916
   0.039855516641475 0.14356510
   0.086286582482553 0.18336164
   0.009161470125701 0.58328144
   0.054453180022161 0.05657050
   0.024045419694085 0.04843720
   0.240539858359879 0.02798572
   0.005360159632467 0.54388810
   0.101818374715563 0.15355816
   0.004585486267601 0.06310108
   0.005454523145008 0.06184654
   0.000000000000000 0.85034152
   0.348190166424397 0.07040278
   0.372184275050428 0.09136358
   0.351890356346681 0.50100372
   0.330997132621490 0.81896164
   0.487608462177200 0.23859724
   0.404696170235810 0.09580102
   0.387374689506668 0.00875308
   0.314530921147654 0.38642016
   0.017661880413178 0.17433192
   0.131232370807761 0.26868604
   0.000000000000000 0.73690806
   0.004728433990645 0.13190380
   0.018286012453350 0.29231846
   0.022189748250337 0.10599428
   0.002717917659427 0.65924110
   0.097141234742365 0.06132000
   0.179307949893122 0.04787370
   0.048086524512105 0.03274474
   0.313547875978781 0.04154962
   0.275590263231198 0.00076370
   0.079318692823267 0.19777282
   0.305111218510183 0.02828434
   0.442682004209704 0.00391202
   0.181068540009204 0.03242862
   0.025815204582558 0.25391352
   0.156486748066006 0.28210658
   0.029011478157268 0.00008638
   0.077069556058200 0.21237034
   0.161512661428879 0.10701110
   0.219423882186468 0.08218686
   0.260479599070018 0.25530344
   0.022429559485660 0.50459388
   0.256093072443941 0.32202576
   0.305651399459821 0.08785014
   0.422377496367074 0.44917390
   0.365819921998817 0.17549644
   0.252082511166637 0.25802630
   0.247283873680699 0.25409244
   0.047156722333204 0.51670654
   0.022029966565976 0.26956678
   0.009813723338427 0.44440592
   0.005269377169825 0.56027188
   0.003761898758455 0.64086764
   0.005982713545855 0.45357130
   0.038760564316688 0.29677158
   0.045216326695064 0.15618610
   0.213779542078875 0.02583518
   0.025567316398609 0.36539972
   0.283641013362322 0.53414354
   0.057598607067572 0.06355706
   0.109501124434577 0.35997066
   0.198745518271605 0.40861660
   0.241371108896413 0.18365886
   0.064948501858295 0.41961164
   0.007582478645080 0.41297802
   0.032196058487513 0.01773016
   0.035036603694482 0.08432284
   0.207757895128128 0.68653942
   0.071222622755485 0.44914492
   0.169664307752006 0.12743584
   0.421368302504616 0.00089040
   0.220639001919361 0.10458784
   0.143625613469842 0.17342402
   0.112442217010320 0.07378112
   0.322849446183638 0.59765328
   0.119995466930164 0.39619762
   0.019104285849901 0.18035444
   0.130761873644612 0.05608008
   0.028573113876297 0.51209032
   0.000000000000000 0.81277966
   0.000683214411379 0.25160128
   0.255217857785654 0.15468306
   0.261625285343762 0.10513426
   0.049868347061326 0.08262856
   0.120127769926066 0.01103634
   0.444887113510336 0.05137160
   0.293501523441124 0.01946238
   0.000092961738107 0.44696512
   0.009886766771065 0.35715862
   0.000572711721375 0.52740604
   0.000000000000000 0.70106792
   0.000000000000000 0.74377282
   0.000000000000000 0.39484158
   0.001576528069773 0.65657046
   0.001630631861865 0.64215004
   0.042034274950850 0.22457092
   0.089261110354848 0.67416286
   0.014134995194880 0.42013776
   0.030321548243165 0.26378240
   0.225050439661446 0.34227312
   0.138259973646087 0.20465284
   0.053568549155763 0.44831808
   0.117898156447007 0.19708668
   0.003444141597338 0.49347410
   0.003421552276440 0.66568152
   0.089209734799404 0.06104840
   0.004883548066909 0.00021532
   0.000000000000000 0.86338672
   0.004213037454368 0.47310564
   0.000810818556047 0.58895802
   0.016415319444091 0.61486166
   0.009539237309632 0.36457638
   0.020405338674309 0.71386322
   0.004880001412827 0.25262468
   0.015302649221440 0.24488170
   0.163322245064659 0.45966004
   0.176919500510424 0.00535570
   0.028765381060006 0.44966208
   0.006379514187149 0.22611470
   0.024125697752264 0.65829610
   0.002196400239779 0.00845754
   0.008800022583838 0.08594978
   0.015280135068122 0.24143952
   0.057310731718117 0.00896518
   0.086405626960062 0.73531752
   0.001884628162417 0.54061224
   0.162698206436028 0.27199186
   0.056023827382256 0.10315130
   0.006522240942590 0.02100112
   0.059509063340625 0.00400400
   0.098239061364159 0.52365166
   0.023601828832784 0.00173880
   0.000000000000000 0.79424240
   0.019713461605009 0.00786464
   0.002005012687196 0.00178864
   0.008210284986054 0.16368702
   0.000000000000000 0.79455194
   0.077516522997769 0.24440514
   0.002435509184573 0.37933476
   0.052452042070088 0.01091636
   0.065711647161460 0.45227154
   0.093420772699652 0.49218484
   0.021243358102772 0.13098960
   0.105936914769897 0.33331690
   0.008534462998482 0.15873382
   0.078919613983084 0.03310720
   0.003063759029976 0.68544602
   0.125253902077518 0.25831386
   0.114788502936355 0.05842298
   0.010929417397426 0.06118868
   0.010178409003383 0.24850210
   0.022274105740630 0.31395476
   0.109623842693061 0.03476788
   0.159050745687929 0.04730306
   0.314394553005270 0.09034872
   0.380391866512047 0.04000192
   0.055659093172108 0.11870348
   0.155704735976349 0.34150116
   0.372753815691046 0.08761914
   0.400832009592198 0.03983224
   0.009491232594387 0.50791804
   0.001917498557320 0.65928366
   0.011666278069966 0.04426380
   0.075164831803955 0.01358210
   0.116560802137341 0.22985130
   0.010122788632589 0.09195956
   0.221519134485629 0.35019376
   0.153191794809699 0.07200928
   0.083636003000941 0.09524676
   0.332272333768158 0.14931028
   0.286477982116375 0.00265790
   0.040066406025029 0.06586972
   0.066183748895326 0.03698380
   0.102938140026338 0.10205860
   0.005670723418483 0.50164940
   0.074704009541742 0.00781858
   0.012686185949470 0.46559422
   0.004774348505600 0.02255316
   0.111588933473896 0.23476306
   0.009462127528555 0.39182696
   0.080550933841185 0.77313418
   0.001525906389397 0.67319014
   0.027436740835085 0.52205146
   0.009152192705655 0.02051574
   0.051599679144469 0.06978706
   0.044103111831667 0.05130370
   0.002199798418084 0.21982898
   0.000484020556289 0.40940634
   0.000000000000000 0.79154026
   0.001370297243390 0.26196156
   0.000000000000000 0.78852802
   0.015437783183193 0.13795614
   0.207123026996570 0.03784032
   0.016537582214348 0.40704818
   0.370378207575253 0.00795578
   0.200692756765788 0.04148144
   0.113611909339429 0.01825404
   0.321572576624284 0.14687386
   0.382801113251112 0.03407572
   0.167764345876075 0.00827176
   0.328966519410417 0.26563292
   0.425452177331504 0.31941014
   0.124624647632305 0.04582998
   0.001616514632321 0.74120998
   0.030383042392383 0.27422290
   0.003010656667121 0.56193690
   0.006285505129481 0.60552366
   0.060460241226309 0.03466722
   0.032441544843431 0.39496856
   0.097537234887009 0.25027716
   0.312804104826963 0.14459802
   0.138254500270476 0.00179760
   0.228765601986506 0.65072084
   0.179280138144320 0.12674536
   0.269819471187005 0.50263724
   0.134002270107662 0.24602480
   0.301305005098544 0.30966572
   0.089309266598554 0.00091378
   0.214007126416204 0.19604522
   0.011713606410937 0.07146860
   0.458456141669375 0.02956282
   0.404607607489498 0.00172298
   0.165693025896666 0.49180110
   0.000000000000000 0.76831090
   0.075458882550847 0.04495008
   0.022064218635801 0.24116134
   0.014728457279891 0.17506426
   0.000000000000000 0.44703512
   0.048018132332886 0.57799420
   0.011396318624976 0.03235862
   0.029245198726280 0.23295286
   0.000000000000000 0.78882062
   0.001084430915897 0.03748794
   0.005670507456679 0.43061858
   0.007575960715053 0.27645310
   0.075448175621325 0.30237998
   0.051860236835915 0.51397892
   0.133703028736656 0.04756514
   0.153656653092838 0.27218184
   0.266380022075851 0.09441264
   0.393020487586923 0.03775002
   0.153960268961777 0.03945578
   0.074930266566205 0.63638246
   0.172262839376957 0.24015278
   0.000000000000000 0.75238464
   0.157679103945588 0.10980592
   0.315321041723106 0.04641826
   0.000357026194580 0.29575014
   0.000000000000000 0.78994692
   0.000000000000000 0.52595214
   0.036366156357425 0.32742598
   0.012492210879747 0.30494926
   0.046882545728444 0.13571796
   0.037061839072002 0.19917030
   0.105345856453952 0.24722768
   0.197360367656737 0.10446716
   0.114945548601796 0.18597502
   0.295045973954162 0.01787156
   0.303046743598642 0.00383516
   0.221900489497343 0.25832996
   0.093129981784202 0.16765994
   0.029997975560961 0.20426476
   0.032750821374897 0.30952852
   0.009004561552671 0.49524538
   0.235139423538816 0.16216424
   0.207810607590420 0.05413016
   0.109136384029562 0.00588126
   0.088216381826869 0.05811456
   0.051151231820279 0.00951020
   0.167761979026302 0.31379502
   0.250781029677980 0.05239080
   0.078980032747120 0.06171172
   0.377964273164352 0.19877914
   0.230933542581737 0.13501152
   0.030010104231252 0.21695072
   0.008077647047362 0.30848636
   0.000000000000000 0.82054882
   0.242577346818696 0.52125920
   0.278359934042894 0.04487770
   0.383851600048740 0.06398042
   0.296567195951685 0.15458142
   0.050397821804584 0.05296620
   0.232769804198515 0.16106706
   0.241830020479610 0.00378854
   0.158590888045675 0.30830184
   0.021460138772607 0.40569718
   0.022499674913680 0.51675064
   0.149639104134202 0.23043174
   0.069623582208603 0.11883634
   0.000000000000000 0.81219684
   0.098715393256007 0.55752340
   0.098616140666067 0.73737664
   0.004383611680195 0.59260796
   0.005477754932268 0.78276968
   0.072796667691684 0.00234038
   0.011026750847848 0.42703108
   0.181482077919962 0.42933170
   0.031357691875489 0.60794888
   0.032217619538948 0.01574874
   0.029362490542381 0.70943656
   0.021624143182116 0.84379288
   0.011442152646563 0.70404404
   0.037355244111983 0.49369390
   0.051579858178501 0.02008370
   0.004706360771255 0.07841974
   0.016923898057718 0.66620554
   0.271900466471215 0.06045186
   0.408707359416633 0.01327998
   0.019555098527427 0.02589370
   0.374356672853337 0.31699710
   0.281295135242924 0.27390566
   0.007319836765860 0.16736706
   0.170583947666031 0.02292052
   0.025151837818830 0.47962530
   0.001984675576567 0.28170548
   0.000000000000000 0.75839190
   0.000000000000000 0.30328536
   0.018015820536951 0.22170764
   0.010688998423288 0.69935712
   0.192772027534923 0.02968966
   0.283952519915893 0.09598400
   0.416202500145331 0.00000196
   0.146592414332940 0.53048016
   0.402064295402103 0.09047626
   0.385133763967761 0.13619802
   0.186483411342762 0.14593628
   0.032609421844356 0.22115198
   0.073742884417713 0.21410732
   0.047635189305664 0.42694666
   0.013963967656953 0.51290680
   0.035237862079246 0.12378940
   0.027724679237384 0.08023890
   0.146942439254301 0.01276086
   0.042644551690643 0.34281282
   0.146800936636289 0.29805076
   0.113423424190984 0.11399192
   0.276516230079916 0.09769550
   0.284196184978859 0.00312844
   0.250147494236886 0.01767500
   0.146206995345909 0.44793672
   0.350464578308261 0.09972144
   0.377994273584169 0.00183722
   0.087412216118205 0.23956492
   0.227657860960232 0.33763856
   0.108083777394590 0.12532716
   0.002832508861753 0.06244168
   0.003823505342775 0.08704052
   0.008145402043685 0.23386860
   0.015182932010281 0.04492810
   0.020716713955491 0.00883568
   0.032378778957682 0.26406044
   0.031830543493797 0.10928386
   0.011294908571903 0.47966702
   0.036037661692499 0.25048380
   0.003289447779831 0.21041524
   0.000000000000000 0.69037136
   0.043282012048839 0.42498708
   0.033862916577218 0.69979868
   0.050435426612866 0.37951858
   0.027153004814556 0.00665966
   0.018740935675967 0.40285546
   0.232136008616117 0.26964154
   0.443836128318566 0.09807182
   0.456627938809016 0.09907702
   0.454447977679966 0.34339774
   0.453664734453873 0.09015076
   0.537236477977391 0.35207214
   0.379449138762038 0.31333050
   0.335671093076841 0.09661918
   0.041438038850225 0.12562788
   0.268868630240356 0.44899372
   0.204682055430969 0.43412236
   0.007192945879645 0.23066820
   0.000000000000000 0.76242838
   0.000000000000000 0.68585720
   0.000227122219919 0.78035664
   0.052146278130822 0.20319082
   0.006254442849541 0.71583008
   0.060998963188442 0.39701032
   0.000863422310688 0.55104560
   0.066726558869533 0.63331604
   0.042458605769284 0.09192988
   0.001971365840069 0.63696584
   0.004335220076265 0.67411694
   0.005169836301706 0.66951234
   0.000000000000000 0.81808552
   0.001561861565418 0.66110576
   0.030466817813826 0.08182048
   0.086237731435747 0.23716574
   0.020530176017102 0.15839964
   0.108865442067922 0.03201156
   0.219336094437381 0.16580214
   0.037496611717715 0.34597122
   0.241443520605268 0.54892138
   0.067420765644629 0.25498648
   0.181263732089856 0.12100928
   0.156038673775690 0.69699392
   0.058063288430003 0.45726772
   0.076212032107450 0.34011222
   0.010279240938793 0.24110968
   0.019672539644844 0.48061720
   0.002755935293398 0.73126564
   0.004959016943021 0.75865076
   0.022918913696111 0.18118744
   0.041753855139588 0.06323114
   0.484316282311024 0.12382034
   0.464603387255081 0.08578318
   0.401354098642113 0.03944962
   0.439825660744013 0.18978582
   0.345989638303084 0.13305096
   0.528093457271783 0.01988378
   0.206745468529481 0.29443456
   0.061840585004182 0.24162334
   0.012421497059702 0.08774710
   0.006755794874678 0.51260902
   0.053018499017705 0.40759166
   0.173591199050950 0.60341848
   0.228061176364160 0.60404666
   0.274144142650129 0.00883876
   0.147761467321878 0.07893298
   0.119959860746730 0.22330672
   0.149271272942670 0.45950156
   0.384586871331109 0.02039758
   0.255133663991490 0.00095200
   0.019591518656412 0.65195452
   0.034318427874440 0.35911232
   0.089435942882943 0.07627312
   0.012742414832010 0.74481568
   0.012245293101372 0.04117162
   0.000818379035046 0.77529634
   0.023586263537929 0.43610392
   0.036324917862369 0.28183834
   0.043136871163772 0.36399566
   0.079632897834921 0.29599094
   0.183703939513391 0.01082998
   0.147380443440958 0.19836348
   0.156921319922855 0.08008686
   0.295901937693277 0.10065888
   0.355870505887845 0.11024468
   0.440048741991486 0.08102780
   0.042778653422846 0.33782812
   0.024045715905048 0.34956796
   0.021960726336797 0.01854020
   0.024671049744256 0.00061586
   0.154148547133806 0.28574056
   0.142072730658534 0.49093436
   0.322900389776991 0.56261506
   0.151757194457969 0.56686392
   0.137376408816307 0.02593206
   0.075427240407689 0.01549884
   0.145681655072765 0.00232960
   0.028811900583405 0.51643060
   0.006281145343179 0.52158694
   0.092242891317250 0.02336278
   0.019801203226134 0.21508746
   0.009298381791336 0.00007546
   0.001260865597543 0.22484588
   0.005513701215793 0.15904434
   0.003927301542649 0.28165578
   0.001055512731521 0.02705794
   0.285396665114911 0.38557806
   0.204774833115055 0.45584994
   0.128243553563127 0.01419222
   0.069761109746897 0.02898700
   0.086015608487684 0.32840962
   0.013809118906718 0.12008878
   0.009483253682421 0.00058912
   0.000000000000000 0.58196950
   0.000000000000000 0.72083564
   0.000000000000000 0.81375784
   0.000000000000000 0.85172962
   0.002126040802883 0.67256210
   0.103081808387029 0.60124498
   0.170724566248155 0.46517520
   0.039733657255415 0.07060494
   0.085027419401144 0.04132576
   0.322320583790270 0.17906448
   0.280714382686130 0.15323742
   0.124500643428330 0.03241154
   0.155792597076300 0.00790020
   0.139225181167754 0.02377886
   0.013962013716863 0.17771180
   0.002372967494979 0.82343464
   0.002063089168450 0.81218578
   0.013587575511189 0.16786630
   0.017287770527096 0.52119732
   0.007719025441998 0.37832088
   0.042870839676210 0.63849492
   0.040821258909792 0.30426088
   0.118253369897217 0.38485412
   0.191341849211259 0.00165410
   0.328842270914822 0.33224268
   0.466702591800248 0.14183316
   0.106525021041335 0.29966888
   0.318656738669760 0.23023000
   0.354707926231953 0.00402654
   0.349328704003787 0.28364826
   0.458702087107271 0.19501300
   0.033682996539622 0.00363622
   0.054623372849334 0.26069820
   0.104993822225736 0.88009908
   0.013987282272497 0.51400398
   0.053137115271890 0.25600484
   0.026875029570754 0.31283112
   0.194952149240857 0.00021770
   0.357540692025774 0.21794710
   0.379492174631042 0.41190128
   0.473266066662908 0.35363986
   0.193502549077215 0.10362632
   0.322610503843828 0.08080338
   0.292492551118930 0.29293894
   0.014825638576979 0.36001910
   0.124325364326021 0.07894306
   0.013876631325405 0.07443772
   0.004511167168822 0.76444802
   0.057171115269046 0.35877478
   0.059389135486210 0.16557058
   0.084269351626298 0.30837856
   0.017598724399663 0.33476450
   0.108542929861821 0.09396800
   0.282035539244629 0.00247338
   0.025404567416247 0.56016212
   0.249645803947484 0.01262366
   0.009306234184113 0.49850640
   0.284002764269968 0.01878982
   0.232958345247083 0.00136864
   0.027190121684747 0.51752260
   0.015894032210178 0.33569312
   0.011376269796378 0.65986970
   0.029950320992581 0.32182892
   0.177607244051830 0.00004760
   0.392024542698786 0.11185244
   0.332489258336609 0.03993878
   0.480586503298696 0.15549142
   0.414472007881851 0.00047250
   0.399424311709411 0.03192882
   0.023050025788565 0.64363936
   0.114044380828871 0.00612108
   0.146003390578519 0.02846102
   0.056276261926852 0.31486392
   0.013190974489287 0.02283232
   0.005128055954698 0.06608504
   0.115658005146501 0.46491466
   0.099217013896091 0.58345070
   0.006666399136731 0.54546674
   0.133963164330842 0.09874592
   0.152542396884648 0.26776918
   0.025312077195641 0.30447074
   0.011965372445704 0.27615966
   0.062658614340970 0.69231232
   0.022645654274986 0.28410802
   0.076764750190236 0.10426136
   0.019080964039595 0.29977682
   0.008812484830857 0.23542610
   0.000000000000000 0.75339166
   0.001218083976573 0.52766168
   0.008545878904766 0.45691030
   0.002851755133935 0.75283306
   0.041371355782509 0.55262718
   0.018712099618051 0.48538658
   0.040251127522727 0.17877314
   0.311667930956929 0.03464454
   0.294270958539052 0.06504946
   0.109317143729010 0.49764694
   0.155880411287713 0.01580348
   0.010508853805741 0.61116608
   0.011531271849004 0.29396808
   0.106753989484434 0.08499694
   0.065693140753183 0.10245620
   0.016561537045563 0.00421932
   0.013233528604482 0.34006364
   0.248499822078996 0.01633758
   0.258075751249748 0.00701946
   0.254899845561330 0.09650774
   0.175865098190094 0.29293446
   0.129639870876671 0.13810440
   0.224938548908162 0.21183400
   0.338504930232857 0.10633070
   0.191749983558767 0.01330840
   0.059002296079422 0.31077046
   0.148768112384470 0.10646720
   0.006696327219088 0.49544992
   0.027193827370946 0.31593058
   0.044575146223779 0.17365796
   0.018239552866977 0.11490808
   0.061617465904522 0.45229562
   0.006781508531901 0.58444680
   0.352301959346459 0.00774312
   0.355112416047477 0.02017764
   0.412885283669085 0.30005192
   0.440618874103155 0.00056434
   0.505261972165681 0.06028246
   0.259360958845670 0.03071040
   0.030965495764722 0.38450020
   0.143517811549128 0.13947094
   0.007609260397229 0.28287504
   0.000000000000000 0.70878682
   0.106000726421830 0.22477854
   0.295975333041793 0.06181910
   0.018689708753232 0.63153566
   0.343844208750494 0.01884092
   0.290317691792250 0.26552288
   0.321094341638391 0.16200268
   0.244427275892231 0.02146172
   0.264007811001126 0.01130290
   0.136932738747855 0.12347930
   0.070452219381107 0.00210042
   0.198493561090727 0.35113764
   0.209047848496317 0.16128770
   0.273338628650494 0.14589106
   0.049121964223159 0.52032666
   0.054676852937719 0.03245144
   0.376584960588840 0.05433484
   0.419460018898686 0.04135838
   0.437874607358343 0.36915718
   0.147542374012837 0.49957586
   0.341216339531169 0.08751736
   0.303546218094142 0.00312144
   0.158269535814485 0.07075138
   0.271156371691978 0.55350876
   0.182896220952373 0.02311722
   0.207123661386021 0.35502558
   0.291944511415723 0.15355410
   0.230367793152914 0.05270076
   0.047463034140222 0.11123518
   0.028718675038644 0.01718178
   0.030134326596501 0.15352932
   0.022944003630954 0.24448410
   0.227322585036806 0.00115878
   0.157419778790802 0.22078042
   0.200148049080177 0.47918402
   0.159838252225810 0.00041230
   0.134923860182957 0.24374434
   0.216311124425997 0.17752112
   0.056912400136490 0.21813344
   0.081543034528044 0.06519170
   0.030457612463474 0.00157402
   0.004877360830936 0.65975350
   0.005005536069312 0.53583698
   0.007532570880652 0.62909896
   0.000000000000000 0.71890546
   0.361887849321547 0.06835290
   0.014175861222146 0.34675956
   0.121546878449694 0.61712938
   0.270939099609160 0.57878296
   0.009901499375828 0.01835680
   0.226993248452761 0.17600548
   0.036971303988374 0.43721916
   0.017332924080339 0.01762040
   0.033189030995375 0.01465072
   0.034560346897508 0.27347432
   0.001155309957109 0.37596034
   0.001189450532753 0.00041076
   0.052374536479140 0.51140054
   0.151278197331675 0.57805944
   0.074924122449406 0.59117870
   0.082629933643577 0.00519036
   0.399840063182299 0.07788872
   0.128668763565993 0.12965484
   0.302629330420695 0.68445846
   0.291167167331152 0.00299712
   0.304718672351268 0.55243048
   0.422001271253198 0.45804584
   0.119697900352346 0.48695472
   0.064741469711475 0.18229554
   0.254493752632796 0.01395212
   0.040806151026756 0.08628998
   0.020666318371337 0.22360632
   0.141358989431853 0.45136616
   0.197594635608587 0.59377794
   0.148873120115872 0.13191192
   0.127812239965127 0.34211310
   0.165491216537163 0.04469626
   0.419702776213052 0.00336042
   0.177757259778194 0.48008800
   0.422016476379670 0.36711542
   0.191825360782871 0.31671794
   0.139140445483637 0.30675624
   0.351855765386718 0.21986888
   0.272372551866725 0.11088728
   0.087757272662645 0.16068472
   0.035948398737771 0.28829290
   0.028678377915171 0.14939148
   0.124973314799438 0.40214776
   0.107620265379767 0.11332356
   0.264367911236469 0.02612974
   0.249139463222174 0.00954660
   0.515050121245642 0.07030240
   0.513684232172167 0.03541566
   0.124137490806947 0.26493054
   0.129309561488187 0.06929552
   0.063515612014267 0.02125158
   0.106759860650419 0.06922580
   0.008934307685770 0.57918504
   0.017224012994755 0.02295034
