# Long-range Heisenberg model
# L = 45, S_z^tot = -35/2, J = 1, Delta = 0.2, Alpha = 2.0
# Time dependence of velocity, i.e. time derivative of the center of mass
# time, velocity

0.10000000000000001 1.1569677914495813E-002
0.15000000000000002 1.9251461727396446E-002
0.20000000000000001 2.6886657702638317E-002
0.25000000000000000 3.4457452188672022E-002
0.29999999999999999 4.1946836297803713E-002
0.34999999999999998 4.9338812356003459E-002
0.39999999999999997 5.6618583422798352E-002
0.44999999999999996 6.3772722865653719E-002
0.49999999999999994 7.0789321378539327E-002
0.54999999999999993 7.7658109301186329E-002
0.59999999999999998 8.4370552596926274E-002
0.65000000000000002 9.0919921370495871E-002
0.70000000000000007 9.7301330341856840E-002
0.75000000000000011 0.10351175123728851
0.80000000000000016 0.10954999757307071
0.85000000000000020 0.11541668281217277
0.90000000000000024 0.12111415333525777
0.95000000000000029 0.12664639809030653
1.0000000000000002 0.13201893713947754
1.0500000000000003 0.13723869164438796
1.1000000000000003 0.14231383806400544
1.1500000000000004 0.14725364951191366
1.2000000000000004 0.15206832734859788
1.2500000000000004 0.15676882609604981
1.3000000000000005 0.16136667477940847
1.3500000000000005 0.16587379768944643
1.4000000000000006 0.17030233743356327
1.4500000000000006 0.17466448295963666
1.5000000000000007 0.17897230502274653
1.5500000000000007 0.18323760127029409
1.6000000000000008 0.18747175287842310
1.6500000000000008 0.19168559432194421
1.7000000000000008 0.19588929758303841
1.7500000000000009 0.20009227175242117
1.8000000000000009 0.20430307868002373
1.8500000000000010 0.20852936501464470
1.9000000000000010 0.21277781067102097
1.9500000000000011 0.21705409353366178
2.0000000000000009 0.22136286987969989
2.0500000000000007 0.22570776986674979
2.1000000000000005 0.23009140717650034
2.1500000000000004 0.23451540176781194
2.2000000000000002 0.23898041455432839
2.2500000000000000 0.24348619272664962
2.2999999999999998 0.24803162434901438
2.3499999999999996 0.25261480083391241
2.3999999999999995 0.25723308585159366
2.4499999999999993 0.26188318930904231
2.4999999999999991 0.26656124493661615
2.5499999999999989 0.27126289020543481
2.5999999999999988 0.27598334724775242
2.6499999999999986 0.28071750364504489
2.6999999999999984 0.28545999189535820
2.7499999999999982 0.29020526664479185
2.7999999999999980 0.29494767870247074
2.8499999999999979 0.29968154511134770
2.8999999999999977 0.30440121457613323
2.9499999999999975 0.30910112768677500
2.9999999999999973 0.31377587151054875
3.0499999999999972 0.31842022821471971
3.0999999999999970 0.32302921748891045
3.1499999999999968 0.32759813264358506
3.1999999999999966 0.33212257038880644
3.2499999999999964 0.33659845430190849
3.2999999999999963 0.34102205218106363
3.3499999999999961 0.34538998748206318
3.3999999999999959 0.34969924513228889
3.4499999999999957 0.35394717199825898
3.4999999999999956 0.35813147254726729
3.5499999999999954 0.36225019995408836
3.5999999999999952 0.36630174324302267
3.6499999999999950 0.37028481082756137
3.6999999999999948 0.37419841112174446
3.7499999999999947 0.37804183047450479
3.7999999999999945 0.38181460916419496
3.8499999999999943 0.38551651580753798
3.8999999999999941 0.38914752070463798
3.9499999999999940 0.39270776853303602
3.9999999999999938 0.39619755091698572
4.0499999999999936 0.39961727921594914
4.0999999999999934 0.40296745787578914
4.1499999999999932 0.40624865877145311
4.1999999999999931 0.40946149679228050
4.2499999999999929 0.41260660688773321
4.2999999999999927 0.41568462294370612
4.3499999999999925 0.41869615851013009
4.3999999999999924 0.42164178965379051
4.4499999999999922 0.42452203995701154
4.4999999999999920 0.42733736781812581
4.5499999999999918 0.43008815603210238
4.5999999999999917 0.43277470364209591
4.6499999999999915 0.43539722011940896
4.6999999999999913 0.43795582170490732
4.7499999999999911 0.44045052990407285
4.7999999999999909 0.44288127204429983
4.8499999999999908 0.44524788360455148
4.8999999999999906 0.44755011246190080
4.9499999999999904 0.44978762457729360
4.9999999999999902 0.45196001118030793
5.0499999999999901 0.45406679721338605
5.0999999999999899 0.45610745069405212
5.1499999999999897 0.45808139310205220
5.1999999999999895 0.45998801033444892
5.2499999999999893 0.46182666416370921
5.2999999999999892 0.46359670399690245
5.3499999999999890 0.46529747881336903
5.3999999999999888 0.46692834898307112
5.4499999999999886 0.46848869786728642
5.4999999999999885 0.46997794330167153
5.5499999999999883 0.47139554823679930
5.5999999999999881 0.47274103117176836
5.6499999999999879 0.47401397562413905
5.6999999999999877 0.47521403898121761
5.7499999999999876 0.47634096045204188
5.7999999999999874 0.47739456811639158
5.8499999999999872 0.47837478511583598
5.8999999999999870 0.47928163476717245
5.9499999999999869 0.48011524481005097
5.9999999999999867 0.48087585066802774
6.0499999999999865 0.48156379772720470
6.0999999999999863 0.48217954274971220
6.1499999999999861 0.48272365435188647
6.1999999999999860 0.48319681269539672
6.2499999999999858 0.48359980840183781
6.2999999999999856 0.48393354068005934
6.3499999999999854 0.48419901481782546
6.3999999999999853 0.48439733906549876
6.4499999999999851 0.48452972115473614
6.4999999999999849 0.48459746399865722
6.5499999999999847 0.48460196130942990
6.5999999999999845 0.48454469274268774
6.6499999999999844 0.48442721879631279
6.6999999999999842 0.48425117553966501
6.7499999999999840 0.48401826904278522
6.7999999999999838 0.48373026987636791
6.8499999999999837 0.48338900746969671
6.8999999999999835 0.48299636437723947
6.9499999999999833 0.48255427069793910
6.9999999999999831 0.48206469849352729
7.0499999999999829 0.48152965621225619
7.0999999999999828 0.48095118337734277
7.1499999999999826 0.48033134527715404
7.1999999999999824 0.47967222778424912
7.2499999999999822 0.47897593253630077
7.2999999999999821 0.47824457189852509
7.3499999999999819 0.47748026459382586
7.3999999999999817 0.47668513115782574
7.4499999999999815 0.47586128966640828
7.4999999999999813 0.47501085182318548
7.5499999999999812 0.47413591888444628
7.5999999999999810 0.47323857828285298
7.6499999999999808 0.47232089986252390
7.6999999999999806 0.47138493285805438
7.7499999999999805 0.47043270261552195
7.7999999999999803 0.46946620775381476
7.8499999999999801 0.46848741734020649
7.8999999999999799 0.46749826838277997
7.9499999999999797 0.46650066331345386
7.9999999999999796 0.46549646777762632
8.0499999999999794 0.46448750832636776
8.0999999999999801 0.46347557045987031
8.1499999999999808 0.46246239671367206
8.1999999999999815 0.46144968463911695
8.2499999999999822 0.46043908528380584
8.2999999999999829 0.45943220122023121
8.3499999999999837 0.45843058508904022
8.3999999999999844 0.45743573795537174
8.4499999999999851 0.45644910764904623
8.4999999999999858 0.45547208727130695
8.5499999999999865 0.45450601369624977
8.5999999999999872 0.45355216592083636
8.6499999999999879 0.45261176370518186
8.6999999999999886 0.45168596576951714
8.7499999999999893 0.45077586852919183
8.7999999999999901 0.44988250435917365
8.8499999999999908 0.44900684015953374
8.8999999999999915 0.44814977574446857
8.9499999999999922 0.44731214238318273
8.9999999999999929 0.44649470136874925
9.0499999999999936 0.44569814252248818
9.0999999999999943 0.44492308289591165
9.1499999999999950 0.44417006551464411
9.1999999999999957 0.44343955821554815
9.2499999999999964 0.44273195273554222
9.2999999999999972 0.44204756380603172
9.3499999999999979 0.44138662859049660
9.3999999999999986 0.44074930616467611
9.4499999999999993 0.44013567757296812
9.5000000000000000 0.43954574573650262
9.5500000000000007 0.43897943598674161
9.6000000000000014 0.43843659681048308
9.6500000000000021 0.43791700087187024
9.7000000000000028 0.43742034660542828
9.7500000000000036 0.43694625979020074
9.8000000000000043 0.43649429599881273
9.8500000000000050 0.43606394305218288
9.9000000000000057 0.43565462400346533
9.9500000000000064 0.43526570049401414
10.000000000000007 0.43489647647090734
10.050000000000008 0.43454620229340435
10.100000000000009 0.43421407905611886
10.150000000000009 0.43389926338516460
10.200000000000010 0.43360087242518830
10.250000000000011 0.43331798896725005
10.300000000000011 0.43304966709564852
10.350000000000012 0.43279493744742936
10.400000000000013 0.43255281336362472
10.450000000000014 0.43232229632961250
10.500000000000014 0.43210238191145223
10.550000000000015 0.43189206570961147
10.600000000000016 0.43169034871310075
10.650000000000016 0.43149624324874125
10.700000000000017 0.43130877826818903
10.750000000000018 0.43112700444329022
10.800000000000018 0.43094999934886857
10.850000000000019 0.43077687200572257
10.900000000000020 0.43060676717473712
10.950000000000021 0.43043886943261001
11.000000000000021 0.43027240667466771
11.050000000000022 0.43010665336502996
11.100000000000023 0.42994093317675564
11.150000000000023 0.42977462150094681
11.200000000000024 0.42960714715512438
11.250000000000025 0.42943799384676851
11.300000000000026 0.42926670130290390
11.350000000000026 0.42909286565917526
11.400000000000027 0.42891613977946719
11.450000000000028 0.42873623287094986
11.500000000000028 0.42855291001203000
11.550000000000029 0.42836599107589635
11.600000000000030 0.42817534942612312
11.650000000000031 0.42798091045090914
11.700000000000031 0.42778264955476430
11.750000000000032 0.42758059014676775
11.800000000000033 0.42737480140198514
11.850000000000033 0.42716539548202093
11.900000000000034 0.42695252545412288
11.950000000000035 0.42673638210239062
12.000000000000036 0.42651719140469169
12.050000000000036 0.42629521162632855
12.100000000000037 0.42607073042937316
12.150000000000038 0.42584406212085923
12.200000000000038 0.42561554469315865
12.250000000000039 0.42538553726476636
12.300000000000040 0.42515441719057634
12.350000000000041 0.42492257754711105
12.400000000000041 0.42469042457158324
12.450000000000042 0.42445837531909447
12.500000000000043 0.42422685524766024
12.550000000000043 0.42399629632809521
12.600000000000044 0.42376713457981552
12.650000000000045 0.42353980858448992
12.700000000000045 0.42331475751788972
12.750000000000046 0.42309241945034159
12.800000000000047 0.42287322997577093
12.850000000000048 0.42265762067129842
12.900000000000048 0.42244601791033176
12.950000000000049 0.42223884173671067
13.000000000000050 0.42203650458885633
13.050000000000050 0.42183941049824369
13.100000000000051 0.42164795419486367
13.150000000000052 0.42146252025970554
13.200000000000053 0.42128348231576851
13.250000000000053 0.42111120254201495
13.300000000000054 0.42094603086230364
13.350000000000055 0.42078830451270477
13.400000000000055 0.42063834752351426
13.450000000000056 0.42049647023453929
13.500000000000057 0.42036296871085455
13.550000000000058 0.42023812475733280
13.600000000000058 0.42012220504748399
13.650000000000059 0.42001546118523692
13.700000000000060 0.41991812921715166
13.750000000000060 0.41983042950413108
13.800000000000061 0.41975256638306035
13.850000000000062 0.41968472805383072
13.900000000000063 0.41962708643485058
13.950000000000063 0.41957979708584503
14.000000000000064 0.41954299900027081
14.050000000000065 0.41951681496403381
14.100000000000065 0.41950135126864296
14.150000000000066 0.41949669790970034
14.200000000000067 0.41950292902090069
14.250000000000068 0.41952010263912598
14.300000000000068 0.41954826157166281
14.350000000000069 0.41958743330571480
14.400000000000070 0.41963763065538728
14.450000000000070 0.41969885238732019
14.500000000000071 0.41977108361987092
14.550000000000072 0.41985429644334715
14.600000000000072 0.41994845076377629
14.650000000000073 0.42005349503327238
14.700000000000074 0.42016936688213491
14.750000000000075 0.42029599420878583
14.800000000000075 0.42043329593099088
14.850000000000076 0.42058118289396873
14.900000000000077 0.42073955873647151
14.950000000000077 0.42090832109053622
15.000000000000078 0.42108736214633069
15.050000000000079 0.42127656994495055
15.100000000000080 0.42147582906299164
15.150000000000080 0.42168502162052590
15.200000000000081 0.42190402799679561
15.250000000000082 0.42213272775015298
15.300000000000082 0.42237100053448273
15.350000000000083 0.42261872639400622
15.400000000000084 0.42287578684021554
15.450000000000085 0.42314206504325824
15.500000000000085 0.42341744670927994
15.550000000000086 0.42370182013776514
15.600000000000087 0.42399507692376659
15.650000000000087 0.42429711183093133
15.700000000000088 0.42460782343969328
15.750000000000089 0.42492711380887727
15.800000000000090 0.42525488897521058
15.850000000000090 0.42559105850820345
15.900000000000091 0.42593553568657683
15.950000000000092 0.42628823739057964
16.000000000000092 0.42664908371168764
16.050000000000093 0.42701799783490202
16.100000000000094 0.42739490573062255
16.150000000000095 0.42777973586346718
16.200000000000095 0.42817241885689583
16.250000000000096 0.42857288715609343
16.300000000000097 0.42898107462352897
16.350000000000097 0.42939691619967135
16.400000000000098 0.42982034767263144
16.450000000000099 0.43025130508258513
16.500000000000099 0.43068972457870558
16.550000000000100 0.43113554215658212
16.600000000000101 0.43158869325335303
16.650000000000102 0.43204911253965861
16.700000000000102 0.43251673376968114
16.750000000000103 0.43299148950964650
16.800000000000104 0.43347331104019560
16.850000000000104 0.43396212835038028
16.900000000000105 0.43445786972487355
16.950000000000106 0.43496046210385941
17.000000000000107 0.43546983084201685
17.050000000000107 0.43598589986789449
17.100000000000108 0.43650859135226483
17.150000000000109 0.43703782624021414
17.200000000000109 0.43757352404412586
17.250000000000110 0.43811560284918727
17.300000000000111 0.43866397967313731
17.350000000000112 0.43921857015178034
17.400000000000112 0.43977928896712370
17.450000000000113 0.44034604966224578
17.500000000000114 0.44091876469710911
17.550000000000114 0.44149734556270914
17.600000000000115 0.44208170272323599
17.650000000000116 0.44267174545439048
17.700000000000117 0.44326738189617743
17.750000000000117 0.44386851894820722
17.800000000000118 0.44447506199254860
17.850000000000119 0.44508691483624574
17.900000000000119 0.44570397943839879
17.950000000000120 0.44632615573000578
18.000000000000121 0.44695334132995868
18.050000000000122 0.44758543105469784
18.100000000000122 0.44822231680168301
18.150000000000123 0.44886388713251790
18.200000000000124 0.44951002696866027
18.250000000000124 0.45016061715511313
18.300000000000125 0.45081553397082530
18.350000000000126 0.45147464913188884
18.400000000000126 0.45213782895960009
18.450000000000127 0.45280493456328230
18.500000000000128 0.45347582099775963
18.550000000000129 0.45415033737615573
18.600000000000129 0.45482832646122517
18.650000000000130 0.45550962448210441
18.700000000000131 0.45619406095813275
18.750000000000131 0.45688145874002828
18.800000000000132 0.45757163376070054
18.850000000000133 0.45826439514556228
18.900000000000134 0.45895954540732475
18.950000000000134 0.45965688038755559
19.000000000000135 0.46035618960893032
19.050000000000136 0.46105725657739072
19.100000000000136 0.46175985901971472
19.150000000000137 0.46246376937681077
19.200000000000138 0.46316875526894563
19.250000000000139 0.46387458001611037
19.300000000000139 0.46458100322386287
19.350000000000140 0.46528778144892868
19.400000000000141 0.46599466886050323
19.450000000000141 0.46670141788229813
19.500000000000142 0.46740778010391892
19.550000000000143 0.46811350682570918
19.600000000000144 0.46881835011596706
19.650000000000144 0.46952206330324486
19.700000000000145 0.47022440205367388
19.750000000000146 0.47092512493041028
19.800000000000146 0.47162399407046252
19.850000000000147 0.47232077635282366
19.900000000000148 0.47301524361532898
19.950000000000149 0.47370717347618552
20.000000000000149 0.47439635019731696
20.050000000000150 0.47508256473271615
20.100000000000151 0.47576561566106790
20.150000000000151 0.47644530942339003
20.200000000000152 0.47712146068754180
20.250000000000153 0.47779389282013085
20.300000000000153 0.47846243769118502
20.350000000000154 0.47912693623796798
20.400000000000155 0.47978723851866079
20.450000000000156 0.48044320328376244
20.500000000000156 0.48109469850182052
20.550000000000157 0.48174160064203164
20.600000000000158 0.48238379495497696
20.650000000000158 0.48302117487956764
20.700000000000159 0.48365364196957472
20.750000000000160 0.48428110533546231
20.800000000000161 0.48490348124495597
20.850000000000161 0.48552069293723576
20.900000000000162 0.48613266980350289
20.950000000000163 0.48673934718397760
21.000000000000163 0.48734066581811675
21.050000000000164 0.48793657125624890
21.100000000000165 0.48852701329977322
21.150000000000166 0.48911194594392526
21.200000000000166 0.48969132637051160
21.250000000000167 0.49026511496403913
21.300000000000168 0.49083327476147076
21.350000000000168 0.49139577108409327
21.400000000000169 0.49195257133199277
21.450000000000170 0.49250364469237695
21.500000000000171 0.49304896183482327
21.550000000000171 0.49358849501050628
21.600000000000172 0.49412221797389577
21.650000000000173 0.49465010567807610
21.700000000000173 0.49517213466703680
21.750000000000174 0.49568828299332068
21.800000000000175 0.49619853025568261
21.850000000000176 0.49670285834547911
21.900000000000176 0.49720125095674916
21.950000000000177 0.49769369450011425
22.000000000000178 0.49818017805890236
22.050000000000178 0.49866069402803248
22.100000000000179 0.49913523817913585
22.150000000000180 0.49960381047025493
22.200000000000180 0.50006641501408211
22.250000000000181 0.50052306077329689
22.300000000000182 0.50097376189008003
22.350000000000183 0.50141853800944602
22.400000000000183 0.50185741468961709
22.450000000000184 0.50229042354200004
22.500000000000185 0.50271760278345567
22.550000000000185 0.50313899733470890
22.600000000000186 0.50355465888134887
22.650000000000187 0.50396464615538150
22.700000000000188 0.50436902499718883
22.750000000000188 0.50476786809753094
22.800000000000189 0.50516125526169020
22.850000000000190 0.50554927311914355
22.900000000000190 0.50593201489199657
22.950000000000191 0.50630957999949544
23.000000000000192 0.50668207420315525
23.050000000000193 0.50704960847429703
23.100000000000193 0.50741229925804987
23.150000000000194 0.50777026741560150
23.200000000000195 0.50812363797472671
23.250000000000195 0.50847253954881211
23.300000000000196 0.50881710346335041
23.350000000000197 0.50915746326811728
23.400000000000198 0.50949375414081288
23.450000000000198 0.50982611194108074
23.500000000000199 0.51015467300558726
23.550000000000200 0.51047957273279820
23.600000000000200 0.51080094557953259
23.650000000000201 0.51111892416805915
23.700000000000202 0.51143363862092173
23.750000000000203 0.51174521610160895
23.800000000000203 0.51205377997380452
23.850000000000204 0.51235944975775993
23.900000000000205 0.51266234055507454
23.950000000000205 0.51296256231506021
24.000000000000206 0.51326021990185211
24.050000000000207 0.51355541300544871
24.100000000000207 0.51384823505763677
24.150000000000208 0.51413877426945476
24.200000000000209 0.51442711270976105
24.250000000000210 0.51471332663052038
24.300000000000210 0.51499748652414468
24.350000000000211 0.51527965715994384
24.400000000000212 0.51555989788440115
24.450000000000212 0.51583826253267517
24.500000000000213 0.51611480021598766
24.550000000000214 0.51638955493899630
24.600000000000215 0.51666256656979215
24.650000000000215 0.51693387084458919
24.700000000000216 0.51720349987252945
24.750000000000217 0.51747148260428588
24.800000000000217 0.51773784505790843
24.850000000000218 0.51800261098001954
24.900000000000219 0.51826580203478301
24.950000000000220 0.51852743847138782
25.000000000000220 0.51878753931450916
25.050000000000221 0.51904612286577390
25.100000000000222 0.51930320719762335
25.150000000000222 0.51955881023996398
25.200000000000223 0.51981295001411354
25.250000000000224 0.52006564571893676
25.300000000000225 0.52031691698477545
25.350000000000225 0.52056678468652251
25.400000000000226 0.52081527106413006
25.450000000000227 0.52106239984315295
25.500000000000227 0.52130819633799064
25.550000000000228 0.52155268777788422
25.600000000000229 0.52179590286002053
25.650000000000230 0.52203787233342069
25.700000000000230 0.52227862877547437
25.750000000000231 0.52251820658774761
25.800000000000232 0.52275664179298076
25.850000000000232 0.52299397219613297
25.900000000000233 0.52323023712354200
25.950000000000234 0.52346547740366844
26.000000000000234 0.52369973494748479
26.050000000000235 0.52393305285708180
26.100000000000236 0.52416547500648392
26.150000000000237 0.52439704585140134
26.200000000000237 0.52462781034925854
26.250000000000238 0.52485781362697992
26.300000000000239 0.52508710024063987
26.350000000000239 0.52531571454952797
26.400000000000240 0.52554370018398799
26.450000000000241 0.52577109918406251
26.500000000000242 0.52599795247068926
26.550000000000242 0.52622429885804678
26.600000000000243 0.52645017491521173
26.650000000000244 0.52667561447602651
26.700000000000244 0.52690064844576057
26.750000000000245 0.52712530389662504
26.800000000000246 0.52734960429155819
26.850000000000247 0.52757356845745562
26.900000000000247 0.52779721043290095
26.950000000000248 0.52802053923628023
27.000000000000249 0.52824355777186582
27.050000000000249 0.52846626323777457
27.100000000000250 0.52868864608026200
27.150000000000251 0.52891068979576517
27.200000000000252 0.52913237072061747
27.250000000000252 0.52935365737539541
27.300000000000253 0.52957451026255598
27.350000000000254 0.52979488182479884
27.400000000000254 0.53001471564620317
27.450000000000255 0.53023394661853018
27.500000000000256 0.53045250074667649
27.550000000000257 0.53067029503633734
27.600000000000257 0.53088723711663732
27.650000000000258 0.53110322553337141
27.700000000000259 0.53131814981203007
27.750000000000259 0.53153189039708337
27.800000000000260 0.53174431869553729
27.850000000000261 0.53195529787650742
27.900000000000261 0.53216468239703829
27.950000000000262 0.53237231898496162
28.000000000000263 0.53257804644587736
28.050000000000264 0.53278169687796861
28.100000000000264 0.53298309535932731
28.150000000000265 0.53318206117264566
28.200000000000266 0.53337840802598180
28.250000000000266 0.53357194473761638
28.300000000000267 0.53376247614696837
28.350000000000268 0.53394980348720367
28.400000000000269 0.53413372533242409
28.450000000000269 0.53431403800491495
28.500000000000270 0.53449053678289005
28.550000000000271 0.53466301602206556
28.600000000000271 0.53483127029085864
28.650000000000272 0.53499509481969909
28.700000000000273 0.53515428614467453
28.750000000000274 0.53530864282983259
28.800000000000274 0.53545796571793147
28.850000000000275 0.53560205869676025
28.900000000000276 0.53574072899998271
28.950000000000276 0.53587378776402517
29.000000000000277 0.53600104988959174
29.050000000000278 0.53612233458558478
29.100000000000279 0.53623746572373676
29.150000000000279 0.53634627125013878
29.200000000000280 0.53644858387503547
29.250000000000281 0.53654424054041527
29.300000000000281 0.53663308276686195
29.350000000000282 0.53671495581237849
29.400000000000283 0.53678970891013478
29.450000000000284 0.53685719464446890
29.500000000000284 0.53691726876817114
29.550000000000285 0.53696978974880238
29.600000000000286 0.53701461812664775
29.650000000000286 0.53705161620719366
29.700000000000287 0.53708064753674734
29.750000000000288 0.53710157611199350
29.800000000000288 0.53711426642131244
29.850000000000289 0.53711858220054864
29.900000000000290 0.53711438630301700
29.950000000000291 0.53710154038981273
30.000000000000291 0.53707990404291195
30.050000000000292 0.53704933444784331
30.100000000000293 0.53700968630202794
30.150000000000293 0.53696081112640570
30.200000000000294 0.53690255704374579
30.250000000000295 0.53683476877317560
30.300000000000296 0.53675728721259475
30.350000000000296 0.53666994960224201
30.400000000000297 0.53657258940482677
30.450000000000298 0.53646503593526518
30.500000000000298 0.53634711563432802
30.550000000000299 0.53621865083698594
30.600000000000300 0.53607946111107196
30.650000000000301 0.53592936320740137
30.700000000000301 0.53576817139543209
30.750000000000302 0.53559569796028939
30.800000000000303 0.53541175409243635
30.850000000000303 0.53521614979381127
30.900000000000304 0.53500869509939264
30.950000000000305 0.53478920026883259
31.000000000000306 0.53455747678917476
31.050000000000306 0.53431333788850566
31.100000000000307 0.53405659936743177
31.150000000000308 0.53378708028482436
31.200000000000308 0.53350460333618344
31.250000000000309 0.53320899649278886
31.300000000000310 0.53290009267520588
31.350000000000311 0.53257773081391235
31.400000000000311 0.53224175692051290
31.450000000000312 0.53189202390910850
31.500000000000313 0.53152839301212396
31.550000000000313 0.53115073357481890
31.600000000000314 0.53075892415023418
31.650000000000315 0.53035285263888454
31.700000000000315 0.52993241663500612
31.750000000000316 0.52949752411954876
31.800000000000317 0.52904809321383084
31.850000000000318 0.52858405296184685
31.900000000000318 0.52810534324962077
31.950000000000319 0.52761191479028469
32.000000000000320 0.52710372930938831
32.050000000000317 0.52658076018047950
32.100000000000314 0.52604299104430652
32.150000000000311 0.52549041716574152
32.200000000000308 0.52492304435865833
32.250000000000306 0.52434088932706402
32.300000000000303 0.52374397924651817
32.350000000000300 0.52313235173002681
32.400000000000297 0.52250605423012075
32.450000000000294 0.52186514446823651
32.500000000000291 0.52120968931660627
32.550000000000288 0.52053976493155574
32.600000000000286 0.51985545651184850
32.650000000000283 0.51915685764178932
32.700000000000280 0.51844407021846450
32.750000000000277 0.51771720384927278
32.800000000000274 0.51697637583963285
32.850000000000271 0.51622171068160583
32.900000000000269 0.51545333928586956
32.950000000000266 0.51467139943468965
33.000000000000263 0.51387603461428455
33.050000000000260 0.51306739430799553
33.100000000000257 0.51224563327089356
33.150000000000254 0.51141091127220761
33.200000000000252 0.51056339291626784
33.250000000000249 0.50970324703278891
33.300000000000246 0.50883064675389278
33.350000000000243 0.50794576861818541
33.400000000000240 0.50704879289824589
33.450000000000237 0.50613990300220735
33.500000000000234 0.50521928507819780
33.550000000000232 0.50428712795905994
33.600000000000229 0.50334362274064404
33.650000000000226 0.50238896258107957
33.700000000000223 0.50142334237335717
33.750000000000220 0.50044695867654809
33.800000000000217 0.49946000911347710
33.850000000000215 0.49846269253009723
33.900000000000212 0.49745520853846870
33.950000000000209 0.49643775738665852
34.000000000000206 0.49541053978174432
34.050000000000203 0.49437375636969705
34.100000000000200 0.49332760797284436
34.150000000000198 0.49227229534039907
34.200000000000195 0.49120801859189100
34.250000000000192 0.49013497749001544
34.300000000000189 0.48905337087958856
34.350000000000186 0.48796339701524971
34.400000000000183 0.48686525289646454
34.450000000000180 0.48575913440537022
34.500000000000178 0.48464523612956611
34.550000000000175 0.48352375112614254
34.600000000000172 0.48239487083755250
34.650000000000169 0.48125878501430464
34.700000000000166 0.48011568147082073
34.750000000000163 0.47896574582921403
34.800000000000161 0.47780916169784859
34.850000000000158 0.47664611007746771
34.900000000000155 0.47547676971987585
34.950000000000152 0.47430131629262462
35.000000000000149 0.47311992293558092
35.050000000000146 0.47193275942326807
35.100000000000144 0.47073999236545205
35.150000000000141 0.46954178492505605
35.200000000000138 0.46833829637378699
35.250000000000135 0.46712968226898965
35.300000000000132 0.46591609393232147
35.350000000000129 0.46469767803841933
35.400000000000126 0.46347457699198458
35.450000000000124 0.46224692798013223
35.500000000000121 0.46101486317915885
35.550000000000118 0.45977850932438002
35.600000000000115 0.45853798731883444
35.650000000000112 0.45729341230540399
35.700000000000109 0.45604489333705089
35.750000000000107 0.45479253283119192
35.800000000000104 0.45353642670029615
35.850000000000101 0.45227666408983680
35.900000000000098 0.45101332697839780
35.950000000000095 0.44974649035111725
36.000000000000092 0.44847622159757350
36.050000000000090 0.44720258087103559
36.100000000000087 0.44592562062142349
36.150000000000084 0.44464538592677627
36.200000000000081 0.44336191407431613
36.250000000000078 0.44207523476060828
36.300000000000075 0.44078537015366237
36.350000000000072 0.43949233485470529
36.400000000000070 0.43819613620208031
36.450000000000067 0.43689677425781781
36.500000000000064 0.43559424213214015
36.550000000000061 0.43428852620642999
36.600000000000058 0.43297960621686116
36.650000000000055 0.43166745591179279
36.700000000000053 0.43035204299137320
36.750000000000050 0.42903332986661269
36.800000000000047 0.42771127394196640
36.850000000000044 0.42638582789408019
36.900000000000041 0.42505694017187068
36.950000000000038 0.42372455589479330
37.000000000000036 0.42238861682832862
37.050000000000033 0.42104906203988435
37.100000000000030 0.41970582879905294
37.150000000000027 0.41835885249959404
37.200000000000024 0.41700806794985112
37.250000000000021 0.41565340928208627
37.300000000000018 0.41429481084271913
37.350000000000016 0.41293220770953099
37.400000000000013 0.41156553614143832
37.450000000000010 0.41019473435703446
37.500000000000007 0.40881974266987697
37.550000000000004 0.40744050435215229
37.600000000000001 0.40605696583853046
37.649999999999999 0.40466907746122160
37.699999999999996 0.40327679375273817
37.749999999999993 0.40188007375697055
37.799999999999990 0.40047888161922174
37.849999999999987 0.39907318690637794
37.899999999999984 0.39766296479172070
37.949999999999982 0.39624819650548204
37.999999999999979 0.39482886947432405
38.049999999999976 0.39340497791862106
38.099999999999973 0.39197652257954019
38.149999999999970 0.39054351108745777
38.199999999999967 0.38910595827672978
38.249999999999964 0.38766388620835812
38.299999999999962 0.38621732412892129
38.349999999999959 0.38476630876743911
38.399999999999956 0.38331088418829040
38.449999999999953 0.38185110202810790
38.499999999999950 0.38038702111371947
38.549999999999947 0.37891870793735904
38.599999999999945 0.37744623623964912
38.649999999999942 0.37596968697492628
38.699999999999939 0.37448914841057501
38.749999999999936 0.37300471586505068
38.799999999999933 0.37151649152399102
38.849999999999930 0.37002458452860765
38.899999999999928 0.36852911053664172
38.949999999999925 0.36703019168143669
38.999999999999922 0.36552795642727176
39.049999999999919 0.36402253933012219
39.099999999999916 0.36251408058099344
39.149999999999913 0.36100272615925633
39.199999999999910 0.35948862725845743
39.249999999999908 0.35797194012872069
39.299999999999905 0.35645282587452698
39.349999999999902 0.35493144992337022
39.399999999999899 0.35340798198504331
39.449999999999896 0.35188259550992029
39.499999999999893 0.35035546744744295
39.549999999999891 0.34882677799181749
39.599999999999888 0.34729670992931005
39.649999999999885 0.34576544848718527
39.699999999999882 0.34423318105197609
39.749999999999879 0.34270009646903077
39.799999999999876 0.34116638487944329
39.849999999999874 0.33963223714252422
39.899999999999871 0.33809784477540461
39.949999999999868 0.33656339906762867
39.999999999999865 0.33502909082265830
