# XXZ chain with odd perturbation
# L = 28, S_z^tot = 0, J = 1, Delta = 0.5, g = 0.15
# Time dependence of normalized energy current autocorrelation function
# t, C_kappa(t)

0.000000000000000000e+00 1.000000000000000000e+00
1.000000000000000000e+00 9.979259702730621795e-01
2.000000000000000000e+00 9.936737309626872960e-01
3.000000000000000000e+00 9.895923136232955830e-01
4.000000000000000000e+00 9.860077850299626689e-01
5.000000000000000000e+00 9.826259496841840413e-01
6.000000000000000000e+00 9.793081172924265054e-01
7.000000000000000000e+00 9.760110077182041488e-01
8.000000000000000000e+00 9.727223959069614123e-01
9.000000000000000000e+00 9.694404022002925947e-01
1.000000000000000000e+01 9.661664767157446265e-01
1.100000000000000000e+01 9.629029621313077714e-01
1.200000000000000000e+01 9.596508762458314523e-01
1.300000000000000000e+01 9.564111484522597184e-01
1.400000000000000000e+01 9.531863423073813069e-01
1.500000000000000000e+01 9.499831985953541835e-01
1.600000000000000000e+01 9.468125664992521617e-01
1.700000000000000000e+01 9.436782856021767030e-01
1.800000000000000000e+01 9.405721216460426470e-01
1.900000000000000000e+01 9.374847917251099005e-01
2.000000000000000000e+01 9.344121741785816893e-01
2.100000000000000000e+01 9.313506354822749245e-01
2.200000000000000000e+01 9.282960428908085815e-01
2.300000000000000000e+01 9.252475006970473093e-01
2.400000000000000000e+01 9.222051561846784651e-01
2.500000000000000000e+01 9.191676446008582024e-01
2.600000000000000000e+01 9.161354242390065128e-01
2.700000000000000000e+01 9.131115880114466510e-01
2.800000000000000000e+01 9.100997994320174644e-01
2.900000000000000000e+01 9.070999118908609216e-01
3.000000000000000000e+01 9.041100733715453641e-01
3.100000000000000000e+01 9.011326022336337838e-01
3.200000000000000000e+01 8.981701959361415577e-01
3.300000000000000000e+01 8.952217571088414427e-01
3.400000000000000000e+01 8.922855604232576843e-01
3.500000000000000000e+01 8.893622446466771247e-01
3.600000000000000000e+01 8.864517160636916637e-01
3.700000000000000000e+01 8.835536269690414946e-01
3.800000000000000000e+01 8.806686923172200032e-01
3.900000000000000000e+01 8.777957129597636632e-01
4.000000000000000000e+01 8.749334294383827038e-01
4.100000000000000000e+01 8.720818933155712882e-01
4.200000000000000000e+01 8.692413086146929535e-01
4.300000000000000000e+01 8.664124194228401965e-01
4.400000000000000000e+01 8.635962905348527618e-01
4.500000000000000000e+01 8.607942569457563975e-01
4.600000000000000000e+01 8.580050554346964065e-01
4.700000000000000000e+01 8.552262110762469671e-01
4.800000000000000000e+01 8.524581174887990720e-01
4.900000000000000000e+01 8.497018898635332329e-01
5.000000000000000000e+01 8.469579456732053702e-01
5.100000000000000000e+01 8.442262588192380734e-01
5.200000000000000000e+01 8.415074445555680294e-01
5.300000000000000000e+01 8.388027157664894595e-01
5.400000000000000000e+01 8.361114017007212906e-01
5.500000000000000000e+01 8.334324801285796225e-01
5.600000000000000000e+01 8.307654787042783040e-01
5.700000000000000000e+01 8.281085119131533778e-01
5.800000000000000000e+01 8.254591762165441882e-01
5.900000000000000000e+01 8.228172571657671464e-01
6.000000000000000000e+01 8.201855482183952883e-01
6.100000000000000000e+01 8.175667929215775231e-01
6.200000000000000000e+01 8.149588412330053266e-01
6.300000000000000000e+01 8.123592156550804022e-01
6.400000000000000000e+01 8.097696517908783420e-01
6.500000000000000000e+01 8.071928718496477195e-01
6.600000000000000000e+01 8.046296120295283183e-01
6.700000000000000000e+01 8.020784761492091297e-01
6.800000000000000000e+01 7.995382719047368081e-01
6.900000000000000000e+01 7.970090599676454834e-01
7.000000000000000000e+01 7.944911361324181742e-01
7.100000000000000000e+01 7.919840544016883976e-01
7.200000000000000000e+01 7.894871325857782951e-01
7.300000000000000000e+01 7.870008868247143630e-01
7.400000000000000000e+01 7.845259475219128475e-01
7.500000000000000000e+01 7.820623981341752184e-01
7.600000000000000000e+01 7.796104912344906657e-01
7.700000000000000000e+01 7.771704562016007456e-01
7.800000000000000000e+01 7.747417171719683804e-01
7.900000000000000000e+01 7.723235728641349995e-01
8.000000000000000000e+01 7.699155753495368071e-01
8.100000000000000000e+01 7.675171846799372366e-01
8.200000000000000000e+01 7.651284961614106539e-01
8.300000000000000000e+01 7.627495615497130732e-01
8.400000000000000000e+01 7.603795970615943034e-01
8.500000000000000000e+01 7.580176943161215375e-01
8.600000000000000000e+01 7.556640422952168867e-01
8.700000000000000000e+01 7.533203926770278835e-01
8.800000000000000000e+01 7.509868153297283300e-01
8.900000000000000000e+01 7.486614213360091030e-01
9.000000000000000000e+01 7.463443747548753615e-01
9.100000000000000000e+01 7.440372113974870194e-01
9.200000000000000000e+01 7.417406029451615312e-01
9.300000000000000000e+01 7.394545785888362310e-01
9.400000000000000000e+01 7.371794616560275459e-01
9.500000000000000000e+01 7.349145677516494279e-01
9.600000000000000000e+01 7.326573516280698861e-01
9.700000000000000000e+01 7.304077427760774510e-01
9.800000000000000000e+01 7.281680406108379522e-01
9.900000000000000000e+01 7.259392971531012373e-01
1.000000000000000000e+02 7.237197467485386726e-01
1.010000000000000000e+02 7.215072075758311998e-01
1.020000000000000000e+02 7.193019067576638115e-01
1.030000000000000000e+02 7.171038178119246709e-01
1.040000000000000000e+02 7.149129750703984154e-01
1.050000000000000000e+02 7.127308136253943660e-01
1.060000000000000000e+02 7.105586860573029906e-01
1.070000000000000000e+02 7.083966458397737975e-01
1.080000000000000000e+02 7.062429879555095491e-01
1.090000000000000000e+02 7.040965240316126028e-01
1.100000000000000000e+02 7.019586685710196283e-01
1.110000000000000000e+02 6.998302026573192114e-01
1.120000000000000000e+02 6.977097319611272885e-01
1.130000000000000000e+02 6.955962529105675918e-01
1.140000000000000000e+02 6.934907952247612029e-01
1.150000000000000000e+02 6.913951346641555862e-01
1.160000000000000000e+02 6.893088340608928277e-01
1.170000000000000000e+02 6.872294951496711324e-01
1.180000000000000000e+02 6.851571868626037398e-01
1.190000000000000000e+02 6.830940876405089401e-01
1.200000000000000000e+02 6.810409885670508645e-01
1.210000000000000000e+02 6.789974995492431553e-01
1.220000000000000000e+02 6.769628246552478190e-01
1.230000000000000000e+02 6.749357430174239836e-01
1.240000000000000000e+02 6.729151388464090777e-01
1.250000000000000000e+02 6.709011460657116066e-01
1.260000000000000000e+02 6.688950510544964256e-01
1.270000000000000000e+02 6.668978400737902712e-01
1.280000000000000000e+02 6.649102851998631714e-01
1.290000000000000000e+02 6.629317756919016480e-01
1.300000000000000000e+02 6.609604748893799231e-01
1.310000000000000000e+02 6.589961678470815931e-01
1.320000000000000000e+02 6.570387376192140527e-01
1.330000000000000000e+02 6.550875100135503670e-01
1.340000000000000000e+02 6.531432361102613715e-01
1.350000000000000000e+02 6.512060710894392868e-01
1.360000000000000000e+02 6.492752002240894660e-01
1.370000000000000000e+02 6.473507061485588299e-01
1.380000000000000000e+02 6.454331494151156479e-01
1.390000000000000000e+02 6.435232706906500733e-01
1.400000000000000000e+02 6.416213563882308124e-01
1.410000000000000000e+02 6.397271400762341020e-01
1.420000000000000000e+02 6.378397042957471008e-01
1.430000000000000000e+02 6.359584253888460603e-01
1.440000000000000000e+02 6.340844843513762097e-01
1.450000000000000000e+02 6.322182205732794769e-01
1.460000000000000000e+02 6.303585318512782143e-01
1.470000000000000000e+02 6.285058709756723427e-01
1.480000000000000000e+02 6.266610117611220998e-01
1.490000000000000000e+02 6.248231965230170992e-01
1.500000000000000000e+02 6.229919065281105395e-01
1.510000000000000000e+02 6.211678810846313903e-01
1.520000000000000000e+02 6.193514229473061627e-01
1.530000000000000000e+02 6.175410901213274073e-01
1.540000000000000000e+02 6.157355398069576102e-01
1.550000000000000000e+02 6.139359513220823406e-01
1.560000000000000000e+02 6.121434850948640483e-01
1.570000000000000000e+02 6.103576011534069812e-01
1.580000000000000000e+02 6.085777760976639472e-01
1.590000000000000000e+02 6.068042262992832114e-01
1.600000000000000000e+02 6.050379119090819602e-01
1.610000000000000000e+02 6.032790720870460088e-01
1.620000000000000000e+02 6.015266004548548429e-01
1.630000000000000000e+02 5.997801019271684630e-01
1.640000000000000000e+02 5.980409127925784274e-01
1.650000000000000000e+02 5.963103827052013139e-01
1.660000000000000000e+02 5.945877945804159959e-01
1.670000000000000000e+02 5.928714763106366359e-01
1.680000000000000000e+02 5.911609901101885223e-01
1.690000000000000000e+02 5.894559900998657120e-01
1.700000000000000000e+02 5.877557372392017143e-01
1.710000000000000000e+02 5.860601895699502073e-01
1.720000000000000000e+02 5.843695396172211565e-01
1.730000000000000000e+02 5.826846710506065063e-01
1.740000000000000000e+02 5.810067799970352054e-01
1.750000000000000000e+02 5.793355264250605874e-01
1.760000000000000000e+02 5.776703956882742741e-01
1.770000000000000000e+02 5.760109345611751364e-01
1.780000000000000000e+02 5.743564424038182237e-01
1.790000000000000000e+02 5.727073789996549591e-01
1.800000000000000000e+02 5.710645245970762396e-01
1.810000000000000000e+02 5.694277850689466458e-01
1.820000000000000000e+02 5.677964427513405576e-01
1.830000000000000000e+02 5.661699169544265331e-01
1.840000000000000000e+02 5.645486721704278121e-01
1.850000000000000000e+02 5.629330354262801484e-01
1.860000000000000000e+02 5.613221718821279627e-01
1.870000000000000000e+02 5.597163698103675422e-01
1.880000000000000000e+02 5.581167991963275066e-01
1.890000000000000000e+02 5.565231977285253206e-01
1.900000000000000000e+02 5.549351834102913550e-01
1.910000000000000000e+02 5.533531429074507457e-01
1.920000000000000000e+02 5.517777480765011511e-01
1.930000000000000000e+02 5.502095625763577802e-01
1.940000000000000000e+02 5.486477642546032651e-01
1.950000000000000000e+02 5.470904535170968419e-01
1.960000000000000000e+02 5.455366590872163801e-01
1.970000000000000000e+02 5.439870390274094136e-01
1.980000000000000000e+02 5.424428481680113601e-01
1.990000000000000000e+02 5.409052222253412090e-01
2.000000000000000000e+02 5.393743938386055259e-01
2.010000000000000000e+02 5.378492497205147327e-01
2.020000000000000000e+02 5.363281113058187000e-01
2.030000000000000000e+02 5.348105883589525655e-01
2.040000000000000000e+02 5.332978486402288887e-01
2.050000000000000000e+02 5.317905306217388661e-01
2.060000000000000000e+02 5.302883792877312041e-01
2.070000000000000000e+02 5.287909032590459857e-01
2.080000000000000000e+02 5.272970828928337239e-01
2.090000000000000000e+02 5.258066550701585573e-01
2.100000000000000000e+02 5.243213312316638008e-01
2.110000000000000000e+02 5.228430385588618279e-01
2.120000000000000000e+02 5.213715055184448000e-01
2.130000000000000000e+02 5.199053158691536725e-01
2.140000000000000000e+02 5.184441324793166439e-01
2.150000000000000000e+02 5.169876050084072361e-01
2.160000000000000000e+02 5.155356944728698432e-01
2.170000000000000000e+02 5.140893662646334183e-01
2.180000000000000000e+02 5.126493183416868105e-01
2.190000000000000000e+02 5.112157992582720967e-01
2.200000000000000000e+02 5.097885613569310692e-01
2.210000000000000000e+02 5.083664014852228297e-01
2.220000000000000000e+02 5.069479847011366669e-01
2.230000000000000000e+02 5.055327364766072362e-01
2.240000000000000000e+02 5.041206311756439851e-01
2.250000000000000000e+02 5.027124294610625377e-01
2.260000000000000000e+02 5.013095390208013313e-01
2.270000000000000000e+02 4.999124714727146701e-01
2.280000000000000000e+02 4.985198655757590025e-01
2.290000000000000000e+02 4.971306660039619962e-01
2.300000000000000000e+02 4.957454719398693976e-01
2.310000000000000000e+02 4.943644070694274140e-01
2.320000000000000000e+02 4.929873122826626819e-01
2.330000000000000000e+02 4.916149993503001192e-01
2.340000000000000000e+02 4.902480332594990609e-01
2.350000000000000000e+02 4.888857815719658828e-01
2.360000000000000000e+02 4.875274379770324629e-01
2.370000000000000000e+02 4.861728114412036117e-01
2.380000000000000000e+02 4.848219490642908802e-01
2.390000000000000000e+02 4.834749550951193409e-01
2.400000000000000000e+02 4.821320108483654887e-01
2.410000000000000000e+02 4.807935712100796510e-01
2.420000000000000000e+02 4.794598856714859525e-01
2.430000000000000000e+02 4.781304275149595440e-01
2.440000000000000000e+02 4.768048499412017027e-01
2.450000000000000000e+02 4.754840052028484476e-01
2.460000000000000000e+02 4.741688240712253477e-01
2.470000000000000000e+02 4.728582402913888427e-01
2.480000000000000000e+02 4.715511664393227664e-01
2.490000000000000000e+02 4.702480274955841977e-01
2.500000000000000000e+02 4.689486846873264225e-01
2.510000000000000000e+02 4.676528672102632234e-01
2.520000000000000000e+02 4.663605642004828855e-01
2.530000000000000000e+02 4.650716365667180718e-01
2.540000000000000000e+02 4.637861586727938246e-01
2.550000000000000000e+02 4.625037506533255516e-01
2.560000000000000000e+02 4.612237685321050606e-01
2.570000000000000000e+02 4.599466142172811134e-01
2.580000000000000000e+02 4.586733755593740414e-01
2.590000000000000000e+02 4.574047780211302761e-01
2.600000000000000000e+02 4.561410522992097039e-01
2.610000000000000000e+02 4.548815241636755546e-01
2.620000000000000000e+02 4.536258001307633125e-01
2.630000000000000000e+02 4.523741334114572132e-01
2.640000000000000000e+02 4.511266102752654605e-01
2.650000000000000000e+02 4.498832048443721088e-01
2.660000000000000000e+02 4.486436274375394384e-01
2.670000000000000000e+02 4.474076185802189909e-01
2.680000000000000000e+02 4.461758903587287328e-01
2.690000000000000000e+02 4.449496468623419521e-01
2.700000000000000000e+02 4.437288436498624256e-01
2.710000000000000000e+02 4.425118820170738099e-01
2.720000000000000000e+02 4.412979151574936698e-01
2.730000000000000000e+02 4.400873471845117013e-01
2.740000000000000000e+02 4.388808786327376144e-01
2.750000000000000000e+02 4.376793132756570115e-01
2.760000000000000000e+02 4.364825297051368458e-01
2.770000000000000000e+02 4.352900470838445002e-01
2.780000000000000000e+02 4.341016709431180232e-01
2.790000000000000000e+02 4.329165548486356152e-01
2.800000000000000000e+02 4.317335509397253746e-01
2.810000000000000000e+02 4.305530678750423834e-01
2.820000000000000000e+02 4.293765292652459986e-01
2.830000000000000000e+02 4.282045844746641405e-01
2.840000000000000000e+02 4.270367510745133877e-01
2.850000000000000000e+02 4.258722035743731649e-01
2.860000000000000000e+02 4.247108282826196346e-01
2.870000000000000000e+02 4.235529613967065621e-01
2.880000000000000000e+02 4.223989814924009600e-01
2.890000000000000000e+02 4.212493665392998410e-01
2.900000000000000000e+02 4.201041299258904682e-01
2.910000000000000000e+02 4.189625468265539832e-01
2.920000000000000000e+02 4.178240383650419498e-01
2.930000000000000000e+02 4.166893211844082123e-01
2.940000000000000000e+02 4.155593225322122275e-01
2.950000000000000000e+02 4.144333222218695156e-01
2.960000000000000000e+02 4.133101795534618872e-01
2.970000000000000000e+02 4.121893511116164199e-01
2.980000000000000000e+02 4.110712223350133088e-01
2.990000000000000000e+02 4.099575188664439929e-01
3.000000000000000000e+02 4.088490497254413381e-01
3.010000000000000000e+02 4.077445729207186398e-01
3.020000000000000000e+02 4.066428220399735949e-01
3.030000000000000000e+02 4.055436187719443364e-01
3.040000000000000000e+02 4.044470843686835959e-01
3.050000000000000000e+02 4.033536196331057311e-01
3.060000000000000000e+02 4.022638563939502920e-01
3.070000000000000000e+02 4.011775928568326322e-01
3.080000000000000000e+02 4.000938626635388573e-01
3.090000000000000000e+02 3.990124344244264654e-01
3.100000000000000000e+02 3.979335774551957527e-01
3.110000000000000000e+02 3.968579483337429936e-01
3.120000000000000000e+02 3.957861511082567119e-01
3.130000000000000000e+02 3.947180443877657541e-01
3.140000000000000000e+02 3.936535141771423385e-01
3.150000000000000000e+02 3.925928269425492667e-01
3.160000000000000000e+02 3.915356843118057428e-01
3.170000000000000000e+02 3.904816846918188755e-01
3.180000000000000000e+02 3.894308731787153866e-01
3.190000000000000000e+02 3.883832256428357832e-01
3.200000000000000000e+02 3.873393139008971531e-01
3.210000000000000000e+02 3.862993277874400277e-01
3.220000000000000000e+02 3.852625147711936093e-01
3.230000000000000000e+02 3.842285055259219151e-01
3.240000000000000000e+02 3.831974130579332005e-01
3.250000000000000000e+02 3.821692512679737419e-01
3.260000000000000000e+02 3.811438719731345404e-01
3.270000000000000000e+02 3.801211875135776519e-01
3.280000000000000000e+02 3.791014318713133435e-01
3.290000000000000000e+02 3.780855872324293543e-01
3.300000000000000000e+02 3.770740978854876801e-01
3.310000000000000000e+02 3.760653163842545554e-01
3.320000000000000000e+02 3.750580841063222981e-01
3.330000000000000000e+02 3.740535840175610027e-01
3.340000000000000000e+02 3.730528324452486166e-01
3.350000000000000000e+02 3.720552371021976223e-01
3.360000000000000000e+02 3.710599703058549137e-01
3.370000000000000000e+02 3.700668019258847585e-01
3.380000000000000000e+02 3.690760505362514210e-01
3.390000000000000000e+02 3.680883476771661389e-01
3.400000000000000000e+02 3.671040143201637629e-01
3.410000000000000000e+02 3.661228831234619174e-01
3.420000000000000000e+02 3.651445827320066728e-01
3.430000000000000000e+02 3.641690787965847220e-01
3.440000000000000000e+02 3.631966007762590376e-01
3.450000000000000000e+02 3.622273039651374704e-01
3.460000000000000000e+02 3.612612091187241137e-01
3.470000000000000000e+02 3.602980227177485784e-01
3.480000000000000000e+02 3.593371792234500983e-01
3.490000000000000000e+02 3.583789457168610193e-01
3.500000000000000000e+02 3.574240945947760872e-01
3.510000000000000000e+02 3.564720912782434192e-01
3.520000000000000000e+02 3.555220200349273885e-01
3.530000000000000000e+02 3.545744775961944262e-01
3.540000000000000000e+02 3.536302821491666415e-01
3.550000000000000000e+02 3.526890226510971948e-01
3.560000000000000000e+02 3.517503150718853666e-01
3.570000000000000000e+02 3.508146215242967658e-01
3.580000000000000000e+02 3.498819290641859148e-01
3.590000000000000000e+02 3.489513049497065533e-01
3.600000000000000000e+02 3.480223518818254536e-01
3.610000000000000000e+02 3.470957175964856645e-01
3.620000000000000000e+02 3.461723657870756643e-01
3.630000000000000000e+02 3.452525053451765968e-01
3.640000000000000000e+02 3.443354192055857466e-01
3.650000000000000000e+02 3.434208861304047788e-01
3.660000000000000000e+02 3.425085196655641706e-01
3.670000000000000000e+02 3.415975065421942292e-01
3.680000000000000000e+02 3.406883305401591233e-01
3.690000000000000000e+02 3.397816403877114144e-01
3.700000000000000000e+02 3.388774053718929258e-01
3.710000000000000000e+02 3.379757465949315698e-01
3.720000000000000000e+02 3.370766577571354117e-01
3.730000000000000000e+02 3.361801995687342393e-01
3.740000000000000000e+02 3.352869448497986515e-01
3.750000000000000000e+02 3.343971771606584764e-01
3.760000000000000000e+02 3.335105577105505481e-01
3.770000000000000000e+02 3.326267503589366292e-01
3.780000000000000000e+02 3.317456097188204445e-01
3.790000000000000000e+02 3.308669383062005642e-01
3.800000000000000000e+02 3.299910622203544586e-01
3.810000000000000000e+02 3.291173694897554514e-01
3.820000000000000000e+02 3.282441827188268824e-01
3.830000000000000000e+02 3.273723947921341471e-01
3.840000000000000000e+02 3.265043640651991708e-01
3.850000000000000000e+02 3.256400981058227839e-01
3.860000000000000000e+02 3.247781751381354498e-01
3.870000000000000000e+02 3.239180687319889174e-01
3.880000000000000000e+02 3.230600170333799981e-01
3.890000000000000000e+02 3.222040736866311206e-01
3.900000000000000000e+02 3.213503354064276563e-01
3.910000000000000000e+02 3.204993667101674326e-01
3.920000000000000000e+02 3.196512876004002912e-01
3.930000000000000000e+02 3.188054376997958017e-01
3.940000000000000000e+02 3.179613453134983447e-01
3.950000000000000000e+02 3.171194323718578567e-01
3.960000000000000000e+02 3.162807803882388136e-01
3.970000000000000000e+02 3.154457286308040564e-01
3.980000000000000000e+02 3.146131160312167219e-01
3.990000000000000000e+02 3.137813870449537301e-01
4.000000000000000000e+02 3.129501007004118485e-01
4.010000000000000000e+02 3.121207187242339698e-01
4.020000000000000000e+02 3.112946272715970686e-01
4.030000000000000000e+02 3.104713965973688317e-01
4.040000000000000000e+02 3.096507491860351347e-01
4.050000000000000000e+02 3.088331681884468605e-01
4.060000000000000000e+02 3.080183757913801945e-01
4.070000000000000000e+02 3.072059429277424480e-01
4.080000000000000000e+02 3.063959649209377911e-01
4.090000000000000000e+02 3.055881500785563865e-01
4.100000000000000000e+02 3.047824325587832894e-01
4.110000000000000000e+02 3.039790352441760768e-01
4.120000000000000000e+02 3.031778131206505078e-01
4.130000000000000000e+02 3.023785622180786836e-01
4.140000000000000000e+02 3.015811744190917687e-01
4.150000000000000000e+02 3.007862074517886342e-01
4.160000000000000000e+02 2.999944246853732954e-01
4.170000000000000000e+02 2.992057388311878952e-01
4.180000000000000000e+02 2.984197309072280646e-01
4.190000000000000000e+02 2.976363620340335969e-01
4.200000000000000000e+02 2.968564227383683751e-01
4.210000000000000000e+02 2.960801849374689598e-01
4.220000000000000000e+02 2.953062227641737314e-01
4.230000000000000000e+02 2.945331287345159255e-01
4.240000000000000000e+02 2.937616910489270206e-01
4.250000000000000000e+02 2.929933116650374481e-01
4.260000000000000000e+02 2.922279433912074453e-01
4.270000000000000000e+02 2.914649007564799610e-01
4.280000000000000000e+02 2.907039352581123892e-01
4.290000000000000000e+02 2.899448621488730504e-01
4.300000000000000000e+02 2.891876435542370949e-01
4.310000000000000000e+02 2.884332377615045906e-01
4.320000000000000000e+02 2.876820061755034352e-01
4.330000000000000000e+02 2.869330790186998548e-01
4.340000000000000000e+02 2.861861527808590155e-01
4.350000000000000000e+02 2.854419658200130216e-01
4.360000000000000000e+02 2.847010439970794060e-01
4.370000000000000000e+02 2.839627604786740256e-01
4.380000000000000000e+02 2.832259418333867296e-01
4.390000000000000000e+02 2.824904999085497970e-01
4.400000000000000000e+02 2.817573980585984517e-01
4.410000000000000000e+02 2.810273544403446011e-01
4.420000000000000000e+02 2.803004260048829188e-01
4.430000000000000000e+02 2.795757834090591420e-01
4.440000000000000000e+02 2.788526305239095171e-01
4.450000000000000000e+02 2.781310470694265402e-01
4.460000000000000000e+02 2.774110357851915509e-01
4.470000000000000000e+02 2.766924093449007471e-01
4.480000000000000000e+02 2.759753579466141526e-01
4.490000000000000000e+02 2.752601449863216199e-01
4.500000000000000000e+02 2.745469655509756302e-01
4.510000000000000000e+02 2.738358283161876350e-01
4.520000000000000000e+02 2.731266892643596789e-01
4.530000000000000000e+02 2.724198509595391338e-01
4.540000000000000000e+02 2.717157287586160486e-01
4.550000000000000000e+02 2.710140470471082419e-01
4.560000000000000000e+02 2.703139445342104263e-01
4.570000000000000000e+02 2.696146299608296326e-01
4.580000000000000000e+02 2.689161751119453769e-01
4.590000000000000000e+02 2.682195266447321425e-01
4.600000000000000000e+02 2.675255005844539569e-01
4.610000000000000000e+02 2.668340041018607001e-01
4.620000000000000000e+02 2.661444722341768654e-01
4.630000000000000000e+02 2.654572397128351358e-01
4.640000000000000000e+02 2.647729057686558640e-01
4.650000000000000000e+02 2.640911404578331623e-01
4.660000000000000000e+02 2.634111086758013642e-01
4.670000000000000000e+02 2.627324462448746289e-01
4.680000000000000000e+02 2.620554926966339737e-01
4.690000000000000000e+02 2.613803573578306616e-01
4.700000000000000000e+02 2.607067186077859922e-01
4.710000000000000000e+02 2.600345338125311656e-01
4.720000000000000000e+02 2.593640063698471332e-01
4.730000000000000000e+02 2.586956757305741150e-01
4.740000000000000000e+02 2.580300069997310541e-01
4.750000000000000000e+02 2.573669725315063661e-01
4.760000000000000000e+02 2.567064693812391996e-01
4.770000000000000000e+02 2.560485552692206568e-01
4.780000000000000000e+02 2.553930523434260191e-01
4.790000000000000000e+02 2.547396319479556248e-01
4.800000000000000000e+02 2.540882118142437363e-01
4.810000000000000000e+02 2.534388312095158247e-01
4.820000000000000000e+02 2.527912891752305824e-01
4.830000000000000000e+02 2.521455070792315567e-01
4.840000000000000000e+02 2.515013541281813092e-01
4.850000000000000000e+02 2.508586496942227795e-01
4.860000000000000000e+02 2.502178287603181728e-01
4.870000000000000000e+02 2.495792829856849082e-01
4.880000000000000000e+02 2.489429758287566019e-01
4.890000000000000000e+02 2.483090300381217141e-01
4.900000000000000000e+02 2.476772343150827893e-01
4.910000000000000000e+02 2.470472638707544855e-01
4.920000000000000000e+02 2.464192332486621617e-01
4.930000000000000000e+02 2.457929747458049985e-01
4.940000000000000000e+02 2.451677646566205737e-01
4.950000000000000000e+02 2.445431597277842317e-01
4.960000000000000000e+02 2.439195240801858844e-01
4.970000000000000000e+02 2.432981038149027164e-01
4.980000000000000000e+02 2.426795327430575355e-01
4.990000000000000000e+02 2.420629594845685739e-01
5.000000000000000000e+02 2.414479677117912781e-01
5.010000000000000000e+02 2.408345071362152923e-01
5.020000000000000000e+02 2.402219622092644502e-01
5.030000000000000000e+02 2.396104435730979088e-01
5.040000000000000000e+02 2.390014372856306690e-01
5.050000000000000000e+02 2.383958229706923948e-01
5.060000000000000000e+02 2.377927646308021781e-01
5.070000000000000000e+02 2.371914111341815179e-01
5.080000000000000000e+02 2.365915650828652461e-01
5.090000000000000000e+02 2.359935347892555546e-01
5.100000000000000000e+02 2.353980774768433815e-01
5.110000000000000000e+02 2.348048379842825051e-01
5.120000000000000000e+02 2.342127546351014944e-01
5.130000000000000000e+02 2.336215213931039647e-01
5.140000000000000000e+02 2.330314126716461487e-01
5.150000000000000000e+02 2.324425991942852543e-01
5.160000000000000000e+02 2.318550532692357224e-01
5.170000000000000000e+02 2.312690086070843254e-01
5.180000000000000000e+02 2.306844282376114830e-01
5.190000000000000000e+02 2.301010360610441785e-01
5.200000000000000000e+02 2.295191337743891502e-01
5.210000000000000000e+02 2.289388584153530803e-01
5.220000000000000000e+02 2.283599435875054984e-01
5.230000000000000000e+02 2.277823611586141384e-01
5.240000000000000000e+02 2.272059756796813157e-01
5.250000000000000000e+02 2.266304208880082771e-01
5.260000000000000000e+02 2.260558318917454956e-01
5.270000000000000000e+02 2.254827997817357987e-01
5.280000000000000000e+02 2.249117522439905426e-01
5.290000000000000000e+02 2.243427852044830584e-01
5.300000000000000000e+02 2.237758159660273860e-01
5.310000000000000000e+02 2.232105728765026442e-01
5.320000000000000000e+02 2.226462400178173540e-01
5.330000000000000000e+02 2.220826601306341297e-01
5.340000000000000000e+02 2.215204059085285615e-01
5.350000000000000000e+02 2.209596012696261047e-01
5.360000000000000000e+02 2.204008780309624771e-01
5.370000000000000000e+02 2.198448297555811726e-01
5.380000000000000000e+02 2.192912193833016499e-01
5.390000000000000000e+02 2.187393889143537107e-01
5.400000000000000000e+02 2.181888390276758016e-01
5.410000000000000000e+02 2.176400607163124223e-01
5.420000000000000000e+02 2.170934303362419826e-01
5.430000000000000000e+02 2.165483198615330840e-01
5.440000000000000000e+02 2.160045230094611579e-01
5.450000000000000000e+02 2.154625340190265415e-01
5.460000000000000000e+02 2.149221798434156061e-01
5.470000000000000000e+02 2.143829270864346659e-01
5.480000000000000000e+02 2.138450279084678773e-01
5.490000000000000000e+02 2.133090904409940813e-01
5.500000000000000000e+02 2.127750239049524816e-01
5.510000000000000000e+02 2.122421970532361313e-01
5.520000000000000000e+02 2.117100658046368600e-01
5.530000000000000000e+02 2.111786835143473207e-01
5.540000000000000000e+02 2.106486425590075040e-01
5.550000000000000000e+02 2.101201709958478436e-01
5.560000000000000000e+02 2.095934291442206610e-01
5.570000000000000000e+02 2.090686295784583981e-01
5.580000000000000000e+02 2.085454008789572600e-01
5.590000000000000000e+02 2.080233108450523227e-01
5.600000000000000000e+02 2.075020798166444524e-01
5.610000000000000000e+02 2.069812050464531206e-01
5.620000000000000000e+02 2.064614022891383405e-01
5.630000000000000000e+02 2.059440848995745810e-01
5.640000000000000000e+02 2.054291294445064475e-01
5.650000000000000000e+02 2.049154868778632899e-01
5.660000000000000000e+02 2.044027465085027917e-01
5.670000000000000000e+02 2.038911177756997650e-01
5.680000000000000000e+02 2.033810766197444442e-01
5.690000000000000000e+02 2.028730698230793439e-01
5.700000000000000000e+02 2.023669797452852526e-01
5.710000000000000000e+02 2.018624109138711376e-01
5.720000000000000000e+02 2.013590655409457364e-01
5.730000000000000000e+02 2.008572260637892515e-01
5.740000000000000000e+02 2.003573110275061464e-01
5.750000000000000000e+02 1.998592951323590883e-01
5.760000000000000000e+02 1.993627828745399566e-01
5.770000000000000000e+02 1.988672612305173448e-01
5.780000000000000000e+02 1.983720167718229233e-01
5.790000000000000000e+02 1.978765513643451213e-01
5.800000000000000000e+02 1.973817101074354652e-01
5.810000000000000000e+02 1.968884884094148358e-01
5.820000000000000000e+02 1.963965719519521758e-01
5.830000000000000000e+02 1.959052288401127995e-01
5.840000000000000000e+02 1.954142246232726254e-01
5.850000000000000000e+02 1.949237564445441828e-01
5.860000000000000000e+02 1.944341848421400898e-01
5.870000000000000000e+02 1.939458722487982512e-01
5.880000000000000000e+02 1.934589366368969221e-01
5.890000000000000000e+02 1.929727139089177368e-01
5.900000000000000000e+02 1.924865583279896375e-01
5.910000000000000000e+02 1.920009704223634428e-01
5.920000000000000000e+02 1.915168637081538228e-01
5.930000000000000000e+02 1.910346472680388152e-01
5.940000000000000000e+02 1.905537932918105193e-01
5.950000000000000000e+02 1.900742645299011158e-01
5.960000000000000000e+02 1.895971257258249609e-01
5.970000000000000000e+02 1.891225839326508285e-01
5.980000000000000000e+02 1.886499966888584012e-01
5.990000000000000000e+02 1.881787888722080138e-01
6.000000000000000000e+02 1.877082304823244063e-01
6.010000000000000000e+02 1.872378998419981511e-01
6.020000000000000000e+02 1.867678923459265006e-01
6.030000000000000000e+02 1.862986401968579897e-01
6.040000000000000000e+02 1.858304072956443731e-01
6.050000000000000000e+02 1.853629446478075038e-01
6.060000000000000000e+02 1.848965762631132048e-01
6.070000000000000000e+02 1.844326747713300185e-01
6.080000000000000000e+02 1.839716767743528048e-01
6.090000000000000000e+02 1.835126358170556249e-01
6.100000000000000000e+02 1.830551466235812164e-01
6.110000000000000000e+02 1.825987466661711800e-01
6.120000000000000000e+02 1.821431004546810450e-01
6.130000000000000000e+02 1.816888019182359704e-01
6.140000000000000000e+02 1.812360282366423658e-01
6.150000000000000000e+02 1.807842358600521837e-01
6.160000000000000000e+02 1.803327220922379126e-01
6.170000000000000000e+02 1.798814472763071437e-01
6.180000000000000000e+02 1.794307244338115837e-01
6.190000000000000000e+02 1.789805337300401367e-01
6.200000000000000000e+02 1.785311032980160528e-01
6.210000000000000000e+02 1.780829311398429149e-01
6.220000000000000000e+02 1.776360279012561272e-01
6.230000000000000000e+02 1.771900862299381763e-01
6.240000000000000000e+02 1.767454419527007548e-01
6.250000000000000000e+02 1.763026275297787659e-01
6.260000000000000000e+02 1.758615845039089021e-01
6.270000000000000000e+02 1.754219178572594129e-01
6.280000000000000000e+02 1.749835569775790856e-01
6.290000000000000000e+02 1.745463177344517558e-01
6.300000000000000000e+02 1.741096652171746917e-01
6.310000000000000000e+02 1.736737671737809963e-01
6.320000000000000000e+02 1.732391935128788918e-01
6.330000000000000000e+02 1.728063098786088714e-01
6.340000000000000000e+02 1.723757064397165306e-01
6.350000000000000000e+02 1.719472038198804897e-01
6.360000000000000000e+02 1.715200801189679103e-01
6.370000000000000000e+02 1.710941071523958967e-01
6.380000000000000000e+02 1.706687604591336505e-01
6.390000000000000000e+02 1.702436132335850560e-01
6.400000000000000000e+02 1.698188650072226247e-01
6.410000000000000000e+02 1.693950115065254169e-01
6.420000000000000000e+02 1.689720420010401014e-01
6.430000000000000000e+02 1.685496834289014478e-01
6.440000000000000000e+02 1.681284789701890936e-01
6.450000000000000000e+02 1.677091467102928835e-01
6.460000000000000000e+02 1.672914133116669422e-01
6.470000000000000000e+02 1.668737708572401168e-01
6.480000000000000000e+02 1.664551253679736054e-01
6.490000000000000000e+02 1.660363884512005839e-01
6.500000000000000000e+02 1.656189013367995178e-01
6.510000000000000000e+02 1.652029667587923134e-01
6.520000000000000000e+02 1.647882721966384967e-01
6.530000000000000000e+02 1.643740802840572002e-01
6.540000000000000000e+02 1.639601971750422327e-01
6.550000000000000000e+02 1.635477543658398480e-01
6.560000000000000000e+02 1.631374188555793636e-01
6.570000000000000000e+02 1.627281864304569725e-01
6.580000000000000000e+02 1.623194988176566711e-01
6.590000000000000000e+02 1.619120682329416860e-01
6.600000000000000000e+02 1.615061793556024083e-01
6.610000000000000000e+02 1.611014952918091159e-01
6.620000000000000000e+02 1.606979360448743954e-01
6.630000000000000000e+02 1.602953270873143932e-01
6.640000000000000000e+02 1.598929743821524696e-01
6.650000000000000000e+02 1.594909893640568399e-01
6.660000000000000000e+02 1.590910139208832896e-01
6.670000000000000000e+02 1.586936905897541328e-01
6.680000000000000000e+02 1.582982753637755813e-01
6.690000000000000000e+02 1.579042802819617397e-01
6.700000000000000000e+02 1.575117186898153665e-01
6.710000000000000000e+02 1.571204726851010147e-01
6.720000000000000000e+02 1.567300823092900586e-01
6.730000000000000000e+02 1.563408035460576440e-01
6.740000000000000000e+02 1.559533075733532670e-01
6.750000000000000000e+02 1.555671460700761843e-01
6.760000000000000000e+02 1.551815176693808473e-01
6.770000000000000000e+02 1.547968603317017577e-01
6.780000000000000000e+02 1.544138118059078246e-01
6.790000000000000000e+02 1.540319718169939900e-01
6.800000000000000000e+02 1.536507487512407122e-01
6.810000000000000000e+02 1.532701305987522189e-01
6.820000000000000000e+02 1.528906671661345029e-01
6.830000000000000000e+02 1.525127095505982300e-01
6.840000000000000000e+02 1.521359588993079492e-01
6.850000000000000000e+02 1.517598722259753674e-01
6.860000000000000000e+02 1.513840263248266149e-01
6.870000000000000000e+02 1.510085454356839274e-01
6.880000000000000000e+02 1.506340584650235348e-01
6.890000000000000000e+02 1.502607262196175852e-01
6.900000000000000000e+02 1.498885205861694159e-01
6.910000000000000000e+02 1.495176865326238447e-01
6.920000000000000000e+02 1.491481171879406320e-01
6.930000000000000000e+02 1.487794240555873337e-01
6.940000000000000000e+02 1.484115024311079833e-01
6.950000000000000000e+02 1.480441205035674945e-01
6.960000000000000000e+02 1.476766312201794884e-01
6.970000000000000000e+02 1.473089678113528589e-01
6.980000000000000000e+02 1.469418215723274357e-01
6.990000000000000000e+02 1.465758156273626045e-01
7.000000000000000000e+02 1.462112250513517009e-01
7.010000000000000000e+02 1.458478329650938488e-01
7.020000000000000000e+02 1.454855559307644819e-01
7.030000000000000000e+02 1.451247974276618224e-01
7.040000000000000000e+02 1.447655767742986044e-01
7.050000000000000000e+02 1.444076742559657900e-01
7.060000000000000000e+02 1.440509632001419071e-01
7.070000000000000000e+02 1.436952614834893227e-01
7.080000000000000000e+02 1.433404003980738584e-01
7.090000000000000000e+02 1.429864418345722921e-01
7.100000000000000000e+02 1.426337402530018783e-01
7.110000000000000000e+02 1.422824453016481028e-01
7.120000000000000000e+02 1.419321984936659231e-01
7.130000000000000000e+02 1.415828238962157370e-01
7.140000000000000000e+02 1.412345527720035854e-01
7.150000000000000000e+02 1.408875230916281640e-01
7.160000000000000000e+02 1.405416692553283498e-01
7.170000000000000000e+02 1.401965142253990271e-01
7.180000000000000000e+02 1.398515257637231446e-01
7.190000000000000000e+02 1.395067004370114383e-01
7.200000000000000000e+02 1.391625087616026879e-01
7.210000000000000000e+02 1.388197600889254091e-01
7.220000000000000000e+02 1.384786755350083109e-01
7.230000000000000000e+02 1.381387747918748632e-01
7.240000000000000000e+02 1.377997060118065498e-01
7.250000000000000000e+02 1.374611346955033342e-01
7.260000000000000000e+02 1.371233216491853646e-01
7.270000000000000000e+02 1.367871109036976895e-01
7.280000000000000000e+02 1.364525846346334725e-01
7.290000000000000000e+02 1.361193975787376442e-01
7.300000000000000000e+02 1.357874390735875070e-01
7.310000000000000000e+02 1.354568499582417818e-01
7.320000000000000000e+02 1.351272575398670683e-01
7.330000000000000000e+02 1.347979449286340337e-01
7.340000000000000000e+02 1.344689978452626444e-01
7.350000000000000000e+02 1.341409328482569552e-01
7.360000000000000000e+02 1.338138881888823739e-01
7.370000000000000000e+02 1.334874382186116426e-01
7.380000000000000000e+02 1.331610915618057778e-01
7.390000000000000000e+02 1.328348442188461431e-01
7.400000000000000000e+02 1.325090237146816230e-01
7.410000000000000000e+02 1.321837170655149885e-01
7.420000000000000000e+02 1.318585242593361129e-01
7.430000000000000000e+02 1.315335055420414623e-01
7.440000000000000000e+02 1.312091496888834474e-01
7.450000000000000000e+02 1.308855637167090635e-01
7.460000000000000000e+02 1.305630300224885354e-01
7.470000000000000000e+02 1.302413678825787291e-01
7.480000000000000000e+02 1.299197569532444252e-01
7.490000000000000000e+02 1.295983054433674231e-01
7.500000000000000000e+02 1.292778155004380147e-01
7.510000000000000000e+02 1.289585011594025776e-01
7.520000000000000000e+02 1.286400618388856831e-01
7.530000000000000000e+02 1.283223806714787751e-01
7.540000000000000000e+02 1.280056098777631601e-01
7.550000000000000000e+02 1.276897988903905046e-01
7.560000000000000000e+02 1.273744314620966489e-01
7.570000000000000000e+02 1.270593869455825531e-01
7.580000000000000000e+02 1.267452011552771818e-01
7.590000000000000000e+02 1.264319803190626368e-01
7.600000000000000000e+02 1.261193422398722841e-01
7.610000000000000000e+02 1.258074367585065856e-01
7.620000000000000000e+02 1.254968320565619244e-01
7.630000000000000000e+02 1.251876479663923680e-01
7.640000000000000000e+02 1.248794557725305537e-01
7.650000000000000000e+02 1.245718205217498376e-01
7.660000000000000000e+02 1.242647967426992323e-01
7.670000000000000000e+02 1.239584085277727205e-01
7.680000000000000000e+02 1.236524219893321286e-01
7.690000000000000000e+02 1.233467716603561387e-01
7.700000000000000000e+02 1.230415404711071720e-01
7.710000000000000000e+02 1.227370160135983629e-01
7.720000000000000000e+02 1.224340531161849238e-01
7.730000000000000000e+02 1.221335841327228361e-01
7.740000000000000000e+02 1.218350319475403482e-01
7.750000000000000000e+02 1.215367186659623289e-01
7.760000000000000000e+02 1.212382779016972778e-01
7.770000000000000000e+02 1.209404921492792384e-01
7.780000000000000000e+02 1.206438796622237158e-01
7.790000000000000000e+02 1.203487329128112432e-01
7.800000000000000000e+02 1.200548537977459973e-01
7.810000000000000000e+02 1.197617968022025303e-01
7.820000000000000000e+02 1.194694560645479242e-01
7.830000000000000000e+02 1.191778797553263297e-01
7.840000000000000000e+02 1.188872590569539922e-01
7.850000000000000000e+02 1.185977958159056822e-01
7.860000000000000000e+02 1.183094720265646105e-01
7.870000000000000000e+02 1.180220988732544329e-01
7.880000000000000000e+02 1.177352118327548575e-01
7.890000000000000000e+02 1.174484927277902463e-01
7.900000000000000000e+02 1.171621598286410049e-01
7.910000000000000000e+02 1.168768451661478525e-01
7.920000000000000000e+02 1.165930849827350041e-01
7.930000000000000000e+02 1.163106113576224260e-01
7.940000000000000000e+02 1.160286022580669096e-01
7.950000000000000000e+02 1.157470533214159242e-01
7.960000000000000000e+02 1.154670146712469814e-01
7.970000000000000000e+02 1.151886081871084933e-01
7.980000000000000000e+02 1.149107003034486180e-01
7.990000000000000000e+02 1.146329415115691919e-01
8.000000000000000000e+02 1.143559662132210414e-01
8.010000000000000000e+02 1.140801898428241284e-01
8.020000000000000000e+02 1.138057570394117313e-01
8.030000000000000000e+02 1.135324840792229228e-01
8.040000000000000000e+02 1.132594408728634650e-01
8.050000000000000000e+02 1.129860528963097799e-01
8.060000000000000000e+02 1.127128541649185384e-01
8.070000000000000000e+02 1.124405990481540801e-01
8.080000000000000000e+02 1.121696358443454583e-01
8.090000000000000000e+02 1.119000643341583334e-01
8.100000000000000000e+02 1.116317392650877094e-01
8.110000000000000000e+02 1.113644667172976888e-01
8.120000000000000000e+02 1.110981745075474980e-01
8.130000000000000000e+02 1.108322255048134197e-01
8.140000000000000000e+02 1.105662867378927744e-01
8.150000000000000000e+02 1.103008777054302197e-01
8.160000000000000000e+02 1.100363788242844920e-01
8.170000000000000000e+02 1.097728424181597107e-01
8.180000000000000000e+02 1.095099212495019431e-01
8.190000000000000000e+02 1.092472257174637307e-01
8.200000000000000000e+02 1.089850708562569576e-01
8.210000000000000000e+02 1.087236554086682822e-01
8.220000000000000000e+02 1.084626328512221655e-01
8.230000000000000000e+02 1.082018363754856105e-01
8.240000000000000000e+02 1.079416646486802828e-01
8.250000000000000000e+02 1.076825992849579083e-01
8.260000000000000000e+02 1.074245049070392949e-01
8.270000000000000000e+02 1.071671102562785638e-01
8.280000000000000000e+02 1.069102004403387485e-01
8.290000000000000000e+02 1.066532257223185981e-01
8.300000000000000000e+02 1.063959685488332779e-01
8.310000000000000000e+02 1.061390016242564488e-01
8.320000000000000000e+02 1.058827498581418475e-01
8.330000000000000000e+02 1.056274020572592204e-01
8.340000000000000000e+02 1.053731556561605942e-01
8.350000000000000000e+02 1.051197619139916661e-01
8.360000000000000000e+02 1.048668556703602206e-01
8.370000000000000000e+02 1.046146365681325519e-01
8.380000000000000000e+02 1.043631201961813387e-01
8.390000000000000000e+02 1.041119680446374318e-01
8.400000000000000000e+02 1.038613914036218555e-01
8.410000000000000000e+02 1.036119678770818647e-01
8.420000000000000000e+02 1.033638549477658430e-01
8.430000000000000000e+02 1.031164220117065100e-01
8.440000000000000000e+02 1.028689921446893779e-01
8.450000000000000000e+02 1.026217549649952182e-01
8.460000000000000000e+02 1.023752632153497183e-01
8.470000000000000000e+02 1.021295932491456809e-01
8.480000000000000000e+02 1.018850706447540638e-01
8.490000000000000000e+02 1.016419163283055344e-01
8.500000000000000000e+02 1.013994082390756307e-01
8.510000000000000000e+02 1.011570957133859222e-01
8.520000000000000000e+02 1.009154456598100880e-01
8.530000000000000000e+02 1.006748768472384287e-01
8.540000000000000000e+02 1.004356450151141639e-01
8.550000000000000000e+02 1.001977521100366475e-01
8.560000000000000000e+02 9.996068997007655221e-02
8.570000000000000000e+02 9.972419502948642878e-02
8.580000000000000000e+02 9.948849981424685851e-02
8.590000000000000000e+02 9.925329731123540278e-02
8.600000000000000000e+02 9.901812536266975384e-02
8.610000000000000000e+02 9.878302078442774414e-02
8.620000000000000000e+02 9.854811701277564617e-02
8.630000000000000000e+02 9.831354766960752334e-02
8.640000000000000000e+02 9.807949739708415882e-02
8.650000000000000000e+02 9.784643823136376928e-02
8.660000000000000000e+02 9.761521983093635058e-02
8.670000000000000000e+02 9.738631031044552022e-02
8.680000000000000000e+02 9.715906515658863374e-02
8.690000000000000000e+02 9.693227835369001844e-02
8.700000000000000000e+02 9.670538181576729397e-02
8.710000000000000000e+02 9.647821353208149708e-02
8.720000000000000000e+02 9.625090832462443458e-02
8.730000000000000000e+02 9.602435376748698348e-02
8.740000000000000000e+02 9.579952910368513819e-02
8.750000000000000000e+02 9.557617322689403172e-02
8.760000000000000000e+02 9.535373533078195241e-02
8.770000000000000000e+02 9.513222944405277937e-02
8.780000000000000000e+02 9.491090964323074808e-02
8.790000000000000000e+02 9.468933105176352560e-02
8.800000000000000000e+02 9.446797601201456507e-02
8.810000000000000000e+02 9.424715369761080264e-02
8.820000000000000000e+02 9.402695870012382773e-02
8.830000000000000000e+02 9.380731939193198698e-02
8.840000000000000000e+02 9.358821824496285635e-02
8.850000000000000000e+02 9.336966351584352619e-02
8.860000000000000000e+02 9.315139839296332491e-02
8.870000000000000000e+02 9.293317704120193645e-02
8.880000000000000000e+02 9.271463593492758337e-02
8.890000000000000000e+02 9.249576423134593661e-02
8.900000000000000000e+02 9.227671301868940745e-02
8.910000000000000000e+02 9.205761553020667953e-02
8.920000000000000000e+02 9.183913490961692627e-02
8.930000000000000000e+02 9.162161040656005562e-02
8.940000000000000000e+02 9.140472947621930411e-02
8.950000000000000000e+02 9.118825447398870576e-02
8.960000000000000000e+02 9.097225300188613306e-02
8.970000000000000000e+02 9.075714273814249056e-02
8.980000000000000000e+02 9.054333952929541351e-02
8.990000000000000000e+02 9.033048789161403358e-02
9.000000000000000000e+02 9.011785586446889595e-02
9.010000000000000000e+02 8.990518802358986317e-02
9.020000000000000000e+02 8.969280866426282417e-02
9.030000000000000000e+02 8.948121613073074798e-02
9.040000000000000000e+02 8.927078018691618488e-02
9.050000000000000000e+02 8.906165912352402569e-02
9.060000000000000000e+02 8.885352378712316201e-02
9.070000000000000000e+02 8.864576001017560047e-02
9.080000000000000000e+02 8.843830480913932035e-02
9.090000000000000000e+02 8.823173766010664054e-02
9.100000000000000000e+02 8.802598963631967643e-02
9.110000000000000000e+02 8.782026549706403729e-02
9.120000000000000000e+02 8.761412080572966721e-02
9.130000000000000000e+02 8.740758716048634136e-02
9.140000000000000000e+02 8.720092088466466218e-02
9.150000000000000000e+02 8.699435162745193517e-02
9.160000000000000000e+02 8.678805126137083270e-02
9.170000000000000000e+02 8.658242073808010419e-02
9.180000000000000000e+02 8.637758618302468494e-02
9.190000000000000000e+02 8.617328144241086230e-02
9.200000000000000000e+02 8.596927732541165268e-02
9.210000000000000000e+02 8.576541288220373982e-02
9.220000000000000000e+02 8.556196035987295723e-02
9.230000000000000000e+02 8.535949653789826064e-02
9.240000000000000000e+02 8.515840752452906448e-02
9.250000000000000000e+02 8.495839865948032199e-02
9.260000000000000000e+02 8.475871206035592853e-02
9.270000000000000000e+02 8.455913709503967701e-02
9.280000000000000000e+02 8.435978402155173972e-02
9.290000000000000000e+02 8.416066694603527298e-02
9.300000000000000000e+02 8.396173729779478345e-02
9.310000000000000000e+02 8.376283054213709556e-02
9.320000000000000000e+02 8.356418897809204938e-02
9.330000000000000000e+02 8.336592828121357213e-02
9.340000000000000000e+02 8.316782621461912828e-02
9.350000000000000000e+02 8.297022253821931259e-02
9.360000000000000000e+02 8.277377161840235309e-02
9.370000000000000000e+02 8.257856643797725771e-02
9.380000000000000000e+02 8.238419530485383002e-02
9.390000000000000000e+02 8.219027195336807423e-02
9.400000000000000000e+02 8.199705802562769208e-02
9.410000000000000000e+02 8.180534760271754302e-02
9.420000000000000000e+02 8.161512741911355895e-02
9.430000000000000000e+02 8.142523805478234233e-02
9.440000000000000000e+02 8.123555194510041766e-02
9.450000000000000000e+02 8.104690937035502474e-02
9.460000000000000000e+02 8.085916636881768094e-02
9.470000000000000000e+02 8.067164230441843664e-02
9.480000000000000000e+02 8.048389964080437942e-02
9.490000000000000000e+02 8.029619062383393235e-02
9.500000000000000000e+02 8.010891644029148606e-02
9.510000000000000000e+02 7.992193409015979633e-02
9.520000000000000000e+02 7.973513377044372241e-02
9.530000000000000000e+02 7.954884795123282060e-02
9.540000000000000000e+02 7.936290284853621257e-02
9.550000000000000000e+02 7.917667136109439452e-02
9.560000000000000000e+02 7.899050565053783446e-02
9.570000000000000000e+02 7.880525719629788428e-02
9.580000000000000000e+02 7.862072092251973232e-02
9.590000000000000000e+02 7.843587508300625677e-02
9.600000000000000000e+02 7.825036522302680764e-02
9.610000000000000000e+02 7.806459262544222788e-02
9.620000000000000000e+02 7.787900389968960280e-02
9.630000000000000000e+02 7.769410582855582059e-02
9.640000000000000000e+02 7.751007983129296064e-02
9.650000000000000000e+02 7.732623141443889514e-02
9.660000000000000000e+02 7.714210684365664650e-02
9.670000000000000000e+02 7.695795423536623547e-02
9.680000000000000000e+02 7.677377917860575551e-02
9.690000000000000000e+02 7.658909426281713950e-02
9.700000000000000000e+02 7.640374825122087099e-02
9.710000000000000000e+02 7.621837621759629255e-02
9.720000000000000000e+02 7.603387906748658442e-02
9.730000000000000000e+02 7.585011210829481487e-02
9.740000000000000000e+02 7.566608100815511162e-02
9.750000000000000000e+02 7.548172917381078262e-02
9.760000000000000000e+02 7.529770424578216548e-02
9.770000000000000000e+02 7.511394532215610875e-02
9.780000000000000000e+02 7.493021571361739575e-02
9.790000000000000000e+02 7.474724638781977959e-02
9.800000000000000000e+02 7.456531677377917222e-02
9.810000000000000000e+02 7.438392761792279873e-02
9.820000000000000000e+02 7.420371745200785019e-02
9.830000000000000000e+02 7.402529724446217652e-02
9.840000000000000000e+02 7.384775530191151072e-02
9.850000000000000000e+02 7.367005425156387954e-02
9.860000000000000000e+02 7.349216013202358733e-02
9.870000000000000000e+02 7.331436566749284511e-02
9.880000000000000000e+02 7.313699173812872323e-02
9.890000000000000000e+02 7.296046310865414442e-02
9.900000000000000000e+02 7.278477948736920833e-02
9.910000000000000000e+02 7.260972561979446571e-02
9.920000000000000000e+02 7.243513327642128741e-02
9.930000000000000000e+02 7.226093007063587315e-02
9.940000000000000000e+02 7.208702636485153636e-02
9.950000000000000000e+02 7.191344237463832834e-02
9.960000000000000000e+02 7.174051489634715451e-02
9.970000000000000000e+02 7.156822861746410525e-02
9.980000000000000000e+02 7.139574290795058786e-02
9.990000000000000000e+02 7.122253325929886469e-02
1.000000000000000000e+03 7.104891770270956031e-02
