# Random field Heisenberg chain
# L=14, J=1, Delta=0.5, W=1.5, h_i in [-W,W]
# Integrated spectral function of the Anderson LIOMs I_alpha
# omega I_alpha

0.000000000000000000e+00 1.006860058462362602e-03
0.000000000000000000e+00 2.057788912752204179e-03
0.000000000000000000e+00 3.000928923415266056e-03
0.000000000000000000e+00 4.128116242178621158e-03
0.000000000000000000e+00 5.003508505036176335e-03
0.000000000000000000e+00 6.042769261583935854e-03
0.000000000000000000e+00 7.019390594600368426e-03
0.000000000000000000e+00 8.011985955769027404e-03
0.000000000000000000e+00 9.002625540349723510e-03
0.000000000000000000e+00 1.002337756471624076e-02
0.000000000000000000e+00 1.100954140874701136e-02
0.000000000000000000e+00 1.207535749853240990e-02
0.000000000000000000e+00 1.307561780030461196e-02
0.000000000000000000e+00 1.402516504788258594e-02
0.000000000000000000e+00 1.501499623719386965e-02
0.000000000000000000e+00 1.608202327819937758e-02
0.000000000000000000e+00 1.702646476636319670e-02
0.000000000000000000e+00 1.802081203416613236e-02
0.000000000000000000e+00 1.901994379194388990e-02
0.000000000000000000e+00 2.002646878041891218e-02
0.000000000000000000e+00 2.110610261902432644e-02
0.000000000000000000e+00 2.204096761593591497e-02
0.000000000000000000e+00 2.300584888878942635e-02
0.000000000000000000e+00 2.404299267342226848e-02
0.000000000000000000e+00 2.500412931164683675e-02
0.000000000000000000e+00 2.600847794267002050e-02
0.000000000000000000e+00 2.703263280657828768e-02
0.000000000000000000e+00 2.808726167899102191e-02
0.000000000000000000e+00 2.900293973607441858e-02
0.000000000000000000e+00 3.004700410554490136e-02
0.000000000000000000e+00 3.101324923231471575e-02
0.000000000000000000e+00 3.205073629192984469e-02
0.000000000000000000e+00 3.301254585720987678e-02
0.000000000000000000e+00 3.405607627787283348e-02
0.000000000000000000e+00 3.509612065037766987e-02
0.000000000000000000e+00 3.606685513852996017e-02
0.000000000000000000e+00 3.700334257578966057e-02
0.000000000000000000e+00 3.813315760565156448e-02
0.000000000000000000e+00 3.918421714694884234e-02
0.000000000000000000e+00 4.003348325314362577e-02
0.000000000000000000e+00 4.111506286823628231e-02
0.000000000000000000e+00 4.200488139960539130e-02
0.000000000000000000e+00 4.305517298089055894e-02
0.000000000000000000e+00 4.400134148266612866e-02
0.000000000000000000e+00 4.511740957556868020e-02
0.000000000000000000e+00 4.601783043712188298e-02
0.000000000000000000e+00 4.705478337338582506e-02
0.000000000000000000e+00 4.800201742500478236e-02
0.000000000000000000e+00 4.900307634825579878e-02
0.000000000000000000e+00 5.011856564234120487e-02
0.000000000000000000e+00 5.107030635146393716e-02
0.000000000000000000e+00 5.201130240101437680e-02
0.000000000000000000e+00 5.300592557871409288e-02
0.000000000000000000e+00 5.400724966324921966e-02
0.000000000000000000e+00 5.508659377663944340e-02
0.000000000000000000e+00 5.612200862295641662e-02
0.000000000000000000e+00 5.701491167001802168e-02
0.000000000000000000e+00 5.801639004094315266e-02
0.000000000000000000e+00 5.900082705868434085e-02
0.000000000000000000e+00 6.012357357861638357e-02
0.000000000000000000e+00 6.115391302464280587e-02
0.000000000000000000e+00 6.208829934597347167e-02
0.000000000000000000e+00 6.305037927609812021e-02
0.000000000000000000e+00 6.402414155354604897e-02
0.000000000000000000e+00 6.505623572018381928e-02
0.000000000000000000e+00 6.608979760559953454e-02
0.000000000000000000e+00 6.712036734827042661e-02
0.000000000000000000e+00 6.806889946560103211e-02
0.000000000000000000e+00 6.904819789640448402e-02
0.000000000000000000e+00 7.000886278172432919e-02
0.000000000000000000e+00 7.102535078918732758e-02
0.000000000000000000e+00 7.204563622671279755e-02
0.000000000000000000e+00 7.309586365149663145e-02
0.000000000000000000e+00 7.413885763522926053e-02
0.000000000000000000e+00 7.513423224802334710e-02
0.000000000000000000e+00 7.601640044146704134e-02
0.000000000000000000e+00 7.700149835475143811e-02
0.000000000000000000e+00 7.801051680178967829e-02
0.000000000000000000e+00 7.901665501113773471e-02
0.000000000000000000e+00 8.000957587613559407e-02
0.000000000000000000e+00 8.100894598476865438e-02
0.000000000000000000e+00 8.201840569844680295e-02
0.000000000000000000e+00 8.300020534570186348e-02
0.000000000000000000e+00 8.416380609290752268e-02
0.000000000000000000e+00 8.508819056666365455e-02
0.000000000000000000e+00 8.607124864503058748e-02
0.000000000000000000e+00 8.707052648401823747e-02
0.000000000000000000e+00 8.817734259751271175e-02
0.000000000000000000e+00 8.900093779880466349e-02
0.000000000000000000e+00 9.003656512034127757e-02
0.000000000000000000e+00 9.105111245609165405e-02
0.000000000000000000e+00 9.202411768415516558e-02
0.000000000000000000e+00 9.310487517538515445e-02
0.000000000000000000e+00 9.409939177096582341e-02
0.000000000000000000e+00 9.504812116475828965e-02
0.000000000000000000e+00 9.601702709790854717e-02
0.000000000000000000e+00 9.711188457894587289e-02
0.000000000000000000e+00 9.800422222727409038e-02
0.000000000000000000e+00 9.907527260066506525e-02
0.000000000000000000e+00 1.001146492943727623e-01
0.000000000000000000e+00 1.010142269902753881e-01
0.000000000000000000e+00 1.020327648786604896e-01
0.000000000000000000e+00 1.030721344543733403e-01
0.000000000000000000e+00 1.040403680291481364e-01
0.000000000000000000e+00 1.050128744998189562e-01
0.000000000000000000e+00 1.062174533707290480e-01
0.000000000000000000e+00 1.071467734090021801e-01
0.000000000000000000e+00 1.080227575459832279e-01
0.000000000000000000e+00 1.091826508796368972e-01
0.000000000000000000e+00 1.101855218433127753e-01
0.000000000000000000e+00 1.110023751736535086e-01
0.000000000000000000e+00 1.120486311915585564e-01
1.685833840157080488e-04 1.130178708150833544e-01
2.891412490475531172e-04 1.140325458016646087e-01
4.058033086316858995e-04 1.150098042533514442e-01
4.768307214573219710e-04 1.160287935776940504e-01
5.428017038804355821e-04 1.170137921234862405e-01
5.879604815390848671e-04 1.180053737054288648e-01
6.500817727683738667e-04 1.190026948318875233e-01
7.080802596748370092e-04 1.200029956076114762e-01
7.719564192445460549e-04 1.210258267540149923e-01
8.241141378544369900e-04 1.220225246563483718e-01
8.760528114502008634e-04 1.230262615356349093e-01
9.262270087400104046e-04 1.240014934907724686e-01
9.953614024968970853e-04 1.250093073021349421e-01
1.067986795119324483e-03 1.260102736392219869e-01
1.105663299639125796e-03 1.270030506764265876e-01
1.146221135017000403e-03 1.280453284323979646e-01
1.187099007289305064e-03 1.290040607972871567e-01
1.227475171751368777e-03 1.300013067101121744e-01
1.288260307533484195e-03 1.310013161091579392e-01
1.332153190250373598e-03 1.320250357304670330e-01
1.403424959666388361e-03 1.330025277342883894e-01
1.466023100694657799e-03 1.340317435320181605e-01
1.523213293429748205e-03 1.350160611759906037e-01
1.571402366244534221e-03 1.360004764485752971e-01
1.627923086488625160e-03 1.370018160432427690e-01
1.684977402504506117e-03 1.380447934590864345e-01
1.738094543519252966e-03 1.390062534824757501e-01
1.788507187437726742e-03 1.400348103356370832e-01
1.840715120410507666e-03 1.410245557917920167e-01
1.874711315279942170e-03 1.420512560629457743e-01
1.921140805919652195e-03 1.430114560311590288e-01
1.966473227164700077e-03 1.440026480032599865e-01
2.038407000065411978e-03 1.450154303701525205e-01
2.077794043736425067e-03 1.460097786481130144e-01
2.125790242846654909e-03 1.470080214998154278e-01
2.148110282671478188e-03 1.480001531154190586e-01
2.233364693728034922e-03 1.490051443540722220e-01
2.277010108807431266e-03 1.500086892853581266e-01
2.316458253964093217e-03 1.510018351640134426e-01
2.367936914020596362e-03 1.520431273408022199e-01
2.405775923240316416e-03 1.530121202043288331e-01
2.472883132854541977e-03 1.540247539531698351e-01
2.525213530163661346e-03 1.550063367417459648e-01
2.580864515324465813e-03 1.560023233496829753e-01
2.613717773171764236e-03 1.570018257517507843e-01
2.664361290856342990e-03 1.580029552680655147e-01
2.712540542051389281e-03 1.590158908949863004e-01
2.748512469425978821e-03 1.600161543641528406e-01
2.804148314794918662e-03 1.610046192282801880e-01
2.842864894979424406e-03 1.620018822275664516e-01
2.891483126380656188e-03 1.630273549970236990e-01
2.964274440711456293e-03 1.640012431320862218e-01
3.036247719031992531e-03 1.650002319978364218e-01
3.093549004442586181e-03 1.660008161133736948e-01
3.150448782980624918e-03 1.670030235967720766e-01
3.205008055238600662e-03 1.680048431514859497e-01
3.272433698575216710e-03 1.690119415450550555e-01
3.342648072553217053e-03 1.700120156955224893e-01
3.407889488316051541e-03 1.710004717568605614e-01
3.457214404069652858e-03 1.720146460307268033e-01
3.502335488245966744e-03 1.730096475033205683e-01
3.568119237641997898e-03 1.740102228456766320e-01
3.643163502306645540e-03 1.750054052983641695e-01
3.698568321247597268e-03 1.760033829731053878e-01
3.747522952453508083e-03 1.770138412323954413e-01
3.793296515051558515e-03 1.780090633474366857e-01
3.840395768811344368e-03 1.790009300875802511e-01
3.909046509100733147e-03 1.800048144175135367e-01
3.961750989598833428e-03 1.810110733365347391e-01
3.998469028460460706e-03 1.820066124338825253e-01
4.065625164455521912e-03 1.830148245327255507e-01
4.144050701924473223e-03 1.840294536813603110e-01
4.211314760195983276e-03 1.850061128288299495e-01
4.286141070831028799e-03 1.860020806557493023e-01
4.346012272971044865e-03 1.870109924167082938e-01
4.391808458162227424e-03 1.880021345915708908e-01
4.443644579033900754e-03 1.890010413978532311e-01
4.478175001274564693e-03 1.900160702542782742e-01
4.530749198448535964e-03 1.910005741631574105e-01
4.585920410020705162e-03 1.920127108823070361e-01
4.648463150511927822e-03 1.930010032151739940e-01
4.707125669652256761e-03 1.940070695116010713e-01
4.766896193220127032e-03 1.950020855327816161e-01
4.824811972365949941e-03 1.960021868196551442e-01
4.904019447850516134e-03 1.970013598151614809e-01
4.978053397342474540e-03 1.980195134861472139e-01
5.047439109874929386e-03 1.990382955125820086e-01
5.108380662143030548e-03 2.000248529781217810e-01
5.168833478777612456e-03 2.010081074961564962e-01
5.229974291744765580e-03 2.020041899444870725e-01
5.290767962280451542e-03 2.030133177812714906e-01
5.355931982442552197e-03 2.040145568781236152e-01
5.430010457069478491e-03 2.050319135242821555e-01
5.495627835616190282e-03 2.060207431083559138e-01
5.564485708851374390e-03 2.070073735838490192e-01
5.659922781205750653e-03 2.080043875483311155e-01
5.720326434826894513e-03 2.090000471050900144e-01
5.788750818858989788e-03 2.100030270688860168e-01
5.872709180264834572e-03 2.110176545037783513e-01
5.953943467296163305e-03 2.120074265449665707e-01
6.008391616096453447e-03 2.130022201007030214e-01
6.080501117542880252e-03 2.140102603558599603e-01
6.164730265638684870e-03 2.150041117122006296e-01
6.230677345993473892e-03 2.160049890088306945e-01
6.304213398906632904e-03 2.170034217990023939e-01
6.386504852730290338e-03 2.180001746983313837e-01
6.482031212233563267e-03 2.190001329890030601e-01
6.566595804060604280e-03 2.200016146320528665e-01
6.662434719295035057e-03 2.210018760546721694e-01
6.742253957270349929e-03 2.220101915992687691e-01
6.809639988033078239e-03 2.230133142736382412e-01
6.906963410548264126e-03 2.240179665668770304e-01
6.988888083679256624e-03 2.250025943145469165e-01
7.081275931404507062e-03 2.260006686563384715e-01
7.180346818099980766e-03 2.270007958977240947e-01
7.236133008798883992e-03 2.280062679797262848e-01
7.312960507359633766e-03 2.290016993975357018e-01
7.374804501616871732e-03 2.300090384163236967e-01
7.439769604603185815e-03 2.310015908435425758e-01
7.550989722179712871e-03 2.320007358967599853e-01
7.652634436035476995e-03 2.330070626155647806e-01
7.739313914001177963e-03 2.340339821440499957e-01
7.834296008691232771e-03 2.350077044581273256e-01
7.921346317578237262e-03 2.360290164292405957e-01
7.992288288835691645e-03 2.370070936925545713e-01
8.100036298184232209e-03 2.380045878786111180e-01
8.189850328773395916e-03 2.390080434913446905e-01
8.303910603217223851e-03 2.400259488724383328e-01
8.380575629319819697e-03 2.410189588008370964e-01
8.460710233322288332e-03 2.420724480095319542e-01
8.527837037904717477e-03 2.430641025506521113e-01
8.636183364191030165e-03 2.440036768460887573e-01
8.735746494963614328e-03 2.450061601358126118e-01
8.841069825051173225e-03 2.460114323719480023e-01
8.964401980034009121e-03 2.470015797053091711e-01
9.075628123266454850e-03 2.480025843112928230e-01
9.172184340928923874e-03 2.490147891197828922e-01
9.296621507856706046e-03 2.500007234859940031e-01
9.412710841906646309e-03 2.510276164631671802e-01
9.518584043820332852e-03 2.520014320497150906e-01
9.630330774371032021e-03 2.530373245908578705e-01
9.718096545880072767e-03 2.540004594390355974e-01
9.785746065822387152e-03 2.550028974914623214e-01
9.885996194536339488e-03 2.560016238295749202e-01
1.001181539126494435e-02 2.570012467656377919e-01
1.010130107704387825e-02 2.580001174080375215e-01
1.020485521947123164e-02 2.590023255726586759e-01
1.033540771938534775e-02 2.600118265988480282e-01
1.044769811103441783e-02 2.610017370132527992e-01
1.057193410434331682e-02 2.620016365720605478e-01
1.070480419686337115e-02 2.630023891268192804e-01
1.077913611609448985e-02 2.640064763859300556e-01
1.086923739704470648e-02 2.650088187877682189e-01
1.101350493652386575e-02 2.660000206185685889e-01
1.110674850778847755e-02 2.670092316320072379e-01
1.120041045333775021e-02 2.680038695862272946e-01
1.129082992731289536e-02 2.690041591739898985e-01
1.143855127366588675e-02 2.700060948652676096e-01
1.153840090257718387e-02 2.710036972982747261e-01
1.164057436381094046e-02 2.720061924689074484e-01
1.175254004655679196e-02 2.730012146610905077e-01
1.189629611477638349e-02 2.740011658721782650e-01
1.202721384223182088e-02 2.750027540331136389e-01
1.216665907920899681e-02 2.760026997816233951e-01
1.227626806252435365e-02 2.770030674799798254e-01
1.239206511178281289e-02 2.780085541962664109e-01
1.248424487024379914e-02 2.790056288500949444e-01
1.260670557868159847e-02 2.800035729655691585e-01
1.273921660505639153e-02 2.810039140026422966e-01
1.282083754841045753e-02 2.820059848766354738e-01
1.296295757116361358e-02 2.830063110284191663e-01
1.312141434020830388e-02 2.840042644001120054e-01
1.321398651811289682e-02 2.850004603619193944e-01
1.331319776663486554e-02 2.860031199529434742e-01
1.343995647597795440e-02 2.870017620373727096e-01
1.358587250798404256e-02 2.880261896247155451e-01
1.371163788088675117e-02 2.890024789735619049e-01
1.384902495275652790e-02 2.900065737111629516e-01
1.398342808848318519e-02 2.910044142332917083e-01
1.413011089289639699e-02 2.920010504713726474e-01
1.426507324904613405e-02 2.930058849002481480e-01
1.437178644479131240e-02 2.940000530738239304e-01
1.451555832124018508e-02 2.950000686814217010e-01
1.467283260156859725e-02 2.960016474712754975e-01
1.476526450162207738e-02 2.970111107733585110e-01
1.492205091549969609e-02 2.980043067415099611e-01
1.508955419973023737e-02 2.990007356832252716e-01
1.519884369760582388e-02 3.000138411025560226e-01
1.534506419614320612e-02 3.010100181122014051e-01
1.545264162001114272e-02 3.020096210024947325e-01
1.563264671946987261e-02 3.030151711586349106e-01
1.575771189524122207e-02 3.040058650366208592e-01
1.591831806166599250e-02 3.050008567926260072e-01
1.605366514194916938e-02 3.060025148899436220e-01
1.615702414330821846e-02 3.070047086793476487e-01
1.630973017555881199e-02 3.080002373387772385e-01
1.646520864600997669e-02 3.090287764521242320e-01
1.657261856265845879e-02 3.100002958529277652e-01
1.673996660514642798e-02 3.110065279803043703e-01
1.685842304866991270e-02 3.120008321637521287e-01
1.699865617704032772e-02 3.130031793750321922e-01
1.717269978870783476e-02 3.140010056541339134e-01
1.731112904966769506e-02 3.150739782146020351e-01
1.747105276282168163e-02 3.160023856914246365e-01
1.758838997341127808e-02 3.170025511005533647e-01
1.775363540715905325e-02 3.180007045133911303e-01
1.787493768160097751e-02 3.190170846376370051e-01
1.801350043334082329e-02 3.200019251090688854e-01
1.817746942502695973e-02 3.210001428815105751e-01
1.837068960752841207e-02 3.220005252406559215e-01
1.849279535156078680e-02 3.230001912138358855e-01
1.865763422338195809e-02 3.240013028554371566e-01
1.882201937967992178e-02 3.250005551093830269e-01
1.898976816740516327e-02 3.260065124400661762e-01
1.914030554337831092e-02 3.270116127093229963e-01
1.930589087658329817e-02 3.280068579923602345e-01
1.951036242614295757e-02 3.290013173150318493e-01
1.968526142716742200e-02 3.300066834963920614e-01
1.984633192014251257e-02 3.310159152200977672e-01
2.002026229495079690e-02 3.320196012327880641e-01
2.019678740599761824e-02 3.330008089978792052e-01
2.035667510746730358e-02 3.340014234142597571e-01
2.054894673528506743e-02 3.350070337118571384e-01
2.069874029418938832e-02 3.360067795305416993e-01
2.082490311659235260e-02 3.370003938438732027e-01
2.097903345124807473e-02 3.380073956682610459e-01
2.117541209832296545e-02 3.390004467381715347e-01
2.135036695474812340e-02 3.400068401277309693e-01
2.151984896834235883e-02 3.410004171999982403e-01
2.166252283937808443e-02 3.420014410640346281e-01
2.182632592401123617e-02 3.430046471071616088e-01
2.202501667218559334e-02 3.440014654279798800e-01
2.218396314932924440e-02 3.450052933157056745e-01
2.235090369606451688e-02 3.460001921517333878e-01
2.259051466072570236e-02 3.470018135360763978e-01
2.278314818672644293e-02 3.480159748501288064e-01
2.292954727111695679e-02 3.490009764997651365e-01
2.308357191594190283e-02 3.500011578183023220e-01
2.329979124199077489e-02 3.510028412679111476e-01
2.350923993122933098e-02 3.520003404551126924e-01
2.370017914448663277e-02 3.530022528642779434e-01
2.387799777195576123e-02 3.540023367914141850e-01
2.405873366928212853e-02 3.550142583853827527e-01
2.425657163165606534e-02 3.560005653999187003e-01
2.445121928191751337e-02 3.570165356655872757e-01
2.464336926317445275e-02 3.580007603573485686e-01
2.484656055819201015e-02 3.590009789581412036e-01
2.507880764191200429e-02 3.600006997908249962e-01
2.528180348376629638e-02 3.610092818358467404e-01
2.551398867601761822e-02 3.620036212941927789e-01
2.567619927489772635e-02 3.630170966147612810e-01
2.584643339862646716e-02 3.640030775926405560e-01
2.600442188746576733e-02 3.650000817353952764e-01
2.627094935303642131e-02 3.660019944993395113e-01
2.647302304460286138e-02 3.670001077927438904e-01
2.667530738629803055e-02 3.680006237101309252e-01
2.686133844018812056e-02 3.690010307766428688e-01
2.705178499501226241e-02 3.700009674657271930e-01
2.725073316364867715e-02 3.710006008644828879e-01
2.747492436922716053e-02 3.720011303110566936e-01
2.768515518749370408e-02 3.730016181565988798e-01
2.783783499631997671e-02 3.740180665088971290e-01
2.805830054277813623e-02 3.750055273048779059e-01
2.827557401941760418e-02 3.760036363614349675e-01
2.851386693894930602e-02 3.770109497051101766e-01
2.870248529397700921e-02 3.780871290709571508e-01
2.888466473129769341e-02 3.790004498494044527e-01
2.911518907411547730e-02 3.800001899883568290e-01
2.936406122727674983e-02 3.810262511408688546e-01
2.961571755176617415e-02 3.820000762974929964e-01
2.982276707868636301e-02 3.830003132016903677e-01
3.006513319424763964e-02 3.840008652935493205e-01
3.023959966965161783e-02 3.850015514439626418e-01
3.048088996579334520e-02 3.860074445750903416e-01
3.067814976821336970e-02 3.870003085901336792e-01
3.088609484297033525e-02 3.880043595468026241e-01
3.103099152316524112e-02 3.890102183918920931e-01
3.126761215891793455e-02 3.900003993926796086e-01
3.147045554135319279e-02 3.910240830457138994e-01
3.166032720122746724e-02 3.920013877453430995e-01
3.187019164229076829e-02 3.930042589235153150e-01
3.211059254600551194e-02 3.940028395704152642e-01
3.232521551289480044e-02 3.950025759668467362e-01
3.250955605378758051e-02 3.960004068677811517e-01
3.275201871520971864e-02 3.970045745973962426e-01
3.295835735077679018e-02 3.980005142352069925e-01
3.316778848487000886e-02 3.990055769353949566e-01
3.346884044936526692e-02 4.000003341053477435e-01
3.375720486617306282e-02 4.010243205808023959e-01
3.400721192714772911e-02 4.020378770136885938e-01
3.422213401067919492e-02 4.030094874738245903e-01
3.451917871493836998e-02 4.040000909650656169e-01
3.475615058569658800e-02 4.050004238616055074e-01
3.497488241931767661e-02 4.060000660950631168e-01
3.518987373690407594e-02 4.070013602308398815e-01
3.537858236663748990e-02 4.080009931204240936e-01
3.560561587663624294e-02 4.090008702670391294e-01
3.587575185527613897e-02 4.100215581523366515e-01
3.615913943997262070e-02 4.110019210753643182e-01
3.642431225383901960e-02 4.120293390329245464e-01
3.671123184919133919e-02 4.130001238121526752e-01
3.694029508956542251e-02 4.140003710571869555e-01
3.718991228801460380e-02 4.150025174026493735e-01
3.742923187020652520e-02 4.160012955614963426e-01
3.770361761575902193e-02 4.170008239037579223e-01
3.800368101381745856e-02 4.180258298997794331e-01
3.833500452518912027e-02 4.190001768643311086e-01
3.852742689693444689e-02 4.200007493577642137e-01
3.879054016184380060e-02 4.210244381447715845e-01
3.896310152508375424e-02 4.220003745303899101e-01
3.920929411160223310e-02 4.230094916786399928e-01
3.948668244583836140e-02 4.240126740411169770e-01
3.968617064311458220e-02 4.250000774548550742e-01
3.993931578573040042e-02 4.260028466174282658e-01
4.018941553491295338e-02 4.270010298681123917e-01
4.049971287592324387e-02 4.280040826965237910e-01
4.071934741990435036e-02 4.290031602795136845e-01
4.105639275194006288e-02 4.300005491723633555e-01
4.131892993346664156e-02 4.310009815477929829e-01
4.161818830816055304e-02 4.320006782864089789e-01
4.190975886035985809e-02 4.330044856232666550e-01
4.214653416501445982e-02 4.340082773415575579e-01
4.240552714271184076e-02 4.350000871676908965e-01
4.269448860989810690e-02 4.360040595984904233e-01
4.292884674916930265e-02 4.370064598245694265e-01
4.317365589674704296e-02 4.380026617150386548e-01
4.347452107799876231e-02 4.390027212306311100e-01
4.377467668856205307e-02 4.400001651490699217e-01
4.413367501923648462e-02 4.410058691123611707e-01
4.439752631576387998e-02 4.420021854812066220e-01
4.473387217344537703e-02 4.430010950212334708e-01
4.502808427407511971e-02 4.440006685859682056e-01
4.531897339200818831e-02 4.450013612275270369e-01
4.557557391212307962e-02 4.460008735484560227e-01
4.592715359364829553e-02 4.470006698459990102e-01
4.622119415302927692e-02 4.480004667480906311e-01
4.652644458146948381e-02 4.490077955458134928e-01
4.682214497852976720e-02 4.500002148237196020e-01
4.713678953621519563e-02 4.510016909214924485e-01
4.743615499569253657e-02 4.520013784113914856e-01
4.771996174029924376e-02 4.530022807987446054e-01
4.802025389595687699e-02 4.540054282337347979e-01
4.827976565500602391e-02 4.550378597655547752e-01
4.860131723033989104e-02 4.560002081204658220e-01
4.888745972523422800e-02 4.570154653314627557e-01
4.917975297015253489e-02 4.580023935584315309e-01
4.949944566224395714e-02 4.590040879191636947e-01
4.982325516732583059e-02 4.600038555994757639e-01
4.998049726827646921e-02 4.610054713579652685e-01
5.034194012062676027e-02 4.620056669107727720e-01
5.062453568328173503e-02 4.630052896762430481e-01
5.098781469456947768e-02 4.640020040057645234e-01
5.133798877740824995e-02 4.650000942154734473e-01
5.161025981975336796e-02 4.660008314343231928e-01
5.191924749890941548e-02 4.670015564602786884e-01
5.224724515047629581e-02 4.680021342821632513e-01
5.256151580287582448e-02 4.690074939085255301e-01
5.285216060242725611e-02 4.700050407677862085e-01
5.316039169385733398e-02 4.710000078516675681e-01
5.344501713659188802e-02 4.720000698051851074e-01
5.375244651513422234e-02 4.730078413177282726e-01
5.400959344646683036e-02 4.740000583579673243e-01
5.440110880330983889e-02 4.750002930732801221e-01
5.469173822274564500e-02 4.760001837561112503e-01
5.501637485250610027e-02 4.770004275741744348e-01
5.529204769182882728e-02 4.780016265906472106e-01
5.560693289009832618e-02 4.790042494217555125e-01
5.583704501692032807e-02 4.800304136959905876e-01
5.612865769478059264e-02 4.810003115574550958e-01
5.647186064408060702e-02 4.820005597140963327e-01
5.681447029507857849e-02 4.830001814278335193e-01
5.719285579635613459e-02 4.840004371357847224e-01
5.746273103308552344e-02 4.850006783228770213e-01
5.786013200937795142e-02 4.860002781616683531e-01
5.819430952222681697e-02 4.870005421423798109e-01
5.851562749398553365e-02 4.880022392062421388e-01
5.885071131756003382e-02 4.890053188407751383e-01
5.921135495400076110e-02 4.900001203508205783e-01
5.953273476958487187e-02 4.910032921354449686e-01
5.988170874511133945e-02 4.920002003636074206e-01
6.026872897048285438e-02 4.930004725594901438e-01
6.066130461562552201e-02 4.940000166040578455e-01
6.105382654375812734e-02 4.950004046425667270e-01
6.138876166786122468e-02 4.960275666480253309e-01
6.169445290115049829e-02 4.970002520382471034e-01
6.202632718403833234e-02 4.980010011057123265e-01
6.233170224627393452e-02 4.990057321920416955e-01
6.266033487335198604e-02 5.000019997751300460e-01
6.296497263199452021e-02 5.010063217838627292e-01
6.322697421085710090e-02 5.020000571565892411e-01
6.355942702045513926e-02 5.030014637992299420e-01
6.392360732957858005e-02 5.040014744031312555e-01
6.426839347721946538e-02 5.050029702927210096e-01
6.465727104352722576e-02 5.060004645391267264e-01
6.509046414830343963e-02 5.070001528803730340e-01
6.542018368775970316e-02 5.080002822673385099e-01
6.577780777834441039e-02 5.090000761729683854e-01
6.614470255408422261e-02 5.100012699838928354e-01
6.646710419338797138e-02 5.110000443616145027e-01
6.680127554901016396e-02 5.120000345174923195e-01
6.721639887996677665e-02 5.130000265863613462e-01
6.758735277456295876e-02 5.140013845652706692e-01
6.798445844857958775e-02 5.150015030333978672e-01
6.811329055627535212e-02 5.160305453464741898e-01
6.848954788828232054e-02 5.170024647181102884e-01
6.885034875167739266e-02 5.180004489792787714e-01
6.929048352452635284e-02 5.190053175738269520e-01
6.966800296450559316e-02 5.200001312695701206e-01
7.008015220349061991e-02 5.210005598932327953e-01
7.046182459931049635e-02 5.220013755295265234e-01
7.086096464226576686e-02 5.230059873864904008e-01
7.121747644261944288e-02 5.240001813317485269e-01
7.157532036265212838e-02 5.250000994387085118e-01
7.197514451292419402e-02 5.260003529823606971e-01
7.235744427139856327e-02 5.270003743612394764e-01
7.282516272110850508e-02 5.280003241313848683e-01
7.321002220738881405e-02 5.290002895008057981e-01
7.360687055771863996e-02 5.300015233504843382e-01
7.394446059012493855e-02 5.310009381710498744e-01
7.438114805671336427e-02 5.320008979166435115e-01
7.468888616798458058e-02 5.330008196603239767e-01
7.520109559222332152e-02 5.340023836634710808e-01
7.555288403262494512e-02 5.350011059699431026e-01
7.590357861812568885e-02 5.360000809425511381e-01
7.631247339589108947e-02 5.370000552294362794e-01
7.661778850671296937e-02 5.380001940632981317e-01
7.696967213775351979e-02 5.390054409988515038e-01
7.740793518985533694e-02 5.400013262202891795e-01
7.771893231622678533e-02 5.410018681467069213e-01
7.813811517082291935e-02 5.420006964267408689e-01
7.858285468592374201e-02 5.430060631722636311e-01
7.899854687541907339e-02 5.440009004400105930e-01
7.933823325289823813e-02 5.450016774160511002e-01
7.975452875563254773e-02 5.460012337686059869e-01
8.011442736468143977e-02 5.470361476528322608e-01
8.061162013349632005e-02 5.480001964560414773e-01
8.109686310837149747e-02 5.490041327208587951e-01
8.149917170311860026e-02 5.500009995514243410e-01
8.187803349963163058e-02 5.510034138198180997e-01
8.229849583179360550e-02 5.520004787800141255e-01
8.268364060208810429e-02 5.530000157236079072e-01
8.309005960794603463e-02 5.540002438689828335e-01
8.350943352288364707e-02 5.550013615432134451e-01
8.393256176534613644e-02 5.560012129955403948e-01
8.435725759119683254e-02 5.570000494368261279e-01
8.477000064890294340e-02 5.580078714341574209e-01
8.523377797886588780e-02 5.590006364136084205e-01
8.562176171859725571e-02 5.600001942021120005e-01
8.602738683161303967e-02 5.610059025563109980e-01
8.642011750575762097e-02 5.620002008005157146e-01
8.692207134732754525e-02 5.630010767833590890e-01
8.734665635649019322e-02 5.640005489548449713e-01
8.773707927387408567e-02 5.650027694407897538e-01
8.817653620041898677e-02 5.660013551586672298e-01
8.871318010211859395e-02 5.670001183057498118e-01
8.916094326952683780e-02 5.680031996512351355e-01
8.967343714137099298e-02 5.690068974337374463e-01
9.014312929201673263e-02 5.700014146975844742e-01
9.052229230645014724e-02 5.710208159600594913e-01
9.101220687146316379e-02 5.720021458402356762e-01
9.137629703084160226e-02 5.730001463018998820e-01
9.194963448333570710e-02 5.740004760691899133e-01
9.242929296968682706e-02 5.750012351259317089e-01
9.278690285670654347e-02 5.760002659664680280e-01
9.326670758950128537e-02 5.770017984827482405e-01
9.378066863236789175e-02 5.780003474226944604e-01
9.431634384270792815e-02 5.790043011717577182e-01
9.482094086379699860e-02 5.800002332773875890e-01
9.532253428338410828e-02 5.810008317631137897e-01
9.578395823784902063e-02 5.820029233503795085e-01
9.628377259265796795e-02 5.830006101818433484e-01
9.679669588925912671e-02 5.840014185829117688e-01
9.731915131354595960e-02 5.850016269775103472e-01
9.779740576743067848e-02 5.860054377524016589e-01
9.826784299986340843e-02 5.870000549338171281e-01
9.872609008329008562e-02 5.880001453255444543e-01
9.927034535103657076e-02 5.890172238601036891e-01
9.980211099271696362e-02 5.900002482831276929e-01
1.002056485667833785e-01 5.910000126722781966e-01
1.007189040729983276e-01 5.920024569364548128e-01
1.012233296801603455e-01 5.930020756019952488e-01
1.017295651927163647e-01 5.940008360661053199e-01
1.022972077374106753e-01 5.950002234832266756e-01
1.027318050000625149e-01 5.960003242040196048e-01
1.032235119225735076e-01 5.970000829358100836e-01
1.037183931857019736e-01 5.980001612205102512e-01
1.041952366634366633e-01 5.990000569901977601e-01
1.047940000007243633e-01 6.000002913195711107e-01
1.053697627193053155e-01 6.010016837592352390e-01
1.059298129911110387e-01 6.020000123821357407e-01
1.065033805225215069e-01 6.030003307720516181e-01
1.071378402028688726e-01 6.040002288976967781e-01
1.076325890231260018e-01 6.050561455515904852e-01
1.079811083045831843e-01 6.060008001546858258e-01
1.086032485876722298e-01 6.070013685004186366e-01
1.091616742391421369e-01 6.080013575978321372e-01
1.095383895823736076e-01 6.091279891370083854e-01
1.099911238284159154e-01 6.100060829666043016e-01
1.105953371530663532e-01 6.110005724267043581e-01
1.111683235848506257e-01 6.120001941526548306e-01
1.117675559127265239e-01 6.130003810995107161e-01
1.121236040781417032e-01 6.140363604644974993e-01
1.127365398693376264e-01 6.150004434899941641e-01
1.134028401424568289e-01 6.160004795961363522e-01
1.140055570661653306e-01 6.170024487385422640e-01
1.146222755050589903e-01 6.180000749814112959e-01
1.152089463741179376e-01 6.190009661649938932e-01
1.158170769690367585e-01 6.200019838677125472e-01
1.164321451806267227e-01 6.210018023273408128e-01
1.169940827764417435e-01 6.220133591413544716e-01
1.176100532754604799e-01 6.230024797604022391e-01
1.181733909426752049e-01 6.240028269625707003e-01
1.187550064739790745e-01 6.250000297353267564e-01
1.192996017907110851e-01 6.260007581921495090e-01
1.200291663487181859e-01 6.270002630154639656e-01
1.206541802509275563e-01 6.280000019356651864e-01
1.213179384808964478e-01 6.290001528621317339e-01
1.220005580197440764e-01 6.300094049271777186e-01
1.225945064504001536e-01 6.310003663066726665e-01
1.232155637431457951e-01 6.320000041772221300e-01
1.238040372115463139e-01 6.330011253964037410e-01
1.244939538684892710e-01 6.340009036491948136e-01
1.251242027257788436e-01 6.350001640303836181e-01
1.255515141614457764e-01 6.360032970528760599e-01
1.263486665100623796e-01 6.370002945782400339e-01
1.270630251346656081e-01 6.380020942576830612e-01
1.277682573162775004e-01 6.390012902247642623e-01
1.284186148510855219e-01 6.400548736775418801e-01
1.290411290644801756e-01 6.410007701172335537e-01
1.296446339587313812e-01 6.420061371626031299e-01
1.302291915044330173e-01 6.430004753099544113e-01
1.309179335049432957e-01 6.440098124411641756e-01
1.313961047939784521e-01 6.451147608569393066e-01
1.319508284272803422e-01 6.460000735192589216e-01
1.326302318373600020e-01 6.470017594907536695e-01
1.332476260881740870e-01 6.480004466105093730e-01
1.339213716882654559e-01 6.490007478475793290e-01
1.346089312598626186e-01 6.500031613917675033e-01
1.352726811507869442e-01 6.510024835249502706e-01
1.358927002385778571e-01 6.520068356647735763e-01
1.365143724140649439e-01 6.530009071411672084e-01
1.371938416124032223e-01 6.540006385658209132e-01
1.379404647504320902e-01 6.550016079450698969e-01
1.386712124727598194e-01 6.560003216607849241e-01
1.393218004349344730e-01 6.570014578720212439e-01
1.400807917793356339e-01 6.580002205531936266e-01
1.408581237841008971e-01 6.590108142289207160e-01
1.414902364508523469e-01 6.600002177527920511e-01
1.421230835472782061e-01 6.610006238754144725e-01
1.429168927563289060e-01 6.620001194448982273e-01
1.437431410175884494e-01 6.630027599640303526e-01
1.444877544336660158e-01 6.640006302696798146e-01
1.451823410665360470e-01 6.650001795515895209e-01
1.458674286203862636e-01 6.660017357781439218e-01
1.466726805753038043e-01 6.670011102210572362e-01
1.473849331179468425e-01 6.680001168862850225e-01
1.481204733625784975e-01 6.690013108489126781e-01
1.488081292345031503e-01 6.700019803397433416e-01
1.494272412447612552e-01 6.710001433437272622e-01
1.501314536004935141e-01 6.720006407855529940e-01
1.508231921797639763e-01 6.730012303361495585e-01
1.514731243209208600e-01 6.740006149574433447e-01
1.521363832347075729e-01 6.750054502208383544e-01
1.528527906934362690e-01 6.760002077826209321e-01
1.534973749035657420e-01 6.770000643865897727e-01
1.541660357926950553e-01 6.780023616254929886e-01
1.548346129949420558e-01 6.790643539759608771e-01
1.554457222626988155e-01 6.800000520608876498e-01
1.561452178679099134e-01 6.810001467405124576e-01
1.570603762681446192e-01 6.820001755631638352e-01
1.578806172264153318e-01 6.830032102026587504e-01
1.587033336612990730e-01 6.840199534581251628e-01
1.592643708045997641e-01 6.850277096974045632e-01
1.598924931537855088e-01 6.860011490272921453e-01
1.606433485807300388e-01 6.870019548150068101e-01
1.613954134096582393e-01 6.880002025665761245e-01
1.621582003792023663e-01 6.890010500788237291e-01
1.628599543741116040e-01 6.900000147546855311e-01
1.635196723758032267e-01 6.910007169147610595e-01
1.642767226202231368e-01 6.920014690399555191e-01
1.650542752570371974e-01 6.930007292468670643e-01
1.658550839852617198e-01 6.940001171743531705e-01
1.666031704500077204e-01 6.950752772711046301e-01
1.671575148376057696e-01 6.960001347947417649e-01
1.679463433459837396e-01 6.970007419703906359e-01
1.687793591806294735e-01 6.980010404024920012e-01
1.695878002708406385e-01 6.990022760205797381e-01
1.703094727843992851e-01 7.000001465096808984e-01
1.711797753438819569e-01 7.010030498800722265e-01
1.719868088396623307e-01 7.020017827043955050e-01
1.727305630852535856e-01 7.030009293985447494e-01
1.736410055842543265e-01 7.040007487706499978e-01
1.744547658311786931e-01 7.050002682236026219e-01
1.753631491632414718e-01 7.060003678926757287e-01
1.762389490791411717e-01 7.070002775680107598e-01
1.770427304828272597e-01 7.080055065251489310e-01
1.776820122674624414e-01 7.090002912669931545e-01
1.785634717408348671e-01 7.100001581964744402e-01
1.794888520895805417e-01 7.110002769330617811e-01
1.803863061879666940e-01 7.120000397702352934e-01
1.813135046763934000e-01 7.130026862990043179e-01
1.822303868047865372e-01 7.140001067707619775e-01
1.830500824935722970e-01 7.150030228353665418e-01
1.837709189410250410e-01 7.160001285212086453e-01
1.846611076792084027e-01 7.170005387409700282e-01
1.856472213489563927e-01 7.180004135080660932e-01
1.866613471633407073e-01 7.190008505428628904e-01
1.874127791090449691e-01 7.200001731303020680e-01
1.882300471279831910e-01 7.210006638990751338e-01
1.891269089799774150e-01 7.220000890117168613e-01
1.899610604231127819e-01 7.230006701958239246e-01
1.909312903282771035e-01 7.240005666996223166e-01
1.919104067791361778e-01 7.250057871685109401e-01
1.927391761997383490e-01 7.260003207294002392e-01
1.936704046471620089e-01 7.270001475179124206e-01
1.945734349427015175e-01 7.280067830669799678e-01
1.954580023797358734e-01 7.290000023838082432e-01
1.963457969137698544e-01 7.300000781915546577e-01
1.972988114119387237e-01 7.310001529524773334e-01
1.981075944396422095e-01 7.320000417813564697e-01
1.989672187830273664e-01 7.330001229760630954e-01
1.999601109696387269e-01 7.340027343892193690e-01
2.007637854489723317e-01 7.350004840082994262e-01
2.016436356603785729e-01 7.360036068215922711e-01
2.026404736054138733e-01 7.370000690573332847e-01
2.036737374235815246e-01 7.380002065186572757e-01
2.045385601230149675e-01 7.390000685237563260e-01
2.054004018738200266e-01 7.400011099580618978e-01
2.063925603306704937e-01 7.410008423842682213e-01
2.072447992763231106e-01 7.420004183407200582e-01
2.082751628724988091e-01 7.430013320275455913e-01
2.092094290059884898e-01 7.440002264591389913e-01
2.101440095126561047e-01 7.450015838394585810e-01
2.111333215684112474e-01 7.460030245145887751e-01
2.121254907319998217e-01 7.470003057651309897e-01
2.130713653690978759e-01 7.480001303621750530e-01
2.139860589742600405e-01 7.490000462188016739e-01
2.150409601194001041e-01 7.500018427698805779e-01
2.160255277438780652e-01 7.510019327402586153e-01
2.170473481066412802e-01 7.520001460303156193e-01
2.179656823961728662e-01 7.530001238548928999e-01
2.189098543914105299e-01 7.540006204083629093e-01
2.198835964110488206e-01 7.550002233577088884e-01
2.208038781970258491e-01 7.560002902763649502e-01
2.218048694941270327e-01 7.570058058108524168e-01
2.228890138635164497e-01 7.580000379767470875e-01
2.238828810849708972e-01 7.590013428519984950e-01
2.248879268855596969e-01 7.600004342872657137e-01
2.259074692080726976e-01 7.610014303924463874e-01
2.270085999772586405e-01 7.620003313069405593e-01
2.282004919303325385e-01 7.630078534536276491e-01
2.293462748315500122e-01 7.640011410107991896e-01
2.303253839298842198e-01 7.650009632369614287e-01
2.313063288835444098e-01 7.660375577448279572e-01
2.324456100827596572e-01 7.670004341549256921e-01
2.335537908063920476e-01 7.680001689867488324e-01
2.347484895750469036e-01 7.690002267008733128e-01
2.360526074808126928e-01 7.700002721312466658e-01
2.372219603215302008e-01 7.710036394384250924e-01
2.383339346523516422e-01 7.720129279103615794e-01
2.394447942153294928e-01 7.730000032085522221e-01
2.405329576494601440e-01 7.740007330002979247e-01
2.417720830344398664e-01 7.750006050571062177e-01
2.430790862051787071e-01 7.760003431133606355e-01
2.444463304408674986e-01 7.770000934764276224e-01
2.457727891547398791e-01 7.780000547010839096e-01
2.471276930589505483e-01 7.790005490877489613e-01
2.483860818374683532e-01 7.800000174833537914e-01
2.496985952310066814e-01 7.810001403980497692e-01
2.508051495864205283e-01 7.820001536267544573e-01
2.520440147911182649e-01 7.830014422788549311e-01
2.532548413028630208e-01 7.840001339104397671e-01
2.544277520903892587e-01 7.850003531478744190e-01
2.557468679702608050e-01 7.860009969208794356e-01
2.569653479388345207e-01 7.870008003072057612e-01
2.584565925339630255e-01 7.880015685462311570e-01
2.599371472984630671e-01 7.890001168443305790e-01
2.613654878157027905e-01 7.900028766574430650e-01
2.628043487443056936e-01 7.910005574460144961e-01
2.642567763844135276e-01 7.920000132174329632e-01
2.657307484147343191e-01 7.930012636748375865e-01
2.671836403762339884e-01 7.940003068037314593e-01
2.684480744478907610e-01 7.950022889490931943e-01
2.699602922534523053e-01 7.960001022676380655e-01
2.713216591593415883e-01 7.970001275862768075e-01
2.727172053765150039e-01 7.980000957276078832e-01
2.741695776738757306e-01 7.990000210232823807e-01
2.752116654124021622e-01 8.000000488877103688e-01
2.766628673783541048e-01 8.010056105775641422e-01
2.780188881456409078e-01 8.020138466716630887e-01
2.792737057285492042e-01 8.030341473966047250e-01
2.807406708468760947e-01 8.040003369782265930e-01
2.822559466089925029e-01 8.050000886971404590e-01
2.838728069004157195e-01 8.060005194803856465e-01
2.853686877226291330e-01 8.070007452450345120e-01
2.867129352473423154e-01 8.080015362043444505e-01
2.881102216246582692e-01 8.090008008000019180e-01
2.894698796214001391e-01 8.100023944533505382e-01
2.911446597096740696e-01 8.110002687676682864e-01
2.928796046533275188e-01 8.120000160159545066e-01
2.945131197357064856e-01 8.130000015823053428e-01
2.961016850359609598e-01 8.140000590879392650e-01
2.978945329623921001e-01 8.150000212821709722e-01
2.996763620305706866e-01 8.160001000228530588e-01
3.014472646515145016e-01 8.170192815403418685e-01
3.032279240175386192e-01 8.180006512515176631e-01
3.051359464791336684e-01 8.190000713433982504e-01
3.071588191587588668e-01 8.200000191392875504e-01
3.088707948665723180e-01 8.210003371931087202e-01
3.108551671796475624e-01 8.220000683969029831e-01
3.127802703398407935e-01 8.230002297493277386e-01
3.144418787053018249e-01 8.240001387712418968e-01
3.165167048966939234e-01 8.250003184537366696e-01
3.187428466253159343e-01 8.260001258846682015e-01
3.208417789430231259e-01 8.270000189290150905e-01
3.227876624208589895e-01 8.280000238099265442e-01
3.248920850992518816e-01 8.290101171134076630e-01
3.269660000992730131e-01 8.300022843549694773e-01
3.293213938080702397e-01 8.310000018215129014e-01
3.311853730410527774e-01 8.320000498494687369e-01
3.331272581969271229e-01 8.330001896336668432e-01
3.352803902158170146e-01 8.340019434316935376e-01
3.375455520772621121e-01 8.350003114185928776e-01
3.395642044546378635e-01 8.360001075718105357e-01
3.416983284923164055e-01 8.370034278328916111e-01
3.440310740242544796e-01 8.380000036318077106e-01
3.464974622053462738e-01 8.390000939068327224e-01
3.487942895423865597e-01 8.400001385362246831e-01
3.509939459544044738e-01 8.410005325259490849e-01
3.536121386252811805e-01 8.420001104500465239e-01
3.558747272758326918e-01 8.430010731335648710e-01
3.585954004546444418e-01 8.440001560445654638e-01
3.611029561583931624e-01 8.450000033726936532e-01
3.635228108705925720e-01 8.460001698055890085e-01
3.663505307061978300e-01 8.470001226538855787e-01
3.689369945904945602e-01 8.480000020243438907e-01
3.713654575265636915e-01 8.490000056930165906e-01
3.740221386815107962e-01 8.500000709247927944e-01
3.765487977881090131e-01 8.510011484559282247e-01
3.788706214603112521e-01 8.520001488999819905e-01
3.819020995283255449e-01 8.530001516505892889e-01
3.847564831122585183e-01 8.540000066132735768e-01
3.876052735134785654e-01 8.550000331027434175e-01
3.905104990613070814e-01 8.560002723571176197e-01
3.931817316212233848e-01 8.570002557002949217e-01
3.960336186935959901e-01 8.580000793023507821e-01
3.986849683783781906e-01 8.590000085838742638e-01
4.012989893365981331e-01 8.600002320496069608e-01
4.041172546637175067e-01 8.610000768456151921e-01
4.071068876225236721e-01 8.620088335938156376e-01
4.102098305997312622e-01 8.630001754237819345e-01
4.135610874873090204e-01 8.640007742870846608e-01
4.166327285196640418e-01 8.650000747304504856e-01
4.201335521876103929e-01 8.660001000222157241e-01
4.235542269016104866e-01 8.670000895661165163e-01
4.268334972472568323e-01 8.680001872985785294e-01
4.299519645885394592e-01 8.690000031254561108e-01
4.331833210720894556e-01 8.700002318377603183e-01
4.366344634960128701e-01 8.710001565512266453e-01
4.398532414828617565e-01 8.720000865486478014e-01
4.432662350876541701e-01 8.730021926684797817e-01
4.470306033972817339e-01 8.740000028715017022e-01
4.503522853632957457e-01 8.750000424126184173e-01
4.542745822626979013e-01 8.760000481031452457e-01
4.575385474141409059e-01 8.770000049896008454e-01
4.610743698349830666e-01 8.780120014050175614e-01
4.643851977018718102e-01 8.790000018809961402e-01
4.677696613974191564e-01 8.800009756956276297e-01
4.716260946615618010e-01 8.810001557683232454e-01
4.747346607385436457e-01 8.820098699620203542e-01
4.780503633512163120e-01 8.830000975936088681e-01
4.807470236813795594e-01 8.840311718129894025e-01
4.838589962993848914e-01 8.850003971464461827e-01
4.880592586138072231e-01 8.860001039291155456e-01
4.919721554265050756e-01 8.870001075775698629e-01
4.961421763299060927e-01 8.880008130753325180e-01
5.003648608741437798e-01 8.890000455762382403e-01
5.043240996996587455e-01 8.900005240704332854e-01
5.094557023275463337e-01 8.910003664678005642e-01
5.137336881975567149e-01 8.920000246446152525e-01
5.180519412438233662e-01 8.930000764444661066e-01
5.226769252177438929e-01 8.940002182892621274e-01
5.274601274871881795e-01 8.950096791063529844e-01
5.320474262478671612e-01 8.960000205617658642e-01
5.370022479725435893e-01 8.970001686194860602e-01
5.419964208282936902e-01 8.980021015176403720e-01
5.468217119108160773e-01 8.990003397662488238e-01
5.518645338116923149e-01 9.000000357912830706e-01
5.570574795985065997e-01 9.010000063830506667e-01
5.623829832877969004e-01 9.020003382685300997e-01
5.679127096414586795e-01 9.030000226841876643e-01
5.739517784152790014e-01 9.040001243481866622e-01
5.797013105330255378e-01 9.050005137460869209e-01
5.856739127343218998e-01 9.060044449836933689e-01
5.917526229410077221e-01 9.070005146913077132e-01
5.976341235102466953e-01 9.080000264677691169e-01
6.040302040180469678e-01 9.090000418328393339e-01
6.108143456701287111e-01 9.100000076361928203e-01
6.174521602610454352e-01 9.110003823079760865e-01
6.246942620102804433e-01 9.120000109620308715e-01
6.319253843565741935e-01 9.130000328393877984e-01
6.385431801300827104e-01 9.140004832148135305e-01
6.457213715842335944e-01 9.150001883424664362e-01
6.535450418323409671e-01 9.160000751739667546e-01
6.610053932343902261e-01 9.170003044769682310e-01
6.687356443694789654e-01 9.180002207153304949e-01
6.765999112326055442e-01 9.190000070755917072e-01
6.844422229608153607e-01 9.200000874466666145e-01
6.916896809000538937e-01 9.210003121224800138e-01
6.989198247093102445e-01 9.220000507422472236e-01
7.069553563474566538e-01 9.230002617596725356e-01
7.149952285425200671e-01 9.240009573378761276e-01
7.220927683195941249e-01 9.250000441729783196e-01
7.299004005200453449e-01 9.260000111536567102e-01
7.381691586088487966e-01 9.270002141587387889e-01
7.466841157862589284e-01 9.280013696815757607e-01
7.554602563554186911e-01 9.290000304182021162e-01
7.639191882497859964e-01 9.300000894417116415e-01
7.722348750231207148e-01 9.310000044077878512e-01
7.808185344445255360e-01 9.320000009826160392e-01
7.894969131361655457e-01 9.330000094640481523e-01
7.979166002419639803e-01 9.340000209800843889e-01
8.057651879505707271e-01 9.350001877844020814e-01
8.123849253251416158e-01 9.360000781859313390e-01
8.195800197478066984e-01 9.370002498539491409e-01
8.259123014254949879e-01 9.380000893701148090e-01
8.329234392380011620e-01 9.390000157330871122e-01
8.398508507782047605e-01 9.400000474174180498e-01
8.472967198529941513e-01 9.410001358458900400e-01
8.546876988997431646e-01 9.420000069547710408e-01
8.611958129609806889e-01 9.430024659427315159e-01
8.679366021334899983e-01 9.440002329845464946e-01
8.747073415824011544e-01 9.450000135890491704e-01
8.813727570038301096e-01 9.460001484528487437e-01
8.881115329566251493e-01 9.470000464469229273e-01
8.948089958959912771e-01 9.480003711281602685e-01
9.009866932555388175e-01 9.490000059495303786e-01
9.061127475914030338e-01 9.500012463574841748e-01
9.120576834044835657e-01 9.510000320071332336e-01
9.180274090377431584e-01 9.520001037926669740e-01
9.236683513569641235e-01 9.530008951574402420e-01
9.291455537512129936e-01 9.540016133754184446e-01
9.338755628437849232e-01 9.550000192348188088e-01
9.402328238625554668e-01 9.560000060942596134e-01
9.453946399433543757e-01 9.570000374884564120e-01
9.514344440536455227e-01 9.580000528367039747e-01
9.558499325297766802e-01 9.590157001367994871e-01
9.619498746403047917e-01 9.600061110022893862e-01
9.689719368756504192e-01 9.610000083438782204e-01
9.753025737386087357e-01 9.620000637170668112e-01
9.814369848747892533e-01 9.630000615412973586e-01
9.886066921490386239e-01 9.640000045518412053e-01
9.961358138851029720e-01 9.650004522193831313e-01
1.003733151927143741e+00 9.660000128830733557e-01
1.013141910760006592e+00 9.670001270879101662e-01
1.022154133953449673e+00 9.680000202068781423e-01
1.032990225057197176e+00 9.690001711179805355e-01
1.044709443460816178e+00 9.700000492693603427e-01
1.057063921812363194e+00 9.710000941450293022e-01
1.069443467172864537e+00 9.720001532575431868e-01
1.082820041976728209e+00 9.730000742102363764e-01
1.098332657171886773e+00 9.740000782366610155e-01
1.114231449633517279e+00 9.750002168121033597e-01
1.131521730947788296e+00 9.760000742793685236e-01
1.150076436760986143e+00 9.770000400768997784e-01
1.171256970139050946e+00 9.780000164031814602e-01
1.194981594415331028e+00 9.790000150994221384e-01
1.221376515002524865e+00 9.800000157745915041e-01
1.249700010144784379e+00 9.810000484967609236e-01
1.279441608431997057e+00 9.820000100691769207e-01
1.309958660522208440e+00 9.830000330795153340e-01
1.343677541905097250e+00 9.840000073205068531e-01
1.382326519021047861e+00 9.850000380298497005e-01
1.425440550679151208e+00 9.860000126038915846e-01
1.464910210081663777e+00 9.870000268755103612e-01
1.505092416618684092e+00 9.880002877826590257e-01
1.545501107901363191e+00 9.890000934002518562e-01
1.587409144091132873e+00 9.900000205927576014e-01
1.631952262175842883e+00 9.910000044928172214e-01
1.678678235895895376e+00 9.920000009385411266e-01
1.735916016951391194e+00 9.930000009353004975e-01
1.798415384173454257e+00 9.940000031985537499e-01
1.859304740621232188e+00 9.950000215635372847e-01
1.925496767291247746e+00 9.960000079075919110e-01
2.004652036355067501e+00 9.970000010432871207e-01
2.143049224746037318e+00 9.980000006265840051e-01
2.517643014178992722e+00 9.990000007084597344e-01
1.335776350288461245e+01 9.999999999992391642e-01
