# Random field Heisenberg chain
# L=14, J=1, Delta=0.1, W=1.5, h_i in [-W,W]
# Integrated spectral function of the Anderson LIOMs I_alpha
# omega I_alpha

0.000000000000000000e+00 1.085273329184653374e-03
0.000000000000000000e+00 2.062964219962451495e-03
0.000000000000000000e+00 3.010333020618395899e-03
0.000000000000000000e+00 4.208315339919762275e-03
0.000000000000000000e+00 5.048462524601535911e-03
0.000000000000000000e+00 6.116525217674325006e-03
0.000000000000000000e+00 7.175818332965664195e-03
0.000000000000000000e+00 8.019229531667801045e-03
0.000000000000000000e+00 9.040118047858427056e-03
0.000000000000000000e+00 1.011437206946057960e-02
0.000000000000000000e+00 1.111918420531140227e-02
0.000000000000000000e+00 1.201883070623763552e-02
0.000000000000000000e+00 1.311211410328541431e-02
0.000000000000000000e+00 1.402303533617612827e-02
0.000000000000000000e+00 1.503811319671933752e-02
0.000000000000000000e+00 1.611122734282550290e-02
0.000000000000000000e+00 1.706822043287064064e-02
0.000000000000000000e+00 1.800696342386215107e-02
0.000000000000000000e+00 1.903924239065883997e-02
0.000000000000000000e+00 2.016172654317266097e-02
0.000000000000000000e+00 2.110095523394479866e-02
0.000000000000000000e+00 2.221750446976823376e-02
0.000000000000000000e+00 2.302991392153691530e-02
0.000000000000000000e+00 2.423713969823998102e-02
0.000000000000000000e+00 2.514629217711461182e-02
0.000000000000000000e+00 2.619526758367322558e-02
0.000000000000000000e+00 2.723528300225832796e-02
0.000000000000000000e+00 2.804249704683911201e-02
0.000000000000000000e+00 2.915947308918795736e-02
0.000000000000000000e+00 3.017870559964772395e-02
0.000000000000000000e+00 3.115859562488151185e-02
0.000000000000000000e+00 3.214328037631185991e-02
0.000000000000000000e+00 3.313977658715799163e-02
0.000000000000000000e+00 3.408709942613052241e-02
0.000000000000000000e+00 3.510232215950629536e-02
0.000000000000000000e+00 3.611352587548938980e-02
0.000000000000000000e+00 3.712543120561584420e-02
0.000000000000000000e+00 3.805768945702527745e-02
0.000000000000000000e+00 3.909821161138321566e-02
0.000000000000000000e+00 4.004631787445314672e-02
0.000000000000000000e+00 4.103460594700630848e-02
0.000000000000000000e+00 4.215012976314490983e-02
0.000000000000000000e+00 4.317393405896784164e-02
0.000000000000000000e+00 4.416027647645372894e-02
0.000000000000000000e+00 4.521464394086720240e-02
0.000000000000000000e+00 4.603788457500507247e-02
0.000000000000000000e+00 4.715376659697675249e-02
0.000000000000000000e+00 4.815450290226347407e-02
0.000000000000000000e+00 4.920237759655141790e-02
0.000000000000000000e+00 5.019146037908475688e-02
0.000000000000000000e+00 5.117152908545996581e-02
0.000000000000000000e+00 5.218843768747035566e-02
0.000000000000000000e+00 5.311035037501051631e-02
0.000000000000000000e+00 5.418120599074947863e-02
0.000000000000000000e+00 5.503293819331419451e-02
0.000000000000000000e+00 5.602346920868880864e-02
0.000000000000000000e+00 5.703496803078544203e-02
0.000000000000000000e+00 5.813556098322521931e-02
0.000000000000000000e+00 5.923699318135071390e-02
0.000000000000000000e+00 6.003545517889961880e-02
0.000000000000000000e+00 6.112879176940233528e-02
0.000000000000000000e+00 6.223264905961792964e-02
0.000000000000000000e+00 6.305096931581520570e-02
0.000000000000000000e+00 6.424001194071631005e-02
0.000000000000000000e+00 6.505916870052960710e-02
0.000000000000000000e+00 6.608849389702493859e-02
0.000000000000000000e+00 6.706759681604901324e-02
0.000000000000000000e+00 6.804342524308955309e-02
0.000000000000000000e+00 6.904658817230675816e-02
0.000000000000000000e+00 7.004603228739270104e-02
0.000000000000000000e+00 7.103967747931329291e-02
0.000000000000000000e+00 7.213244062293236447e-02
0.000000000000000000e+00 7.315772893830664592e-02
0.000000000000000000e+00 7.411735474717542904e-02
0.000000000000000000e+00 7.522397687617744799e-02
0.000000000000000000e+00 7.615932886326438889e-02
0.000000000000000000e+00 7.701097590588358577e-02
0.000000000000000000e+00 7.802130163269266339e-02
0.000000000000000000e+00 7.923112023667465420e-02
0.000000000000000000e+00 8.013662733239361458e-02
0.000000000000000000e+00 8.119057890178987824e-02
0.000000000000000000e+00 8.201174058224104668e-02
0.000000000000000000e+00 8.301036394559840881e-02
0.000000000000000000e+00 8.420963862947677958e-02
0.000000000000000000e+00 8.501347223146545062e-02
0.000000000000000000e+00 8.606556122534808617e-02
0.000000000000000000e+00 8.717509880002358158e-02
0.000000000000000000e+00 8.822896000486431245e-02
0.000000000000000000e+00 8.912936286796888097e-02
0.000000000000000000e+00 9.001436085839678580e-02
0.000000000000000000e+00 9.113345401737320273e-02
0.000000000000000000e+00 9.209605697491551890e-02
0.000000000000000000e+00 9.311491206593904002e-02
0.000000000000000000e+00 9.425903924948585144e-02
0.000000000000000000e+00 9.519637081758937358e-02
0.000000000000000000e+00 9.617369917308087046e-02
0.000000000000000000e+00 9.710186469159289013e-02
0.000000000000000000e+00 9.822862921170202877e-02
0.000000000000000000e+00 9.902929473039420727e-02
0.000000000000000000e+00 1.000747782189108093e-01
0.000000000000000000e+00 1.012022138714454844e-01
0.000000000000000000e+00 1.020280730185884888e-01
0.000000000000000000e+00 1.031189355469634972e-01
0.000000000000000000e+00 1.040252758904879754e-01
0.000000000000000000e+00 1.051261405987687914e-01
0.000000000000000000e+00 1.061774274642334898e-01
0.000000000000000000e+00 1.070927884371575267e-01
0.000000000000000000e+00 1.080045398010937435e-01
0.000000000000000000e+00 1.091909448939127752e-01
0.000000000000000000e+00 1.100921067044570850e-01
0.000000000000000000e+00 1.110382568596329222e-01
0.000000000000000000e+00 1.121216676597641820e-01
0.000000000000000000e+00 1.130602915446694834e-01
0.000000000000000000e+00 1.140258654607444605e-01
0.000000000000000000e+00 1.150152170982696592e-01
0.000000000000000000e+00 1.161407884036970567e-01
0.000000000000000000e+00 1.171928342755027413e-01
0.000000000000000000e+00 1.180168366769187155e-01
0.000000000000000000e+00 1.192377922721981065e-01
0.000000000000000000e+00 1.200470800702781587e-01
0.000000000000000000e+00 1.210672567829591817e-01
0.000000000000000000e+00 1.221851464214435135e-01
0.000000000000000000e+00 1.231455842327453809e-01
0.000000000000000000e+00 1.240675148508389170e-01
0.000000000000000000e+00 1.251959523780928341e-01
0.000000000000000000e+00 1.260668862696410486e-01
0.000000000000000000e+00 1.271517385070796979e-01
0.000000000000000000e+00 1.281186612482316245e-01
0.000000000000000000e+00 1.291511501109664783e-01
0.000000000000000000e+00 1.300887522190775636e-01
0.000000000000000000e+00 1.311657702310317641e-01
0.000000000000000000e+00 1.321305804951749541e-01
0.000000000000000000e+00 1.331049598310991289e-01
0.000000000000000000e+00 1.341858377430310278e-01
0.000000000000000000e+00 1.351855153829458756e-01
0.000000000000000000e+00 1.360429854668591954e-01
0.000000000000000000e+00 1.370762232312547069e-01
0.000000000000000000e+00 1.380495399618981711e-01
0.000000000000000000e+00 1.390582472508475331e-01
0.000000000000000000e+00 1.402508184180697726e-01
0.000000000000000000e+00 1.410256091944442347e-01
0.000000000000000000e+00 1.420258672502168751e-01
0.000000000000000000e+00 1.430236108687600316e-01
0.000000000000000000e+00 1.441362704526431837e-01
0.000000000000000000e+00 1.450564321936620715e-01
0.000000000000000000e+00 1.460285781606641131e-01
0.000000000000000000e+00 1.470499969788638117e-01
0.000000000000000000e+00 1.480696952683880352e-01
0.000000000000000000e+00 1.490948923480427957e-01
0.000000000000000000e+00 1.501795937058447161e-01
0.000000000000000000e+00 1.511289729927528247e-01
0.000000000000000000e+00 1.522383031232291684e-01
0.000000000000000000e+00 1.530655658694894394e-01
0.000000000000000000e+00 1.540062451822126754e-01
0.000000000000000000e+00 1.551701835514767980e-01
0.000000000000000000e+00 1.560689603715726126e-01
0.000000000000000000e+00 1.570927724034437978e-01
0.000000000000000000e+00 1.580375758787969098e-01
0.000000000000000000e+00 1.591096080076153663e-01
0.000000000000000000e+00 1.601104456906593809e-01
0.000000000000000000e+00 1.610643155674057192e-01
0.000000000000000000e+00 1.622005382934235962e-01
0.000000000000000000e+00 1.631308421746153203e-01
0.000000000000000000e+00 1.640121805219895423e-01
0.000000000000000000e+00 1.650304655365143203e-01
0.000000000000000000e+00 1.660767600625985274e-01
0.000000000000000000e+00 1.670991513224643898e-01
0.000000000000000000e+00 1.680370365640332930e-01
0.000000000000000000e+00 1.690248937079300018e-01
0.000000000000000000e+00 1.701644810545796249e-01
0.000000000000000000e+00 1.712153006010665723e-01
0.000000000000000000e+00 1.721619873562531267e-01
0.000000000000000000e+00 1.730423746108440131e-01
0.000000000000000000e+00 1.740716686370968880e-01
0.000000000000000000e+00 1.752872935175507074e-01
0.000000000000000000e+00 1.760557036658220165e-01
0.000000000000000000e+00 1.771516084605877506e-01
0.000000000000000000e+00 1.782558004922699668e-01
0.000000000000000000e+00 1.791660565461530297e-01
0.000000000000000000e+00 1.801407441120090602e-01
0.000000000000000000e+00 1.812092918998831903e-01
0.000000000000000000e+00 1.820160606873676701e-01
0.000000000000000000e+00 1.831920457997515683e-01
0.000000000000000000e+00 1.840031409264160367e-01
0.000000000000000000e+00 1.851701638641299608e-01
0.000000000000000000e+00 1.862496158758343290e-01
0.000000000000000000e+00 1.871360159856005900e-01
0.000000000000000000e+00 1.881760057999665170e-01
0.000000000000000000e+00 1.890050401588095896e-01
0.000000000000000000e+00 1.901060942948014088e-01
0.000000000000000000e+00 1.911096764522979830e-01
0.000000000000000000e+00 1.920407932912252535e-01
0.000000000000000000e+00 1.930791927752649462e-01
0.000000000000000000e+00 1.940405354917056902e-01
0.000000000000000000e+00 1.952069308328663599e-01
0.000000000000000000e+00 1.960579733443491568e-01
0.000000000000000000e+00 1.970088740977158359e-01
0.000000000000000000e+00 1.982756059288068307e-01
0.000000000000000000e+00 1.990451638450629057e-01
0.000000000000000000e+00 2.000304353405495394e-01
0.000000000000000000e+00 2.010643313191640413e-01
0.000000000000000000e+00 2.021903777399522151e-01
0.000000000000000000e+00 2.030688457185094997e-01
0.000000000000000000e+00 2.042373804863434894e-01
0.000000000000000000e+00 2.050321664803326227e-01
0.000000000000000000e+00 2.060817517645816277e-01
0.000000000000000000e+00 2.070209873114890464e-01
0.000000000000000000e+00 2.081591961432938120e-01
0.000000000000000000e+00 2.091124912899759158e-01
0.000000000000000000e+00 2.101391647626481285e-01
0.000000000000000000e+00 2.110989873873191092e-01
0.000000000000000000e+00 2.120100058176921654e-01
0.000000000000000000e+00 2.132047389224835110e-01
0.000000000000000000e+00 2.142054919070962848e-01
0.000000000000000000e+00 2.152049765014904803e-01
0.000000000000000000e+00 2.162059491574890302e-01
0.000000000000000000e+00 2.172753879951046796e-01
0.000000000000000000e+00 2.181906678616694073e-01
0.000000000000000000e+00 2.190760372646983478e-01
0.000000000000000000e+00 2.200240002953710861e-01
0.000000000000000000e+00 2.210505816095744980e-01
0.000000000000000000e+00 2.220335719796072138e-01
0.000000000000000000e+00 2.230082726206559784e-01
0.000000000000000000e+00 2.240527884975670458e-01
0.000000000000000000e+00 2.251763106950683269e-01
0.000000000000000000e+00 2.261466304507918912e-01
0.000000000000000000e+00 2.272360827029054620e-01
0.000000000000000000e+00 2.281063018745428661e-01
0.000000000000000000e+00 2.290992593168554026e-01
0.000000000000000000e+00 2.302046193372265237e-01
0.000000000000000000e+00 2.310968436861594588e-01
0.000000000000000000e+00 2.321162412121438035e-01
0.000000000000000000e+00 2.331849561159607120e-01
0.000000000000000000e+00 2.341446799643470689e-01
0.000000000000000000e+00 2.351549561681764156e-01
0.000000000000000000e+00 2.361825813469171642e-01
0.000000000000000000e+00 2.371532537131642027e-01
0.000000000000000000e+00 2.380071173355262915e-01
0.000000000000000000e+00 2.390925681373261003e-01
0.000000000000000000e+00 2.401839206642488456e-01
0.000000000000000000e+00 2.410348424546185364e-01
0.000000000000000000e+00 2.422564094182916294e-01
0.000000000000000000e+00 2.430193231971475853e-01
0.000000000000000000e+00 2.440643773934300653e-01
0.000000000000000000e+00 2.451174597172633418e-01
0.000000000000000000e+00 2.462233946776633264e-01
0.000000000000000000e+00 2.470582372001397242e-01
0.000000000000000000e+00 2.480168255627197005e-01
0.000000000000000000e+00 2.490077425571254888e-01
0.000000000000000000e+00 2.500091915260406750e-01
0.000000000000000000e+00 2.512022007644235111e-01
0.000000000000000000e+00 2.520585817271960294e-01
0.000000000000000000e+00 2.531070837019521735e-01
0.000000000000000000e+00 2.540512001386827645e-01
0.000000000000000000e+00 2.550300364589185298e-01
0.000000000000000000e+00 2.562534894794499807e-01
0.000000000000000000e+00 2.571423001667015873e-01
0.000000000000000000e+00 2.582443806186375812e-01
0.000000000000000000e+00 2.591253809257669793e-01
0.000000000000000000e+00 2.600594604055588843e-01
0.000000000000000000e+00 2.610901532300589634e-01
0.000000000000000000e+00 2.620889554452663361e-01
0.000000000000000000e+00 2.630702586339325744e-01
0.000000000000000000e+00 2.640334785437402632e-01
0.000000000000000000e+00 2.650829661969050788e-01
0.000000000000000000e+00 2.661448866239706779e-01
0.000000000000000000e+00 2.670125018307527576e-01
0.000000000000000000e+00 2.680286054931155237e-01
0.000000000000000000e+00 2.691972931491970478e-01
0.000000000000000000e+00 2.701514141026637450e-01
0.000000000000000000e+00 2.710329300312007694e-01
0.000000000000000000e+00 2.721823182305857514e-01
0.000000000000000000e+00 2.730223935966745730e-01
0.000000000000000000e+00 2.740090356506660885e-01
0.000000000000000000e+00 2.751200224188872223e-01
0.000000000000000000e+00 2.761013032673872991e-01
0.000000000000000000e+00 2.770155970688609748e-01
0.000000000000000000e+00 2.782512137972207866e-01
0.000000000000000000e+00 2.792404105028588601e-01
0.000000000000000000e+00 2.801226305460471355e-01
0.000000000000000000e+00 2.810450850350947327e-01
0.000000000000000000e+00 2.820285879344984759e-01
0.000000000000000000e+00 2.830027635544640208e-01
0.000000000000000000e+00 2.842542710983823051e-01
0.000000000000000000e+00 2.851223179120356277e-01
0.000000000000000000e+00 2.861733717217697648e-01
0.000000000000000000e+00 2.870048433156029977e-01
0.000000000000000000e+00 2.881465229063562838e-01
0.000000000000000000e+00 2.890841394235765249e-01
0.000000000000000000e+00 2.900004892049713456e-01
0.000000000000000000e+00 2.910937881531774352e-01
0.000000000000000000e+00 2.922685594394857089e-01
0.000000000000000000e+00 2.930281300761784502e-01
0.000000000000000000e+00 2.940147019075554646e-01
0.000000000000000000e+00 2.952409146551300267e-01
0.000000000000000000e+00 2.960412775441047528e-01
0.000000000000000000e+00 2.971965885185192668e-01
0.000000000000000000e+00 2.981162231672525031e-01
0.000000000000000000e+00 2.990246544601876111e-01
0.000000000000000000e+00 3.000166597993146889e-01
0.000000000000000000e+00 3.011030720015663853e-01
0.000000000000000000e+00 3.020900754326003579e-01
0.000000000000000000e+00 3.030348745420216039e-01
0.000000000000000000e+00 3.040180210872354682e-01
0.000000000000000000e+00 3.050389843099047260e-01
0.000000000000000000e+00 3.062129116582296695e-01
0.000000000000000000e+00 3.071644549745540798e-01
0.000000000000000000e+00 3.081659272891397738e-01
0.000000000000000000e+00 3.090677530131355488e-01
0.000000000000000000e+00 3.101348564959419130e-01
0.000000000000000000e+00 3.112631769695603512e-01
0.000000000000000000e+00 3.120504441527273132e-01
0.000000000000000000e+00 3.131107953168172364e-01
0.000000000000000000e+00 3.140362843706293594e-01
0.000000000000000000e+00 3.150931920060795477e-01
0.000000000000000000e+00 3.160403414407242373e-01
0.000000000000000000e+00 3.171650756358720402e-01
0.000000000000000000e+00 3.181182252622248297e-01
0.000000000000000000e+00 3.190054220688978703e-01
0.000000000000000000e+00 3.200279066356925273e-01
0.000000000000000000e+00 3.210473940629712253e-01
0.000000000000000000e+00 3.221750124033407880e-01
0.000000000000000000e+00 3.230054326048467095e-01
0.000000000000000000e+00 3.241116244304228511e-01
0.000000000000000000e+00 3.251873827970217512e-01
0.000000000000000000e+00 3.260808390160444548e-01
0.000000000000000000e+00 3.271956299041470784e-01
0.000000000000000000e+00 3.280762152261502140e-01
0.000000000000000000e+00 3.291479300621374393e-01
0.000000000000000000e+00 3.300061053043535364e-01
0.000000000000000000e+00 3.310387934880327787e-01
0.000000000000000000e+00 3.320660712396230618e-01
0.000000000000000000e+00 3.330101070756616988e-01
0.000000000000000000e+00 3.340361135230908718e-01
0.000000000000000000e+00 3.350312163909522356e-01
0.000000000000000000e+00 3.361088908950087828e-01
0.000000000000000000e+00 3.371568624577161444e-01
0.000000000000000000e+00 3.382122780976066223e-01
0.000000000000000000e+00 3.391615650370609636e-01
0.000000000000000000e+00 3.401141796450349863e-01
0.000000000000000000e+00 3.410861564440867411e-01
0.000000000000000000e+00 3.421064204650099416e-01
0.000000000000000000e+00 3.431907940320422234e-01
0.000000000000000000e+00 3.441646024674435700e-01
0.000000000000000000e+00 3.451860654043107379e-01
0.000000000000000000e+00 3.461146040401038015e-01
0.000000000000000000e+00 3.470284192238139442e-01
0.000000000000000000e+00 3.481309180334926645e-01
0.000000000000000000e+00 3.490400868039386650e-01
0.000000000000000000e+00 3.501639629183347369e-01
0.000000000000000000e+00 3.510004037558359657e-01
0.000000000000000000e+00 3.520564031461287935e-01
0.000000000000000000e+00 3.531704551421741001e-01
0.000000000000000000e+00 3.542434562061952952e-01
0.000000000000000000e+00 3.550610928926148935e-01
0.000000000000000000e+00 3.561266517677262322e-01
0.000000000000000000e+00 3.572369662956156322e-01
0.000000000000000000e+00 3.580923467067370081e-01
0.000000000000000000e+00 3.591736660373923140e-01
0.000000000000000000e+00 3.600378563111354402e-01
0.000000000000000000e+00 3.611104525970306178e-01
0.000000000000000000e+00 3.621871722075206135e-01
0.000000000000000000e+00 3.630566050529940303e-01
0.000000000000000000e+00 3.641322303781082681e-01
0.000000000000000000e+00 3.652814208908454763e-01
0.000000000000000000e+00 3.662723700214208233e-01
0.000000000000000000e+00 3.670160285826378765e-01
0.000000000000000000e+00 3.682342511694433607e-01
0.000000000000000000e+00 3.690603761993708765e-01
0.000000000000000000e+00 3.701559686421351247e-01
0.000000000000000000e+00 3.712164544030429614e-01
0.000000000000000000e+00 3.720454174049818152e-01
0.000000000000000000e+00 3.730083342372534361e-01
0.000000000000000000e+00 3.741785002151007955e-01
0.000000000000000000e+00 3.751186363694551384e-01
0.000000000000000000e+00 3.761315241653452324e-01
0.000000000000000000e+00 3.770613005100041937e-01
0.000000000000000000e+00 3.781321086022486067e-01
0.000000000000000000e+00 3.792519876581446070e-01
0.000000000000000000e+00 3.801716236807213267e-01
0.000000000000000000e+00 3.810777989729722814e-01
0.000000000000000000e+00 3.821672381683643427e-01
0.000000000000000000e+00 3.831671139167460716e-01
0.000000000000000000e+00 3.840790380372176016e-01
0.000000000000000000e+00 3.851696956673174022e-01
0.000000000000000000e+00 3.860525047954868616e-01
0.000000000000000000e+00 3.871948959805309731e-01
0.000000000000000000e+00 3.882870486310223690e-01
0.000000000000000000e+00 3.890401349727089508e-01
0.000000000000000000e+00 3.900680454038123468e-01
0.000000000000000000e+00 3.911463462648416822e-01
0.000000000000000000e+00 3.920982417033956891e-01
0.000000000000000000e+00 3.930019522724108594e-01
0.000000000000000000e+00 3.941583240158955115e-01
0.000000000000000000e+00 3.952385712949936791e-01
0.000000000000000000e+00 3.960991218737224262e-01
0.000000000000000000e+00 3.970749841652588819e-01
0.000000000000000000e+00 3.982400964969300405e-01
0.000000000000000000e+00 3.990846418219952119e-01
0.000000000000000000e+00 4.001626311119566015e-01
0.000000000000000000e+00 4.011161525512845771e-01
0.000000000000000000e+00 4.021921371356204644e-01
0.000000000000000000e+00 4.032243753269539877e-01
0.000000000000000000e+00 4.041697235327383342e-01
0.000000000000000000e+00 4.051851709921563405e-01
0.000000000000000000e+00 4.060442287604151823e-01
0.000000000000000000e+00 4.070186693671730693e-01
0.000000000000000000e+00 4.080151364233256528e-01
0.000000000000000000e+00 4.090512232512180102e-01
0.000000000000000000e+00 4.102295001329979707e-01
0.000000000000000000e+00 4.110338534527955279e-01
0.000000000000000000e+00 4.120681555884415648e-01
0.000000000000000000e+00 4.130779303261615243e-01
0.000000000000000000e+00 4.140116426963465490e-01
0.000000000000000000e+00 4.152155616513809600e-01
0.000000000000000000e+00 4.161540154290643834e-01
0.000000000000000000e+00 4.171908642217813656e-01
0.000000000000000000e+00 4.182315721974607103e-01
0.000000000000000000e+00 4.191664508119167243e-01
0.000000000000000000e+00 4.202331297363351426e-01
0.000000000000000000e+00 4.210792350686008989e-01
0.000000000000000000e+00 4.221696338711100616e-01
0.000000000000000000e+00 4.232243304254489913e-01
0.000000000000000000e+00 4.242433414072298015e-01
0.000000000000000000e+00 4.252511955709527558e-01
0.000000000000000000e+00 4.260032133643109620e-01
0.000000000000000000e+00 4.272492589667649665e-01
0.000000000000000000e+00 4.281075359542516612e-01
0.000000000000000000e+00 4.290065680855209007e-01
0.000000000000000000e+00 4.300308235350016606e-01
0.000000000000000000e+00 4.310542834230202680e-01
0.000000000000000000e+00 4.320383587261255043e-01
0.000000000000000000e+00 4.331301152316420766e-01
0.000000000000000000e+00 4.341019472259521894e-01
0.000000000000000000e+00 4.350999030869825979e-01
0.000000000000000000e+00 4.360368585941793440e-01
0.000000000000000000e+00 4.370638038241867473e-01
0.000000000000000000e+00 4.382029468358504820e-01
0.000000000000000000e+00 4.390293914948951159e-01
0.000000000000000000e+00 4.400805933334058229e-01
0.000000000000000000e+00 4.410834805300669625e-01
0.000000000000000000e+00 4.421870320253606934e-01
0.000000000000000000e+00 4.430890954847915286e-01
0.000000000000000000e+00 4.441600409076192357e-01
0.000000000000000000e+00 4.451270271684886759e-01
0.000000000000000000e+00 4.461192824791886391e-01
0.000000000000000000e+00 4.472739674955848455e-01
0.000000000000000000e+00 4.480979111921984948e-01
0.000000000000000000e+00 4.491196842397024991e-01
0.000000000000000000e+00 4.502111208997015002e-01
0.000000000000000000e+00 4.511652341542063960e-01
0.000000000000000000e+00 4.520074921466113449e-01
0.000000000000000000e+00 4.531647002619111908e-01
0.000000000000000000e+00 4.540819332890704829e-01
0.000000000000000000e+00 4.551701813128787855e-01
0.000000000000000000e+00 4.561694920409965492e-01
0.000000000000000000e+00 4.570189282679478215e-01
0.000000000000000000e+00 4.580523972482893336e-01
0.000000000000000000e+00 4.590698610934051960e-01
0.000000000000000000e+00 4.601666649634114092e-01
0.000000000000000000e+00 4.611212169741297773e-01
0.000000000000000000e+00 4.622264843602407747e-01
0.000000000000000000e+00 4.631119066157441955e-01
0.000000000000000000e+00 4.641245077073967162e-01
0.000000000000000000e+00 4.652590569204015924e-01
0.000000000000000000e+00 4.660650203744366449e-01
0.000000000000000000e+00 4.672179781554552380e-01
0.000000000000000000e+00 4.681260945959457853e-01
0.000000000000000000e+00 4.691038943542237272e-01
0.000000000000000000e+00 4.702034118845652699e-01
0.000000000000000000e+00 4.711868375545554821e-01
0.000000000000000000e+00 4.721889883240443231e-01
0.000000000000000000e+00 4.732248760132457543e-01
0.000000000000000000e+00 4.742399349616142623e-01
0.000000000000000000e+00 4.750642983963226373e-01
0.000000000000000000e+00 4.760043163232011709e-01
0.000000000000000000e+00 4.770951270318838922e-01
0.000000000000000000e+00 4.780650257209849152e-01
0.000000000000000000e+00 4.790107546403002403e-01
0.000000000000000000e+00 4.801690355994382986e-01
0.000000000000000000e+00 4.811574457340582756e-01
0.000000000000000000e+00 4.820748183790975472e-01
0.000000000000000000e+00 4.830905434239072260e-01
0.000000000000000000e+00 4.841158907442342785e-01
0.000000000000000000e+00 4.851541883698473057e-01
0.000000000000000000e+00 4.860879369070242872e-01
0.000000000000000000e+00 4.870197470974500509e-01
0.000000000000000000e+00 4.882262555725676578e-01
0.000000000000000000e+00 4.890452554477420222e-01
0.000000000000000000e+00 4.900025956318963538e-01
0.000000000000000000e+00 4.910502756853463158e-01
0.000000000000000000e+00 4.922772989242425457e-01
0.000000000000000000e+00 4.932137187932815192e-01
0.000000000000000000e+00 4.940268633093979900e-01
0.000000000000000000e+00 4.951494595952580791e-01
0.000000000000000000e+00 4.961558135667507030e-01
0.000000000000000000e+00 4.971069078012315678e-01
0.000000000000000000e+00 4.981539971885790008e-01
0.000000000000000000e+00 4.990101845763514898e-01
0.000000000000000000e+00 5.000286908502070693e-01
0.000000000000000000e+00 5.010573651834210329e-01
0.000000000000000000e+00 5.020099585194541802e-01
0.000000000000000000e+00 5.031966516129083855e-01
0.000000000000000000e+00 5.041888206578447607e-01
0.000000000000000000e+00 5.050032892231318682e-01
0.000000000000000000e+00 5.061268411938160128e-01
0.000000000000000000e+00 5.070323546884318855e-01
0.000000000000000000e+00 5.080699419433343245e-01
0.000000000000000000e+00 5.092158236742508892e-01
0.000000000000000000e+00 5.100084873675800878e-01
0.000000000000000000e+00 5.111674974889163225e-01
0.000000000000000000e+00 5.120916027278122895e-01
0.000000000000000000e+00 5.130413520248354731e-01
0.000000000000000000e+00 5.140311573231317599e-01
0.000000000000000000e+00 5.151437803773915025e-01
0.000000000000000000e+00 5.161950268813570997e-01
0.000000000000000000e+00 5.172034145363717528e-01
0.000000000000000000e+00 5.182018944598392185e-01
0.000000000000000000e+00 5.190213219312672654e-01
0.000000000000000000e+00 5.202612553377087279e-01
0.000000000000000000e+00 5.210057847080230564e-01
0.000000000000000000e+00 5.222144019698327089e-01
0.000000000000000000e+00 5.230407108356238677e-01
0.000000000000000000e+00 5.241015927144941910e-01
0.000000000000000000e+00 5.250912807219766387e-01
0.000000000000000000e+00 5.261593983956538434e-01
0.000000000000000000e+00 5.270555678482061746e-01
0.000000000000000000e+00 5.281298951874727754e-01
0.000000000000000000e+00 5.290401973947912451e-01
0.000000000000000000e+00 5.301236787471597101e-01
0.000000000000000000e+00 5.311484720566789219e-01
0.000000000000000000e+00 5.320738949697139120e-01
0.000000000000000000e+00 5.332611367512349876e-01
0.000000000000000000e+00 5.341047637528916203e-01
0.000000000000000000e+00 5.350306809040238365e-01
0.000000000000000000e+00 5.360039840999428762e-01
0.000000000000000000e+00 5.371070891975560091e-01
0.000000000000000000e+00 5.380692154965973639e-01
0.000000000000000000e+00 5.390062092910096192e-01
0.000000000000000000e+00 5.402008487429289518e-01
0.000000000000000000e+00 5.410231929705637821e-01
0.000000000000000000e+00 5.420373051408633458e-01
0.000000000000000000e+00 5.430331565864398025e-01
0.000000000000000000e+00 5.440820351925393927e-01
0.000000000000000000e+00 5.450595339030006592e-01
0.000000000000000000e+00 5.462132683303416725e-01
0.000000000000000000e+00 5.471855154289155809e-01
0.000000000000000000e+00 5.480300869946242992e-01
0.000000000000000000e+00 5.490004771754433133e-01
0.000000000000000000e+00 5.501085792244261308e-01
0.000000000000000000e+00 5.511653675299056365e-01
0.000000000000000000e+00 5.520398796888043025e-01
0.000000000000000000e+00 5.531809718998162984e-01
0.000000000000000000e+00 5.540828788170394370e-01
0.000000000000000000e+00 5.551629927821286614e-01
0.000000000000000000e+00 5.560641302237716577e-01
0.000000000000000000e+00 5.571968014107492317e-01
0.000000000000000000e+00 5.580076865042976619e-01
0.000000000000000000e+00 5.590066560040920507e-01
0.000000000000000000e+00 5.601357705715154234e-01
0.000000000000000000e+00 5.610549120769499076e-01
0.000000000000000000e+00 5.621874594196492048e-01
0.000000000000000000e+00 5.630228879819492160e-01
0.000000000000000000e+00 5.640656370143121157e-01
0.000000000000000000e+00 5.652577078476633821e-01
0.000000000000000000e+00 5.660745399786948351e-01
0.000000000000000000e+00 5.670574890213816444e-01
0.000000000000000000e+00 5.681323885205040725e-01
0.000000000000000000e+00 5.691960206479500517e-01
0.000000000000000000e+00 5.701472174946559113e-01
0.000000000000000000e+00 5.710871449525730670e-01
0.000000000000000000e+00 5.721438562532239480e-01
0.000000000000000000e+00 5.731735352810679585e-01
0.000000000000000000e+00 5.740966031426036897e-01
0.000000000000000000e+00 5.751309406963005522e-01
0.000000000000000000e+00 5.760386390829524972e-01
0.000000000000000000e+00 5.770256025782212195e-01
0.000000000000000000e+00 5.781353845296293148e-01
0.000000000000000000e+00 5.790684341253506950e-01
0.000000000000000000e+00 5.801897235284200205e-01
0.000000000000000000e+00 5.811383839902581894e-01
0.000000000000000000e+00 5.822319914250841943e-01
0.000000000000000000e+00 5.831478562162027979e-01
0.000000000000000000e+00 5.842183670223076719e-01
0.000000000000000000e+00 5.850876532381866779e-01
0.000000000000000000e+00 5.862017967292783016e-01
0.000000000000000000e+00 5.872559504824160781e-01
0.000000000000000000e+00 5.880202144897422878e-01
0.000000000000000000e+00 5.890402598991004712e-01
0.000000000000000000e+00 5.900119420931776437e-01
0.000000000000000000e+00 5.912196310660965404e-01
0.000000000000000000e+00 5.921586008375396837e-01
0.000000000000000000e+00 5.930235568037401928e-01
0.000000000000000000e+00 5.940482501860383513e-01
0.000000000000000000e+00 5.951888948676540281e-01
0.000000000000000000e+00 5.960134153354421649e-01
0.000000000000000000e+00 5.971472604675756024e-01
6.335758167053118228e-06 5.981118217269560944e-01
2.737086925375109558e-05 5.990544788383271868e-01
4.782588192936421123e-05 6.000285471375703672e-01
7.225430206436733727e-05 6.010557881823455073e-01
1.076499376504447270e-04 6.020247716267188576e-01
1.226858772649386253e-04 6.030995276335691102e-01
1.272143862003360937e-04 6.040609222330092232e-01
1.393161940126397269e-04 6.050789985142464023e-01
1.501231422690318951e-04 6.060546561743453964e-01
1.632886304907543717e-04 6.070130612326982700e-01
1.798672358477304556e-04 6.080909023198615149e-01
1.931043344227667546e-04 6.090432193553971807e-01
2.054202061622101283e-04 6.100813879666193706e-01
2.122994271160916213e-04 6.110174700034748385e-01
2.141754942536211459e-04 6.120308723221798974e-01
2.283367838107341896e-04 6.131298892597035755e-01
2.403120146132753376e-04 6.140610625177693738e-01
2.654664525341132730e-04 6.151538603412255446e-01
2.789686238189315048e-04 6.160198223270725304e-01
2.967117828162058046e-04 6.170029090145507933e-01
3.057206975225490453e-04 6.180095567442095428e-01
3.182327190818234897e-04 6.190342193453177710e-01
3.300989224315209469e-04 6.200069863624283473e-01
3.625195222602961564e-04 6.211145451009463248e-01
3.734429758492918694e-04 6.220162193395754047e-01
4.118272465241101798e-04 6.230609069968378044e-01
4.187490533742455057e-04 6.240536638002379677e-01
4.446655623412398839e-04 6.250078124354775388e-01
4.774007371537436484e-04 6.260445841856653315e-01
4.904142653088250370e-04 6.271528866353497378e-01
4.997595239370211662e-04 6.280442209042516044e-01
5.220466871849599455e-04 6.290737605357029638e-01
5.402085762935548985e-04 6.300202590725579865e-01
5.591292139293657648e-04 6.310095121514508465e-01
5.714397210812016681e-04 6.320564414043815527e-01
5.830813430467429725e-04 6.332259516785845310e-01
5.913809549689119649e-04 6.340843428689159067e-01
6.043065087114884992e-04 6.350885869771994985e-01
6.226168929168995891e-04 6.360005277098029763e-01
6.569642018239285619e-04 6.370443187682627295e-01
6.608901759577179291e-04 6.380036738727249412e-01
6.952530834674064408e-04 6.390192504447825828e-01
7.383311732547248596e-04 6.400050395442584694e-01
7.924131323755467804e-04 6.410712050917541927e-01
7.946886514395568035e-04 6.420611445164435827e-01
8.031330892407373412e-04 6.430056074926843168e-01
8.308503564788960460e-04 6.440842914867640490e-01
8.681775663781365893e-04 6.450094695105191844e-01
9.121880382729763426e-04 6.460002890015229537e-01
9.233683571729933703e-04 6.470066624382724285e-01
9.454345907411454419e-04 6.480262712672072434e-01
9.919975739123287894e-04 6.490051150728711749e-01
1.032208747618668099e-03 6.500671122656230816e-01
1.047073625188410517e-03 6.511232230602698179e-01
1.053651066823313442e-03 6.520700289367576952e-01
1.086143634171810035e-03 6.530669745899090328e-01
1.110841183167843305e-03 6.540026671145965365e-01
1.133321171896461976e-03 6.550249714997136152e-01
1.147746426719997714e-03 6.560079335368739217e-01
1.168773285032398412e-03 6.570359023908975971e-01
1.193987377086092039e-03 6.581271631175625858e-01
1.216920648210439992e-03 6.590086361215269362e-01
1.261038612963005789e-03 6.600150066048372510e-01
1.292329704505434940e-03 6.610168391920095976e-01
1.321498941828203044e-03 6.620020475707512064e-01
1.345985049968634328e-03 6.630604295958381078e-01
1.369882979049386051e-03 6.640198068379313812e-01
1.429069360601609162e-03 6.650383307792778753e-01
1.487653317903347983e-03 6.660012544624812625e-01
1.532963509212503794e-03 6.670192516499829916e-01
1.614841023215407567e-03 6.680298388707667234e-01
1.646708937430574338e-03 6.691026883425792438e-01
1.663401838315037296e-03 6.700234388425568843e-01
1.690075813427949214e-03 6.710383119574353517e-01
1.727821719501143605e-03 6.720743649152158827e-01
1.763059541304068389e-03 6.731820674770790935e-01
1.825189574330143838e-03 6.740017832953987265e-01
1.877917184379906956e-03 6.750244194097789752e-01
1.931383225341370621e-03 6.760255508825954163e-01
1.990963539284101858e-03 6.770057310550322560e-01
2.036920125926100500e-03 6.780163446210868416e-01
2.081578005344919546e-03 6.790597859485789645e-01
2.136288583446832590e-03 6.800127064290163448e-01
2.165498222158071528e-03 6.811121054870737934e-01
2.208410523774517742e-03 6.820672512886885031e-01
2.254433222930618541e-03 6.830229855776766001e-01
2.276695197017453154e-03 6.840431364271913894e-01
2.322610045045081506e-03 6.851083791460298444e-01
2.350788800423719849e-03 6.860061651359626866e-01
2.432506195529038351e-03 6.870375926235109398e-01
2.490658798524503226e-03 6.880308791182939698e-01
2.579748841418094685e-03 6.890075486139685124e-01
2.603608004312363278e-03 6.900002285650194134e-01
2.625488591114333303e-03 6.910099279195468513e-01
2.683491691887418540e-03 6.921571789275478004e-01
2.712323914559666704e-03 6.930025735744709259e-01
2.740493793116360877e-03 6.940555551335464424e-01
2.803562255597802366e-03 6.950013553607597983e-01
2.859538909410819230e-03 6.961542986355372387e-01
2.890745680513173710e-03 6.970048985223529225e-01
2.902448894490261555e-03 6.980161629759779052e-01
2.976238843947598411e-03 6.990855291168612817e-01
3.005322486079986533e-03 7.000233839260390223e-01
3.037992111550674723e-03 7.010146885142574114e-01
3.098963169293478259e-03 7.020017303294976418e-01
3.135963412554954033e-03 7.030081504317418073e-01
3.190921724586126551e-03 7.040051559805365899e-01
3.232284413603014883e-03 7.050109956611754214e-01
3.340628446062310353e-03 7.060114572550435508e-01
3.400006481018458260e-03 7.070031989767140423e-01
3.485917040615404972e-03 7.080006342855227341e-01
3.513225987431312092e-03 7.090194413495833903e-01
3.564109602436582591e-03 7.100007666448069354e-01
3.605776715589925630e-03 7.110003226659613595e-01
3.654845774788362256e-03 7.120242917662460425e-01
3.713888097111039954e-03 7.130004892081008849e-01
3.792358946791418717e-03 7.140569525941125040e-01
3.846398601454942279e-03 7.151054549558469864e-01
3.909029466601654512e-03 7.160005012104240230e-01
4.014196064616282200e-03 7.170276581518386649e-01
4.052004224118110898e-03 7.180088926547173456e-01
4.111335339199273520e-03 7.190902326710970627e-01
4.157505878780054509e-03 7.200005471529757894e-01
4.223214160224975089e-03 7.210428839442011295e-01
4.249178186626512144e-03 7.220780168966010049e-01
4.291252501085640603e-03 7.230310387955918294e-01
4.349148101722599691e-03 7.240095203859575612e-01
4.389231362285972438e-03 7.250196420323979929e-01
4.443918514023925681e-03 7.260062973991296964e-01
4.544551179032074728e-03 7.270088892695009131e-01
4.611123128518301861e-03 7.280580328969956661e-01
4.672352686545255818e-03 7.291178571128001940e-01
4.728173251463463345e-03 7.300033463743202944e-01
4.807303819135189116e-03 7.310341836675378069e-01
4.875442303349020179e-03 7.320242779629145824e-01
4.928430198015476549e-03 7.330400461431156867e-01
4.982767868475068695e-03 7.340160431786739714e-01
5.041900814760857941e-03 7.350588717495895041e-01
5.112839014856263020e-03 7.360012975781231592e-01
5.141334318772949885e-03 7.370315740879318511e-01
5.215458450583021488e-03 7.380817642487335073e-01
5.261762274689329999e-03 7.390059359860929877e-01
5.307526990209421314e-03 7.400091254269459684e-01
5.405906823102046843e-03 7.410037788008920767e-01
5.529088336061027675e-03 7.420080792705209261e-01
5.634379637963593535e-03 7.430180028065691555e-01
5.668291053932739132e-03 7.440315001861670385e-01
5.785672632863447795e-03 7.450007361022217278e-01
5.871741474509084568e-03 7.460210141505009274e-01
5.968615794714526857e-03 7.470495864288348997e-01
6.021803496713662440e-03 7.480268088677888283e-01
6.124090222323408383e-03 7.491209560463093498e-01
6.224296279937702181e-03 7.500109399776995200e-01
6.286001893458958989e-03 7.510163469719880469e-01
6.352837882933171088e-03 7.520227592568007324e-01
6.515044478202058897e-03 7.530098378983062224e-01
6.661611336202799549e-03 7.540066158624767478e-01
6.716878000994075393e-03 7.550055634082053491e-01
6.801250256678118868e-03 7.560543314265354420e-01
6.866769622273366513e-03 7.570481026166531180e-01
6.900981453880294936e-03 7.581627278899354394e-01
7.012315915758904339e-03 7.590001567479648381e-01
7.074236770485686776e-03 7.600157385395822640e-01
7.086432598091954582e-03 7.610058287789042142e-01
7.231490381885974372e-03 7.620003250738681677e-01
7.282618178855004842e-03 7.630399855616534222e-01
7.320389914631700301e-03 7.640511578143998062e-01
7.344579164907827362e-03 7.650631509559566723e-01
7.407981498461779779e-03 7.660046914835270115e-01
7.432814880788285450e-03 7.670413302003586953e-01
7.548510194278934549e-03 7.680226929312052864e-01
7.689234976287595558e-03 7.690088270412827054e-01
7.741920558516302009e-03 7.700003109686258673e-01
7.770016339047502996e-03 7.710919485848160004e-01
7.832635480700123054e-03 7.720118730167535581e-01
7.974041910508877784e-03 7.730362674048584237e-01
8.103922313399514188e-03 7.740009001680597800e-01
8.187754038906813747e-03 7.751111557679577491e-01
8.268316134650177673e-03 7.760101956118609090e-01
8.320563897997956815e-03 7.771446315818117956e-01
8.341191748242771098e-03 7.781602445439461668e-01
8.391515384028824798e-03 7.790025250926588818e-01
8.443951253356313247e-03 7.800005667044744850e-01
8.533337064413934470e-03 7.810064822396036721e-01
8.656266675675872158e-03 7.820005121392108460e-01
8.730186853295629490e-03 7.830163836513559517e-01
8.833526284605208723e-03 7.840047369650818831e-01
8.982830610556047368e-03 7.850006041438656323e-01
9.079206360819713773e-03 7.861742576090022805e-01
9.148221739163409083e-03 7.870032301693079546e-01
9.224596226395709309e-03 7.880014252064617697e-01
9.282148022561553802e-03 7.890066836079498991e-01
9.363844365482654197e-03 7.900123730211503492e-01
9.391738104204350179e-03 7.910393152533636840e-01
9.461296256199069887e-03 7.920083563703996798e-01
9.565689279850131399e-03 7.931200167791458977e-01
9.651150985624967760e-03 7.940045097113821448e-01
9.694334758083974699e-03 7.950737212467269277e-01
9.786915222554926075e-03 7.960044684998097697e-01
9.940814610108539284e-03 7.970017362190642274e-01
1.007681576021313141e-02 7.980025481117658526e-01
1.016036946679166331e-02 7.990118703147744972e-01
1.033396341377690320e-02 8.000083608783876699e-01
1.045397857339835923e-02 8.010068865637340885e-01
1.051866407409018933e-02 8.020160349260476718e-01
1.059093294585489176e-02 8.030004796411922552e-01
1.070868077391340378e-02 8.040018971414560900e-01
1.080804041068983423e-02 8.050203323251210463e-01
1.089384318104158478e-02 8.060018546617924162e-01
1.093766729575040841e-02 8.070003439286388414e-01
1.104227978165051027e-02 8.080023477409258303e-01
1.112895773621247475e-02 8.090053359379959508e-01
1.119097153526849020e-02 8.100003528233306049e-01
1.133073002548123931e-02 8.110165859435645164e-01
1.143481077169905546e-02 8.120092268766196941e-01
1.151852093181893189e-02 8.130006160076163058e-01
1.161211835198305842e-02 8.140320377277204811e-01
1.175872980958647673e-02 8.150061644661819038e-01
1.185510521513832849e-02 8.160005652220303496e-01
1.197694282779604436e-02 8.170759676742308519e-01
1.203706373626256543e-02 8.180006506075613304e-01
1.217925786748813577e-02 8.190641593911921481e-01
1.228611946192748050e-02 8.200075608057798560e-01
1.233212541399253404e-02 8.210091582357978979e-01
1.245648331202064973e-02 8.220042940483318628e-01
1.250658360449996565e-02 8.230081423567121579e-01
1.269303608356864288e-02 8.240040035262734541e-01
1.286918531031533419e-02 8.250265139309703732e-01
1.293380634253638028e-02 8.260253861144100096e-01
1.308018664550436583e-02 8.270790347768295359e-01
1.318971132693569359e-02 8.280061628387525019e-01
1.342456090968902060e-02 8.290160098925392074e-01
1.356892624531469416e-02 8.300184009042884670e-01
1.362889305409487051e-02 8.310070660061261716e-01
1.377385724998170247e-02 8.320121253464897171e-01
1.384136145507097737e-02 8.330311946214539187e-01
1.392160960580941104e-02 8.340070881762005062e-01
1.412202649905447416e-02 8.350398896791991765e-01
1.424124260741033154e-02 8.360047730978957814e-01
1.441337932769748420e-02 8.370319193393892521e-01
1.446776330956733858e-02 8.381722287985257092e-01
1.463941456171480304e-02 8.390244729418784297e-01
1.482883541242419057e-02 8.400249907518037018e-01
1.498684120024185162e-02 8.410395756861517302e-01
1.508970027822886806e-02 8.420009578683450568e-01
1.516319889670142418e-02 8.430946365240862272e-01
1.529014260812067150e-02 8.440044007216396249e-01
1.536835011740089740e-02 8.450022912327882496e-01
1.549802861122007158e-02 8.460007614406738208e-01
1.560080140786901381e-02 8.470071549081333862e-01
1.574253323775143265e-02 8.480130671044504576e-01
1.593185478601277794e-02 8.490310557547214865e-01
1.604320972547856883e-02 8.500587197541241702e-01
1.616567918139177884e-02 8.510066162363298936e-01
1.635472082041156128e-02 8.521184856752540560e-01
1.652721070797735781e-02 8.530487169606155717e-01
1.666591782890680662e-02 8.540927325287444027e-01
1.683276114958998093e-02 8.550041019362611960e-01
1.694504612879099703e-02 8.560312597436556814e-01
1.714970798413939512e-02 8.570922303077939119e-01
1.726559518453685271e-02 8.580230385989988662e-01
1.740401960329518438e-02 8.590244451119846136e-01
1.753404342462827614e-02 8.600541080329204835e-01
1.764583487248883031e-02 8.610126660724228831e-01
1.788528483732010343e-02 8.620165040312049998e-01
1.814626043366618369e-02 8.631031658486084668e-01
1.838666333717231538e-02 8.641172407415890211e-01
1.853959091357459954e-02 8.650016797160412496e-01
1.878213005381690337e-02 8.660073049075953655e-01
1.891554111731519328e-02 8.670302447715040328e-01
1.906125014853377042e-02 8.680028740222758277e-01
1.922638614162952564e-02 8.691541915981272348e-01
1.935996622274283041e-02 8.700046817298304758e-01
1.950222955145930470e-02 8.710093306660151580e-01
1.957391513102990643e-02 8.720023434663322082e-01
1.974395371620829565e-02 8.730589208055876682e-01
1.997875354185904562e-02 8.740380218897253473e-01
2.020057236509087417e-02 8.750043092125414645e-01
2.045436747501838681e-02 8.760585954226053351e-01
2.067728553467762520e-02 8.770478176422294991e-01
2.092656732046749291e-02 8.780522257262386443e-01
2.116463689809044979e-02 8.790112082667767002e-01
2.134099589277704823e-02 8.801121307360568746e-01
2.153309458694696588e-02 8.810193932024552588e-01
2.174439562416896621e-02 8.820278954196906218e-01
2.219139128157010532e-02 8.830712997843394030e-01
2.246027160109675958e-02 8.840103760868226468e-01
2.280008228607277587e-02 8.850083566602398033e-01
2.312819078770456116e-02 8.860150867497789129e-01
2.349156773668936715e-02 8.870421275746720458e-01
2.376211490665713910e-02 8.880054001040887934e-01
2.418993132177282845e-02 8.890028637142803891e-01
2.446575678265278109e-02 8.900000677734283272e-01
2.482362201039034488e-02 8.910068166997869854e-01
2.514980616133000169e-02 8.920154365211776515e-01
2.551730461278367557e-02 8.930014894365629896e-01
2.591963335656277678e-02 8.940089838364229102e-01
2.629929919901741187e-02 8.950053901109602528e-01
2.666927904452087716e-02 8.960072464603744402e-01
2.696020986164260336e-02 8.970044069323883651e-01
2.746528937638359480e-02 8.980178231729232241e-01
2.783397993519409752e-02 8.990021123529563507e-01
2.857076242496958685e-02 9.000051607630894512e-01
2.910195076045374307e-02 9.010096449265861951e-01
2.942425643658408418e-02 9.020215308751515781e-01
3.015455463611971254e-02 9.030173961496668067e-01
3.086372639758694358e-02 9.040005104930202151e-01
3.135059312045651581e-02 9.050084966435463230e-01
3.180738072492306223e-02 9.060016658214353757e-01
3.232521736034055237e-02 9.070244101434654649e-01
3.296787812680290752e-02 9.080182262828406792e-01
3.367038311232306569e-02 9.090177623963587861e-01
3.465589863298390583e-02 9.100116556630390985e-01
3.529372744227732284e-02 9.110010385336521077e-01
3.617369376486845312e-02 9.120515761045265846e-01
3.703292785420542188e-02 9.130059228447171549e-01
3.775668742243962206e-02 9.140024854458500547e-01
3.875803015748990887e-02 9.150004219206454570e-01
4.010907169323618682e-02 9.160233354104646564e-01
4.119854267228761913e-02 9.170004510947290521e-01
4.235985592392910171e-02 9.180033696642052599e-01
4.337929788574203249e-02 9.190007067536577479e-01
4.452253442224507474e-02 9.200225726968199735e-01
4.566881680093226592e-02 9.210020849300197820e-01
4.733969829024764486e-02 9.220000154868939202e-01
4.911006465275624677e-02 9.230001822690333535e-01
5.089211117578051891e-02 9.240000159396924984e-01
5.315062909240220179e-02 9.250000065843279051e-01
5.521241334314064275e-02 9.260002968372799126e-01
5.724871405669684776e-02 9.270039248324569714e-01
5.912071732730805884e-02 9.280010651473206140e-01
6.119513056938985507e-02 9.290008552859343460e-01
6.320362155120529124e-02 9.300028750096465124e-01
6.529835740315093062e-02 9.310074262906729015e-01
6.717647543205540472e-02 9.320136029555150525e-01
6.893757232329100759e-02 9.330182753864986189e-01
7.070761432066807739e-02 9.340035501005654606e-01
7.248594794384555229e-02 9.350002788334457193e-01
7.421921755559846012e-02 9.360001398490875868e-01
7.609805951848391814e-02 9.370013205301082060e-01
7.786587445064618862e-02 9.380011332101814148e-01
7.962469997900289975e-02 9.390169022228638251e-01
8.069612396109526742e-02 9.400242682835782126e-01
8.250297658342464757e-02 9.410026078314872588e-01
8.374107359252480620e-02 9.420063625607786317e-01
8.524748874590348802e-02 9.430060085789158109e-01
8.710419381767842140e-02 9.440018905992542120e-01
8.871963411406813549e-02 9.450135553324671145e-01
8.986811944271547170e-02 9.460003290344158877e-01
9.108007040830568002e-02 9.470000149619897112e-01
9.240535565764962378e-02 9.480057895989124628e-01
9.338769705792726583e-02 9.490009437363310374e-01
9.417566787610542889e-02 9.500000055260171550e-01
9.525616770240619147e-02 9.510158536292947495e-01
9.598238592479790832e-02 9.520018581813471936e-01
9.720676241838499543e-02 9.530016334741174822e-01
9.833129396008999379e-02 9.540000161800790135e-01
9.929404290646459685e-02 9.550028253355422603e-01
1.002857073150965617e-01 9.560295336305129066e-01
1.014915221227465914e-01 9.570137016164255161e-01
1.023134956874200974e-01 9.580147385834141271e-01
1.031163694036645317e-01 9.590205448367348229e-01
1.037583935019243953e-01 9.600065380304833029e-01
1.044446300300079233e-01 9.610284214369978484e-01
1.051141263182436836e-01 9.620062209303690270e-01
1.056584691603692505e-01 9.630113281993660790e-01
1.063899171847928482e-01 9.640036537333329658e-01
1.073966142208431229e-01 9.651219350358115623e-01
1.082191705611064148e-01 9.660018881591789786e-01
1.089864986184974072e-01 9.670368486717590972e-01
1.103080106687253092e-01 9.680002748382876554e-01
1.109975313853546197e-01 9.690007922680088370e-01
1.121162957955303963e-01 9.700004042574803531e-01
1.133003887153436473e-01 9.710000299088166198e-01
1.144707543694779006e-01 9.720003096659958208e-01
1.156889177776865840e-01 9.730012299393987485e-01
1.175212922000365978e-01 9.740196840279192747e-01
1.194342476808489817e-01 9.750149113628336917e-01
1.214587511299716205e-01 9.760017179788893493e-01
1.238469229180836351e-01 9.770000710082318296e-01
1.267011445194740349e-01 9.780000512291777692e-01
1.301914176921283861e-01 9.790009443053808713e-01
1.342422954796489432e-01 9.800012922604928178e-01
1.396268407986279436e-01 9.810000349426691857e-01
1.469343713521489292e-01 9.820003107177450730e-01
1.555615973458042145e-01 9.830004017566880137e-01
1.680962613836847197e-01 9.840039991741573733e-01
1.803180555618673631e-01 9.850000271854738587e-01
1.909284200875063231e-01 9.860061333973968445e-01
2.000766552524788633e-01 9.870040539528015522e-01
2.089430906052454073e-01 9.880064046518897136e-01
2.170084622828076792e-01 9.890002434645794871e-01
2.254418434972711438e-01 9.900000487432405460e-01
2.373743080044490306e-01 9.910009127492463987e-01
2.502611864980954781e-01 9.920082452374702209e-01
2.618369719948323571e-01 9.930027687614684240e-01
2.824677129663353270e-01 9.940073084242462276e-01
3.686123509083802929e-01 9.950000369434316427e-01
5.342268529985105818e-01 9.960000423537267444e-01
7.609396049966983266e-01 9.970000064247456217e-01
8.481568740562375197e-01 9.980002000151778629e-01
9.421756054967762584e-01 9.990000126628680865e-01
1.309641434759903866e+01 9.999999999932066563e-01
