# Random field Heisenberg chain
# L=14, J=1, Delta=0.0, W=1.5, h_i in [-W,W]
# Integrated spectral function of the Anderson LIOMs I_alpha
# omega I_alpha

0.000000000000000000e+00 1.165501165501168753e-03
0.000000000000000000e+00 2.039627039627040818e-03
0.000000000000000000e+00 3.205128205128209354e-03
0.000000000000000000e+00 4.079254079254079034e-03
0.000000000000000000e+00 5.244755244755251039e-03
0.000000000000000000e+00 6.118881118881132862e-03
0.000000000000000000e+00 7.284382284382296194e-03
0.000000000000000000e+00 8.158508158508168476e-03
0.000000000000000000e+00 9.032634032634045962e-03
0.000000000000000000e+00 1.019813519813521710e-02
0.000000000000000000e+00 1.107226107226109112e-02
0.000000000000000000e+00 1.223776223776225532e-02
0.000000000000000000e+00 1.311188811188812239e-02
0.000000000000000000e+00 1.427738927738928833e-02
0.000000000000000000e+00 1.515151515151516581e-02
0.000000000000000000e+00 1.602564102564104503e-02
0.000000000000000000e+00 1.719114219114220576e-02
0.000000000000000000e+00 1.806526806526807458e-02
0.000000000000000000e+00 1.923076923076923184e-02
0.000000000000000000e+00 2.010489510489511453e-02
0.000000000000000000e+00 2.127039627039628220e-02
0.000000000000000000e+00 2.214452214452217182e-02
0.000000000000000000e+00 2.301864801864804411e-02
0.000000000000000000e+00 2.418414918414922218e-02
0.000000000000000000e+00 2.505827505827509100e-02
0.000000000000000000e+00 2.622377622377625520e-02
0.000000000000000000e+00 2.709790209790212401e-02
0.000000000000000000e+00 2.826340326340328821e-02
0.000000000000000000e+00 2.913752913752916049e-02
0.000000000000000000e+00 3.001165501165503277e-02
0.000000000000000000e+00 3.117715617715619003e-02
0.000000000000000000e+00 3.205128205128206925e-02
0.000000000000000000e+00 3.321678321678322998e-02
0.000000000000000000e+00 3.409090909090911614e-02
0.000000000000000000e+00 3.525641025641028381e-02
0.000000000000000000e+00 3.613053613053614221e-02
0.000000000000000000e+00 3.700466200466200756e-02
0.000000000000000000e+00 3.817016317016317523e-02
0.000000000000000000e+00 3.904428904428904751e-02
0.000000000000000000e+00 4.020979020979022212e-02
0.000000000000000000e+00 4.108391608391609440e-02
0.000000000000000000e+00 4.224941724941725513e-02
0.000000000000000000e+00 4.312354312354314129e-02
0.000000000000000000e+00 4.428904428904430896e-02
0.000000000000000000e+00 4.516317016317018818e-02
0.000000000000000000e+00 4.603729603729606046e-02
0.000000000000000000e+00 4.720279720279722813e-02
0.000000000000000000e+00 4.807692307692311429e-02
0.000000000000000000e+00 4.924242424242427502e-02
0.000000000000000000e+00 5.011655011655014036e-02
0.000000000000000000e+00 5.128205128205130109e-02
0.000000000000000000e+00 5.215617715617716643e-02
0.000000000000000000e+00 5.303030303030304565e-02
0.000000000000000000e+00 5.419580419580420638e-02
0.000000000000000000e+00 5.506993006993007173e-02
0.000000000000000000e+00 5.623543123543123939e-02
0.000000000000000000e+00 5.710955710955709086e-02
0.000000000000000000e+00 5.827505827505825159e-02
0.000000000000000000e+00 5.914918414918413081e-02
0.000000000000000000e+00 6.002331002330999615e-02
0.000000000000000000e+00 6.118881118881116382e-02
0.000000000000000000e+00 6.206293706293703610e-02
0.000000000000000000e+00 6.322843822843819683e-02
0.000000000000000000e+00 6.410256410256406912e-02
0.000000000000000000e+00 6.526806526806522291e-02
0.000000000000000000e+00 6.614219114219109519e-02
0.000000000000000000e+00 6.701631701631698135e-02
0.000000000000000000e+00 6.818181818181816289e-02
0.000000000000000000e+00 6.905594405594403518e-02
0.000000000000000000e+00 7.022144522144521672e-02
0.000000000000000000e+00 7.109557109557110288e-02
0.000000000000000000e+00 7.226107226107227055e-02
0.000000000000000000e+00 7.313519813519815671e-02
0.000000000000000000e+00 7.400932400932402899e-02
0.000000000000000000e+00 7.517482517482521054e-02
0.000000000000000000e+00 7.604895104895109670e-02
0.000000000000000000e+00 7.721445221445226437e-02
0.000000000000000000e+00 7.808857808857813665e-02
0.000000000000000000e+00 7.925407925407931820e-02
0.000000000000000000e+00 8.012820512820519048e-02
0.000000000000000000e+00 8.100233100233107664e-02
0.000000000000000000e+00 8.216783216783225818e-02
0.000000000000000000e+00 8.304195804195814434e-02
0.000000000000000000e+00 8.420745920745931201e-02
0.000000000000000000e+00 8.508158508158519817e-02
0.000000000000000000e+00 8.624708624708637972e-02
0.000000000000000000e+00 8.712121212121226588e-02
0.000000000000000000e+00 8.828671328671343355e-02
0.000000000000000000e+00 8.916083916083931971e-02
0.000000000000000000e+00 9.003496503496519199e-02
0.000000000000000000e+00 9.120046620046635966e-02
0.000000000000000000e+00 9.207459207459224582e-02
0.000000000000000000e+00 9.324009324009342736e-02
0.000000000000000000e+00 9.411421911421931352e-02
0.000000000000000000e+00 9.527972027972049507e-02
0.000000000000000000e+00 9.615384615384636735e-02
0.000000000000000000e+00 9.702797202797225351e-02
0.000000000000000000e+00 9.819347319347343506e-02
0.000000000000000000e+00 9.906759906759932122e-02
0.000000000000000000e+00 1.002331002331004889e-01
0.000000000000000000e+00 1.011072261072263750e-01
0.000000000000000000e+00 1.022727272727275288e-01
0.000000000000000000e+00 1.031468531468534011e-01
0.000000000000000000e+00 1.040209790209792734e-01
0.000000000000000000e+00 1.051864801864804549e-01
0.000000000000000000e+00 1.060606060606063411e-01
0.000000000000000000e+00 1.072261072261075227e-01
0.000000000000000000e+00 1.081002331002334088e-01
0.000000000000000000e+00 1.092657342657345904e-01
0.000000000000000000e+00 1.101398601398604765e-01
0.000000000000000000e+00 1.110139860139863627e-01
0.000000000000000000e+00 1.121794871794875303e-01
0.000000000000000000e+00 1.130536130536134165e-01
0.000000000000000000e+00 1.142191142191145981e-01
0.000000000000000000e+00 1.150932400932404842e-01
0.000000000000000000e+00 1.162587412587416519e-01
0.000000000000000000e+00 1.171328671328675242e-01
0.000000000000000000e+00 1.180069930069934103e-01
0.000000000000000000e+00 1.191724941724945919e-01
0.000000000000000000e+00 1.200466200466204780e-01
0.000000000000000000e+00 1.212121212121216457e-01
0.000000000000000000e+00 1.220862470862475319e-01
0.000000000000000000e+00 1.232517482517487134e-01
0.000000000000000000e+00 1.241258741258745996e-01
0.000000000000000000e+00 1.250000000000004718e-01
0.000000000000000000e+00 1.261655011655016534e-01
0.000000000000000000e+00 1.270396270396275118e-01
0.000000000000000000e+00 1.282051282051286933e-01
0.000000000000000000e+00 1.290792540792545795e-01
0.000000000000000000e+00 1.302447552447557610e-01
0.000000000000000000e+00 1.311188811188816472e-01
0.000000000000000000e+00 1.322843822843828288e-01
0.000000000000000000e+00 1.331585081585087149e-01
0.000000000000000000e+00 1.340326340326346011e-01
0.000000000000000000e+00 1.351981351981357826e-01
0.000000000000000000e+00 1.360722610722616688e-01
0.000000000000000000e+00 1.372377622377628503e-01
0.000000000000000000e+00 1.381118881118887365e-01
0.000000000000000000e+00 1.392773892773899180e-01
0.000000000000000000e+00 1.401515151515158042e-01
0.000000000000000000e+00 1.410256410256416904e-01
0.000000000000000000e+00 1.421911421911428719e-01
0.000000000000000000e+00 1.430652680652687581e-01
0.000000000000000000e+00 1.442307692307699396e-01
0.000000000000000000e+00 1.451048951048958258e-01
0.000000000000000000e+00 1.462703962703970073e-01
0.000000000000000000e+00 1.471445221445228935e-01
0.000000000000000000e+00 1.480186480186487796e-01
0.000000000000000000e+00 1.491841491841499612e-01
0.000000000000000000e+00 1.500582750582758473e-01
0.000000000000000000e+00 1.512237762237770289e-01
0.000000000000000000e+00 1.520979020979029150e-01
0.000000000000000000e+00 1.532634032634040966e-01
0.000000000000000000e+00 1.541375291375299827e-01
0.000000000000000000e+00 1.550116550116558689e-01
0.000000000000000000e+00 1.561771561771570505e-01
0.000000000000000000e+00 1.570512820512829366e-01
0.000000000000000000e+00 1.582167832167841182e-01
0.000000000000000000e+00 1.590909090909100043e-01
0.000000000000000000e+00 1.602564102564111859e-01
0.000000000000000000e+00 1.611305361305370720e-01
0.000000000000000000e+00 1.620046620046629582e-01
0.000000000000000000e+00 1.631701631701641397e-01
0.000000000000000000e+00 1.640442890442900259e-01
0.000000000000000000e+00 1.652097902097912074e-01
0.000000000000000000e+00 1.660839160839170936e-01
0.000000000000000000e+00 1.672494172494182474e-01
0.000000000000000000e+00 1.681235431235441335e-01
0.000000000000000000e+00 1.692890442890453151e-01
0.000000000000000000e+00 1.701631701631712013e-01
0.000000000000000000e+00 1.710372960372970874e-01
0.000000000000000000e+00 1.722027972027982690e-01
0.000000000000000000e+00 1.730769230769241551e-01
0.000000000000000000e+00 1.742424242424253367e-01
0.000000000000000000e+00 1.751165501165512228e-01
0.000000000000000000e+00 1.762820512820524044e-01
0.000000000000000000e+00 1.771561771561782905e-01
0.000000000000000000e+00 1.780303030303041767e-01
0.000000000000000000e+00 1.791958041958053582e-01
0.000000000000000000e+00 1.800699300699312444e-01
0.000000000000000000e+00 1.812354312354324259e-01
0.000000000000000000e+00 1.821095571095583121e-01
0.000000000000000000e+00 1.832750582750594937e-01
0.000000000000000000e+00 1.841491841491853798e-01
0.000000000000000000e+00 1.850233100233112660e-01
0.000000000000000000e+00 1.861888111888124475e-01
0.000000000000000000e+00 1.870629370629383337e-01
0.000000000000000000e+00 1.882284382284395152e-01
0.000000000000000000e+00 1.891025641025654014e-01
0.000000000000000000e+00 1.902680652680665829e-01
0.000000000000000000e+00 1.911421911421924691e-01
0.000000000000000000e+00 1.920163170163183552e-01
0.000000000000000000e+00 1.931818181818195368e-01
0.000000000000000000e+00 1.940559440559454230e-01
0.000000000000000000e+00 1.952214452214466045e-01
0.000000000000000000e+00 1.960955710955724907e-01
0.000000000000000000e+00 1.972610722610736722e-01
0.000000000000000000e+00 1.981351981351995584e-01
0.000000000000000000e+00 1.990093240093254445e-01
0.000000000000000000e+00 2.001748251748266261e-01
0.000000000000000000e+00 2.010489510489525122e-01
0.000000000000000000e+00 2.022144522144536938e-01
0.000000000000000000e+00 2.030885780885795799e-01
0.000000000000000000e+00 2.042540792540807615e-01
0.000000000000000000e+00 2.051282051282066476e-01
0.000000000000000000e+00 2.060023310023325338e-01
0.000000000000000000e+00 2.071678321678337154e-01
0.000000000000000000e+00 2.080419580419596015e-01
0.000000000000000000e+00 2.092074592074607831e-01
0.000000000000000000e+00 2.100815850815866692e-01
0.000000000000000000e+00 2.112470862470878508e-01
0.000000000000000000e+00 2.121212121212137369e-01
0.000000000000000000e+00 2.132867132867149185e-01
0.000000000000000000e+00 2.141608391608408046e-01
0.000000000000000000e+00 2.150349650349666908e-01
0.000000000000000000e+00 2.162004662004678723e-01
0.000000000000000000e+00 2.170745920745937585e-01
0.000000000000000000e+00 2.182400932400949400e-01
0.000000000000000000e+00 2.191142191142208262e-01
0.000000000000000000e+00 2.202797202797220077e-01
0.000000000000000000e+00 2.211538461538478939e-01
0.000000000000000000e+00 2.220279720279737801e-01
0.000000000000000000e+00 2.231934731934749616e-01
0.000000000000000000e+00 2.240675990676008478e-01
0.000000000000000000e+00 2.252331002331020293e-01
0.000000000000000000e+00 2.261072261072279155e-01
0.000000000000000000e+00 2.272727272727290970e-01
0.000000000000000000e+00 2.281468531468549832e-01
0.000000000000000000e+00 2.290209790209808693e-01
0.000000000000000000e+00 2.301864801864820509e-01
0.000000000000000000e+00 2.310606060606079371e-01
0.000000000000000000e+00 2.322261072261091186e-01
0.000000000000000000e+00 2.331002331002350048e-01
0.000000000000000000e+00 2.342657342657361863e-01
0.000000000000000000e+00 2.351398601398620725e-01
0.000000000000000000e+00 2.360139860139879586e-01
0.000000000000000000e+00 2.371794871794891402e-01
0.000000000000000000e+00 2.380536130536150263e-01
0.000000000000000000e+00 2.392191142191162079e-01
0.000000000000000000e+00 2.400932400932420940e-01
0.000000000000000000e+00 2.412587412587432756e-01
0.000000000000000000e+00 2.421328671328691617e-01
0.000000000000000000e+00 2.430069930069950479e-01
0.000000000000000000e+00 2.441724941724962294e-01
0.000000000000000000e+00 2.450466200466221156e-01
0.000000000000000000e+00 2.462121212121232972e-01
0.000000000000000000e+00 2.470862470862491833e-01
0.000000000000000000e+00 2.482517482517503649e-01
0.000000000000000000e+00 2.491258741258762510e-01
0.000000000000000000e+00 2.500000000000021094e-01
0.000000000000000000e+00 2.511655011655032910e-01
0.000000000000000000e+00 2.520396270396291771e-01
0.000000000000000000e+00 2.532051282051303587e-01
0.000000000000000000e+00 2.540792540792562448e-01
0.000000000000000000e+00 2.552447552447574264e-01
0.000000000000000000e+00 2.561188811188833125e-01
0.000000000000000000e+00 2.572843822843844941e-01
0.000000000000000000e+00 2.581585081585103802e-01
0.000000000000000000e+00 2.590326340326362664e-01
0.000000000000000000e+00 2.601981351981374480e-01
0.000000000000000000e+00 2.610722610722633341e-01
0.000000000000000000e+00 2.622377622377645157e-01
0.000000000000000000e+00 2.631118881118904018e-01
0.000000000000000000e+00 2.642773892773915834e-01
0.000000000000000000e+00 2.651515151515174695e-01
0.000000000000000000e+00 2.660256410256433557e-01
0.000000000000000000e+00 2.671911421911445372e-01
0.000000000000000000e+00 2.680652680652704234e-01
0.000000000000000000e+00 2.692307692307716049e-01
0.000000000000000000e+00 2.701048951048974911e-01
0.000000000000000000e+00 2.712703962703986726e-01
0.000000000000000000e+00 2.721445221445245588e-01
0.000000000000000000e+00 2.730186480186504450e-01
0.000000000000000000e+00 2.741841491841516265e-01
0.000000000000000000e+00 2.750582750582775127e-01
0.000000000000000000e+00 2.762237762237786942e-01
0.000000000000000000e+00 2.770979020979045804e-01
0.000000000000000000e+00 2.782634032634057619e-01
0.000000000000000000e+00 2.791375291375316481e-01
0.000000000000000000e+00 2.800116550116575342e-01
0.000000000000000000e+00 2.811771561771587158e-01
0.000000000000000000e+00 2.820512820512846019e-01
0.000000000000000000e+00 2.832167832167857835e-01
0.000000000000000000e+00 2.840909090909116697e-01
0.000000000000000000e+00 2.852564102564128512e-01
0.000000000000000000e+00 2.861305361305387374e-01
0.000000000000000000e+00 2.870046620046646235e-01
0.000000000000000000e+00 2.881701631701658051e-01
0.000000000000000000e+00 2.890442890442916912e-01
0.000000000000000000e+00 2.902097902097928728e-01
0.000000000000000000e+00 2.910839160839187589e-01
0.000000000000000000e+00 2.922494172494199405e-01
0.000000000000000000e+00 2.931235431235458266e-01
0.000000000000000000e+00 2.942890442890470082e-01
0.000000000000000000e+00 2.951631701631728943e-01
0.000000000000000000e+00 2.960372960372987805e-01
0.000000000000000000e+00 2.972027972027999621e-01
0.000000000000000000e+00 2.980769230769258482e-01
0.000000000000000000e+00 2.992424242424270298e-01
0.000000000000000000e+00 3.001165501165529159e-01
0.000000000000000000e+00 3.012820512820540975e-01
0.000000000000000000e+00 3.021561771561799836e-01
0.000000000000000000e+00 3.030303030303058698e-01
0.000000000000000000e+00 3.041958041958070513e-01
0.000000000000000000e+00 3.050699300699329375e-01
0.000000000000000000e+00 3.062354312354341190e-01
0.000000000000000000e+00 3.071095571095600052e-01
0.000000000000000000e+00 3.082750582750611867e-01
0.000000000000000000e+00 3.091491841491870729e-01
0.000000000000000000e+00 3.100233100233129591e-01
0.000000000000000000e+00 3.111888111888141406e-01
0.000000000000000000e+00 3.120629370629400268e-01
0.000000000000000000e+00 3.132284382284412083e-01
0.000000000000000000e+00 3.141025641025670945e-01
0.000000000000000000e+00 3.152680652680682760e-01
0.000000000000000000e+00 3.161421911421941622e-01
0.000000000000000000e+00 3.170163170163200483e-01
0.000000000000000000e+00 3.181818181818212299e-01
0.000000000000000000e+00 3.190559440559471160e-01
0.000000000000000000e+00 3.202214452214482976e-01
0.000000000000000000e+00 3.210955710955741838e-01
0.000000000000000000e+00 3.222610722610753653e-01
0.000000000000000000e+00 3.231351981352012515e-01
0.000000000000000000e+00 3.240093240093271376e-01
0.000000000000000000e+00 3.251748251748283192e-01
0.000000000000000000e+00 3.260489510489542053e-01
0.000000000000000000e+00 3.272144522144553869e-01
0.000000000000000000e+00 3.280885780885812730e-01
0.000000000000000000e+00 3.292540792540824546e-01
0.000000000000000000e+00 3.301282051282083407e-01
0.000000000000000000e+00 3.310023310023342269e-01
0.000000000000000000e+00 3.321678321678354084e-01
0.000000000000000000e+00 3.330419580419612946e-01
0.000000000000000000e+00 3.342074592074624761e-01
0.000000000000000000e+00 3.350815850815883623e-01
0.000000000000000000e+00 3.362470862470895439e-01
0.000000000000000000e+00 3.371212121212154300e-01
0.000000000000000000e+00 3.382867132867166116e-01
0.000000000000000000e+00 3.391608391608424977e-01
0.000000000000000000e+00 3.400349650349683839e-01
0.000000000000000000e+00 3.412004662004695654e-01
0.000000000000000000e+00 3.420745920745954516e-01
0.000000000000000000e+00 3.432400932400966331e-01
0.000000000000000000e+00 3.441142191142225193e-01
0.000000000000000000e+00 3.452797202797237008e-01
0.000000000000000000e+00 3.461538461538495870e-01
0.000000000000000000e+00 3.470279720279754732e-01
0.000000000000000000e+00 3.481934731934766547e-01
0.000000000000000000e+00 3.490675990676025409e-01
0.000000000000000000e+00 3.502331002331037224e-01
0.000000000000000000e+00 3.511072261072296086e-01
0.000000000000000000e+00 3.522727272727307901e-01
0.000000000000000000e+00 3.531468531468566763e-01
0.000000000000000000e+00 3.540209790209825624e-01
0.000000000000000000e+00 3.551864801864837440e-01
0.000000000000000000e+00 3.560606060606096301e-01
0.000000000000000000e+00 3.572261072261108117e-01
0.000000000000000000e+00 3.581002331002366978e-01
0.000000000000000000e+00 3.592657342657378794e-01
0.000000000000000000e+00 3.601398601398637656e-01
0.000000000000000000e+00 3.610139860139896517e-01
0.000000000000000000e+00 3.621794871794908333e-01
0.000000000000000000e+00 3.630536130536167194e-01
0.000000000000000000e+00 3.642191142191179010e-01
0.000000000000000000e+00 3.650932400932437871e-01
0.000000000000000000e+00 3.662587412587449687e-01
0.000000000000000000e+00 3.671328671328708548e-01
0.000000000000000000e+00 3.680069930069967410e-01
0.000000000000000000e+00 3.691724941724979225e-01
0.000000000000000000e+00 3.700466200466238087e-01
0.000000000000000000e+00 3.712121212121249902e-01
0.000000000000000000e+00 3.720862470862508764e-01
0.000000000000000000e+00 3.732517482517520579e-01
0.000000000000000000e+00 3.741258741258779441e-01
0.000000000000000000e+00 3.750000000000038303e-01
0.000000000000000000e+00 3.761655011655050118e-01
0.000000000000000000e+00 3.770396270396308980e-01
0.000000000000000000e+00 3.782051282051320795e-01
0.000000000000000000e+00 3.790792540792579657e-01
0.000000000000000000e+00 3.802447552447591472e-01
0.000000000000000000e+00 3.811188811188850334e-01
0.000000000000000000e+00 3.822843822843862149e-01
0.000000000000000000e+00 3.831585081585121011e-01
0.000000000000000000e+00 3.840326340326379873e-01
0.000000000000000000e+00 3.851981351981391688e-01
0.000000000000000000e+00 3.860722610722650550e-01
0.000000000000000000e+00 3.872377622377662365e-01
0.000000000000000000e+00 3.881118881118921227e-01
0.000000000000000000e+00 3.892773892773933042e-01
0.000000000000000000e+00 3.901515151515191904e-01
0.000000000000000000e+00 3.910256410256450765e-01
0.000000000000000000e+00 3.921911421911462581e-01
0.000000000000000000e+00 3.930652680652721442e-01
0.000000000000000000e+00 3.942307692307733258e-01
0.000000000000000000e+00 3.951048951048992119e-01
0.000000000000000000e+00 3.962703962704003935e-01
0.000000000000000000e+00 3.971445221445262797e-01
0.000000000000000000e+00 3.980186480186521658e-01
0.000000000000000000e+00 3.991841491841533474e-01
0.000000000000000000e+00 4.000582750582792335e-01
0.000000000000000000e+00 4.012237762237804151e-01
0.000000000000000000e+00 4.020979020979063012e-01
0.000000000000000000e+00 4.032634032634074828e-01
0.000000000000000000e+00 4.041375291375333689e-01
0.000000000000000000e+00 4.050116550116592551e-01
0.000000000000000000e+00 4.061771561771604366e-01
0.000000000000000000e+00 4.070512820512863228e-01
0.000000000000000000e+00 4.082167832167875043e-01
0.000000000000000000e+00 4.090909090909133905e-01
0.000000000000000000e+00 4.102564102564145720e-01
0.000000000000000000e+00 4.111305361305404582e-01
0.000000000000000000e+00 4.120046620046663444e-01
0.000000000000000000e+00 4.131701631701675259e-01
0.000000000000000000e+00 4.140442890442934121e-01
0.000000000000000000e+00 4.152097902097945936e-01
0.000000000000000000e+00 4.160839160839204798e-01
0.000000000000000000e+00 4.172494172494216613e-01
0.000000000000000000e+00 4.181235431235475475e-01
0.000000000000000000e+00 4.192890442890487290e-01
0.000000000000000000e+00 4.201631701631746152e-01
0.000000000000000000e+00 4.210372960373005014e-01
0.000000000000000000e+00 4.222027972028016829e-01
0.000000000000000000e+00 4.230769230769275691e-01
0.000000000000000000e+00 4.242424242424287506e-01
0.000000000000000000e+00 4.251165501165546368e-01
0.000000000000000000e+00 4.262820512820558183e-01
0.000000000000000000e+00 4.271561771561817045e-01
0.000000000000000000e+00 4.280303030303075906e-01
0.000000000000000000e+00 4.291958041958087722e-01
0.000000000000000000e+00 4.300699300699346583e-01
0.000000000000000000e+00 4.312354312354358399e-01
0.000000000000000000e+00 4.321095571095617260e-01
0.000000000000000000e+00 4.332750582750629076e-01
0.000000000000000000e+00 4.341491841491887937e-01
0.000000000000000000e+00 4.350233100233146799e-01
0.000000000000000000e+00 4.361888111888158615e-01
0.000000000000000000e+00 4.370629370629417476e-01
0.000000000000000000e+00 4.382284382284429292e-01
0.000000000000000000e+00 4.391025641025688153e-01
0.000000000000000000e+00 4.402680652680699969e-01
0.000000000000000000e+00 4.411421911421958830e-01
0.000000000000000000e+00 4.420163170163217692e-01
0.000000000000000000e+00 4.431818181818229507e-01
0.000000000000000000e+00 4.440559440559488369e-01
0.000000000000000000e+00 4.452214452214500184e-01
0.000000000000000000e+00 4.460955710955759046e-01
0.000000000000000000e+00 4.472610722610770861e-01
0.000000000000000000e+00 4.481351981352029723e-01
0.000000000000000000e+00 4.490093240093288585e-01
0.000000000000000000e+00 4.501748251748300400e-01
0.000000000000000000e+00 4.510489510489559262e-01
0.000000000000000000e+00 4.522144522144571077e-01
0.000000000000000000e+00 4.530885780885829939e-01
0.000000000000000000e+00 4.542540792540841754e-01
0.000000000000000000e+00 4.551282051282100616e-01
0.000000000000000000e+00 4.560023310023359477e-01
0.000000000000000000e+00 4.571678321678371293e-01
0.000000000000000000e+00 4.580419580419630154e-01
0.000000000000000000e+00 4.592074592074641970e-01
0.000000000000000000e+00 4.600815850815900832e-01
0.000000000000000000e+00 4.612470862470912647e-01
0.000000000000000000e+00 4.621212121212171509e-01
0.000000000000000000e+00 4.632867132867183324e-01
0.000000000000000000e+00 4.641608391608442186e-01
0.000000000000000000e+00 4.650349650349701047e-01
0.000000000000000000e+00 4.662004662004712863e-01
0.000000000000000000e+00 4.670745920745971724e-01
0.000000000000000000e+00 4.682400932400983540e-01
0.000000000000000000e+00 4.691142191142242401e-01
0.000000000000000000e+00 4.702797202797254217e-01
0.000000000000000000e+00 4.711538461538513078e-01
0.000000000000000000e+00 4.720279720279771940e-01
0.000000000000000000e+00 4.731934731934783755e-01
0.000000000000000000e+00 4.740675990676042617e-01
0.000000000000000000e+00 4.752331002331054433e-01
0.000000000000000000e+00 4.761072261072313294e-01
0.000000000000000000e+00 4.772727272727325110e-01
0.000000000000000000e+00 4.781468531468583971e-01
0.000000000000000000e+00 4.790209790209842833e-01
0.000000000000000000e+00 4.801864801864854648e-01
0.000000000000000000e+00 4.810606060606113510e-01
0.000000000000000000e+00 4.822261072261125325e-01
0.000000000000000000e+00 4.831002331002384187e-01
0.000000000000000000e+00 4.842657342657396002e-01
0.000000000000000000e+00 4.851398601398654864e-01
0.000000000000000000e+00 4.860139860139913726e-01
0.000000000000000000e+00 4.871794871794925541e-01
0.000000000000000000e+00 4.880536130536184403e-01
0.000000000000000000e+00 4.892191142191196218e-01
0.000000000000000000e+00 4.900932400932455080e-01
0.000000000000000000e+00 4.912587412587466895e-01
0.000000000000000000e+00 4.921328671328725757e-01
0.000000000000000000e+00 4.930069930069984618e-01
0.000000000000000000e+00 4.941724941724996434e-01
0.000000000000000000e+00 4.950466200466255295e-01
0.000000000000000000e+00 4.962121212121267111e-01
0.000000000000000000e+00 4.970862470862525972e-01
0.000000000000000000e+00 4.982517482517537788e-01
0.000000000000000000e+00 4.991258741258796650e-01
0.000000000000000000e+00 5.000000000000055511e-01
0.000000000000000000e+00 5.011655011655065106e-01
0.000000000000000000e+00 5.020396270396323413e-01
0.000000000000000000e+00 5.032051282051333008e-01
0.000000000000000000e+00 5.040792540792590204e-01
0.000000000000000000e+00 5.052447552447599799e-01
0.000000000000000000e+00 5.061188811188856995e-01
0.000000000000000000e+00 5.072843822843866590e-01
0.000000000000000000e+00 5.081585081585123786e-01
0.000000000000000000e+00 5.090326340326380983e-01
0.000000000000000000e+00 5.101981351981390578e-01
0.000000000000000000e+00 5.110722610722647774e-01
0.000000000000000000e+00 5.122377622377657369e-01
0.000000000000000000e+00 5.131118881118915676e-01
0.000000000000000000e+00 5.142773892773925271e-01
0.000000000000000000e+00 5.151515151515182467e-01
0.000000000000000000e+00 5.160256410256439663e-01
0.000000000000000000e+00 5.171911421911449258e-01
0.000000000000000000e+00 5.180652680652706454e-01
0.000000000000000000e+00 5.192307692307716049e-01
0.000000000000000000e+00 5.201048951048973246e-01
0.000000000000000000e+00 5.212703962703982841e-01
0.000000000000000000e+00 5.221445221445240037e-01
0.000000000000000000e+00 5.230186480186498343e-01
0.000000000000000000e+00 5.241841491841507938e-01
0.000000000000000000e+00 5.250582750582765135e-01
0.000000000000000000e+00 5.262237762237775840e-01
0.000000000000000000e+00 5.270979020979033036e-01
0.000000000000000000e+00 5.282634032634044852e-01
0.000000000000000000e+00 5.291375291375303158e-01
0.000000000000000000e+00 5.300116550116560354e-01
0.000000000000000000e+00 5.311771561771572170e-01
0.000000000000000000e+00 5.320512820512829366e-01
0.000000000000000000e+00 5.332167832167840071e-01
0.000000000000000000e+00 5.340909090909097268e-01
0.000000000000000000e+00 5.352564102564106863e-01
0.000000000000000000e+00 5.361305361305364059e-01
0.000000000000000000e+00 5.370046620046622365e-01
0.000000000000000000e+00 5.381701631701633071e-01
0.000000000000000000e+00 5.390442890442890267e-01
0.000000000000000000e+00 5.402097902097899862e-01
0.000000000000000000e+00 5.410839160839157058e-01
0.000000000000000000e+00 5.422494172494166653e-01
0.000000000000000000e+00 5.431235431235423849e-01
0.000000000000000000e+00 5.442890442890433444e-01
0.000000000000000000e+00 5.451631701631690641e-01
0.000000000000000000e+00 5.460372960372947837e-01
0.000000000000000000e+00 5.472027972027957432e-01
0.000000000000000000e+00 5.480769230769214628e-01
0.000000000000000000e+00 5.492424242424225334e-01
0.000000000000000000e+00 5.501165501165483640e-01
0.000000000000000000e+00 5.512820512820495455e-01
0.000000000000000000e+00 5.521561771561752652e-01
0.000000000000000000e+00 5.530303030303010958e-01
0.000000000000000000e+00 5.541958041958020553e-01
0.000000000000000000e+00 5.550699300699277750e-01
0.000000000000000000e+00 5.562354312354288455e-01
0.000000000000000000e+00 5.571095571095545651e-01
0.000000000000000000e+00 5.582750582750555246e-01
0.000000000000000000e+00 5.591491841491812442e-01
0.000000000000000000e+00 5.600233100233069639e-01
0.000000000000000000e+00 5.611888111888079234e-01
0.000000000000000000e+00 5.620629370629336430e-01
0.000000000000000000e+00 5.632284382284346025e-01
0.000000000000000000e+00 5.641025641025603221e-01
0.000000000000000000e+00 5.652680652680613926e-01
0.000000000000000000e+00 5.661421911421872233e-01
0.000000000000000000e+00 5.670163170163129429e-01
0.000000000000000000e+00 5.681818181818139024e-01
0.000000000000000000e+00 5.690559440559396220e-01
0.000000000000000000e+00 5.702214452214405815e-01
0.000000000000000000e+00 5.710955710955663012e-01
0.000000000000000000e+00 5.722610722610672607e-01
0.000000000000000000e+00 5.731351981351929803e-01
0.000000000000000000e+00 5.740093240093188109e-01
0.000000000000000000e+00 5.751748251748198815e-01
0.000000000000000000e+00 5.760489510489457121e-01
0.000000000000000000e+00 5.772144522144466716e-01
0.000000000000000000e+00 5.780885780885723912e-01
0.000000000000000000e+00 5.792540792540733507e-01
0.000000000000000000e+00 5.801282051281991814e-01
0.000000000000000000e+00 5.810023310023249010e-01
0.000000000000000000e+00 5.821678321678259715e-01
0.000000000000000000e+00 5.830419580419518022e-01
0.000000000000000000e+00 5.842074592074527617e-01
0.000000000000000000e+00 5.850815850815784813e-01
0.000000000000000000e+00 5.862470862470794408e-01
0.000000000000000000e+00 5.871212121212051605e-01
0.000000000000000000e+00 5.882867132867061200e-01
0.000000000000000000e+00 5.891608391608319506e-01
0.000000000000000000e+00 5.900349650349576702e-01
0.000000000000000000e+00 5.912004662004586297e-01
0.000000000000000000e+00 5.920745920745843494e-01
0.000000000000000000e+00 5.932400932400853089e-01
0.000000000000000000e+00 5.941142191142111395e-01
0.000000000000000000e+00 5.952797202797120990e-01
0.000000000000000000e+00 5.961538461538378186e-01
0.000000000000000000e+00 5.970279720279635383e-01
0.000000000000000000e+00 5.981934731934644978e-01
0.000000000000000000e+00 5.990675990675902174e-01
0.000000000000000000e+00 6.002331002330911769e-01
0.000000000000000000e+00 6.011072261072170075e-01
0.000000000000000000e+00 6.022727272727179670e-01
0.000000000000000000e+00 6.031468531468437977e-01
0.000000000000000000e+00 6.040209790209697394e-01
0.000000000000000000e+00 6.051864801864706989e-01
0.000000000000000000e+00 6.060606060605964185e-01
0.000000000000000000e+00 6.072261072260973780e-01
0.000000000000000000e+00 6.081002331002230976e-01
0.000000000000000000e+00 6.092657342657240571e-01
0.000000000000000000e+00 6.101398601398498878e-01
0.000000000000000000e+00 6.110139860139756074e-01
0.000000000000000000e+00 6.121794871794765669e-01
0.000000000000000000e+00 6.130536130536022865e-01
0.000000000000000000e+00 6.142191142191034681e-01
0.000000000000000000e+00 6.150932400932291877e-01
0.000000000000000000e+00 6.162587412587301472e-01
0.000000000000000000e+00 6.171328671328558668e-01
0.000000000000000000e+00 6.180069930069815864e-01
0.000000000000000000e+00 6.191724941724825459e-01
0.000000000000000000e+00 6.200466200466082656e-01
0.000000000000000000e+00 6.212121212121092251e-01
0.000000000000000000e+00 6.220862470862349447e-01
0.000000000000000000e+00 6.232517482517360152e-01
0.000000000000000000e+00 6.241258741258618459e-01
0.000000000000000000e+00 6.252913752913628054e-01
0.000000000000000000e+00 6.261655011654886360e-01
0.000000000000000000e+00 6.270396270396143557e-01
0.000000000000000000e+00 6.282051282051153152e-01
0.000000000000000000e+00 6.290792540792410348e-01
0.000000000000000000e+00 6.302447552447419943e-01
0.000000000000000000e+00 6.311188811188677139e-01
0.000000000000000000e+00 6.322843822843686734e-01
0.000000000000000000e+00 6.331585081584943930e-01
0.000000000000000000e+00 6.340326340326201127e-01
0.000000000000000000e+00 6.351981351981210722e-01
0.000000000000000000e+00 6.360722610722467918e-01
0.000000000000000000e+00 6.372377622377477513e-01
0.000000000000000000e+00 6.381118881118734709e-01
0.000000000000000000e+00 6.392773892773746525e-01
0.000000000000000000e+00 6.401515151515003721e-01
0.000000000000000000e+00 6.410256410256262027e-01
0.000000000000000000e+00 6.421911421911271622e-01
0.000000000000000000e+00 6.430652680652529929e-01
0.000000000000000000e+00 6.442307692307539524e-01
0.000000000000000000e+00 6.451048951048796720e-01
0.000000000000000000e+00 6.462703962703806315e-01
0.000000000000000000e+00 6.471445221445063511e-01
0.000000000000000000e+00 6.480186480186320708e-01
0.000000000000000000e+00 6.491841491841330303e-01
0.000000000000000000e+00 6.500582750582587499e-01
0.000000000000000000e+00 6.512237762237597094e-01
0.000000000000000000e+00 6.520979020978855401e-01
0.000000000000000000e+00 6.532634032633866106e-01
0.000000000000000000e+00 6.541375291375123302e-01
0.000000000000000000e+00 6.550116550116380498e-01
0.000000000000000000e+00 6.561771561771392314e-01
0.000000000000000000e+00 6.570512820512649510e-01
0.000000000000000000e+00 6.582167832167659105e-01
0.000000000000000000e+00 6.590909090908916301e-01
0.000000000000000000e+00 6.602564102563925896e-01
0.000000000000000000e+00 6.611305361305183093e-01
0.000000000000000000e+00 6.620046620046440289e-01
0.000000000000000000e+00 6.631701631701449884e-01
0.000000000000000000e+00 6.640442890442707080e-01
0.000000000000000000e+00 6.652097902097716675e-01
0.000000000000000000e+00 6.660839160838973871e-01
0.000000000000000000e+00 6.672494172493984577e-01
0.000000000000000000e+00 6.681235431235241773e-01
0.000000000000000000e+00 6.692890442890251368e-01
0.000000000000000000e+00 6.701631701631508564e-01
0.000000000000000000e+00 6.710372960372766871e-01
0.000000000000000000e+00 6.722027972027776466e-01
0.000000000000000000e+00 6.730769230769033662e-01
0.000000000000000000e+00 6.742424242424044367e-01
0.000000000000000000e+00 6.751165501165301563e-01
0.000000000000000000e+00 6.762820512820311158e-01
0.000000000000000000e+00 6.771561771561568355e-01
0.000000000000000000e+00 6.780303030302825551e-01
0.000000000000000000e+00 6.791958041957835146e-01
0.000000000000000000e+00 6.800699300699092342e-01
0.000000000000000000e+00 6.812354312354101937e-01
0.000000000000000000e+00 6.821095571095359134e-01
0.000000000000000000e+00 6.832750582750368729e-01
0.000000000000000000e+00 6.841491841491625925e-01
0.000000000000000000e+00 6.850233100232883121e-01
0.000000000000000000e+00 6.861888111887892716e-01
0.000000000000000000e+00 6.870629370629151023e-01
0.000000000000000000e+00 6.882284382284161728e-01
0.000000000000000000e+00 6.891025641025418924e-01
0.000000000000000000e+00 6.902680652680430740e-01
0.000000000000000000e+00 6.911421911421687936e-01
0.000000000000000000e+00 6.920163170162945132e-01
0.000000000000000000e+00 6.931818181817954727e-01
0.000000000000000000e+00 6.940559440559211923e-01
0.000000000000000000e+00 6.952214452214221518e-01
0.000000000000000000e+00 6.960955710955478715e-01
0.000000000000000000e+00 6.972610722610489420e-01
0.000000000000000000e+00 6.981351981351746616e-01
0.000000000000000000e+00 6.990093240093003812e-01
0.000000000000000000e+00 7.001748251748013407e-01
0.000000000000000000e+00 7.010489510489270604e-01
0.000000000000000000e+00 7.022144522144280199e-01
0.000000000000000000e+00 7.030885780885537395e-01
0.000000000000000000e+00 7.042540792540546990e-01
0.000000000000000000e+00 7.051282051281805296e-01
0.000000000000000000e+00 7.060023310023062493e-01
0.000000000000000000e+00 7.071678321678072088e-01
0.000000000000000000e+00 7.080419580419329284e-01
0.000000000000000000e+00 7.092074592074338879e-01
0.000000000000000000e+00 7.100815850815596075e-01
0.000000000000000000e+00 7.112470862470605670e-01
0.000000000000000000e+00 7.121212121211862867e-01
0.000000000000000000e+00 7.132867132866872462e-01
0.000000000000000000e+00 7.141608391608129658e-01
0.000000000000000000e+00 7.150349650349387964e-01
0.000000000000000000e+00 7.162004662004398670e-01
0.000000000000000000e+00 7.170745920745655866e-01
0.000000000000000000e+00 7.182400932400666571e-01
0.000000000000000000e+00 7.191142191141924878e-01
0.000000000000000000e+00 7.202797202796934473e-01
0.000000000000000000e+00 7.211538461538191669e-01
0.000000000000000000e+00 7.220279720279448865e-01
0.000000000000000000e+00 7.231934731934458460e-01
0.000000000000000000e+00 7.240675990675715656e-01
0.000000000000000000e+00 7.252331002330725251e-01
0.000000000000000000e+00 7.261072261071982448e-01
0.000000000000000000e+00 7.272727272726992043e-01
0.000000000000000000e+00 7.281468531468249239e-01
0.000000000000000000e+00 7.290209790209506435e-01
0.000000000000000000e+00 7.301864801864517140e-01
0.000000000000000000e+00 7.310606060605774337e-01
0.000000000000000000e+00 7.322261072260785042e-01
0.000000000000000000e+00 7.331002331002042238e-01
0.000000000000000000e+00 7.342657342657051833e-01
0.000000000000000000e+00 7.351398601398309030e-01
0.000000000000000000e+00 7.360139860139566226e-01
0.000000000000000000e+00 7.371794871794576931e-01
0.000000000000000000e+00 7.380536130535834127e-01
0.000000000000000000e+00 7.392191142190844833e-01
0.000000000000000000e+00 7.400932400932102029e-01
0.000000000000000000e+00 7.412587412587111624e-01
0.000000000000000000e+00 7.421328671328371041e-01
0.000000000000000000e+00 7.430069930069628237e-01
0.000000000000000000e+00 7.441724941724637832e-01
0.000000000000000000e+00 7.450466200465895028e-01
0.000000000000000000e+00 7.462121212120906844e-01
0.000000000000000000e+00 7.470862470862164040e-01
0.000000000000000000e+00 7.482517482517173635e-01
0.000000000000000000e+00 7.491258741258430831e-01
0.000000000000000000e+00 7.502913752913440426e-01
0.000000000000000000e+00 7.511655011654698733e-01
0.000000000000000000e+00 7.520396270395955929e-01
0.000000000000000000e+00 7.532051282050965524e-01
0.000000000000000000e+00 7.540792540792222720e-01
0.000000000000000000e+00 7.552447552447232315e-01
0.000000000000000000e+00 7.561188811188489511e-01
0.000000000000000000e+00 7.572843822843500217e-01
0.000000000000000000e+00 7.581585081584757413e-01
0.000000000000000000e+00 7.590326340326014609e-01
0.000000000000000000e+00 7.601981351981024204e-01
0.000000000000000000e+00 7.610722610722281400e-01
0.000000000000000000e+00 7.622377622377290995e-01
0.000000000000000000e+00 7.631118881118548192e-01
0.000000000000000000e+00 7.642773892773557787e-01
0.000000000000000000e+00 7.651515151514814983e-01
0.000000000000000000e+00 7.660256410256072179e-01
0.000000000000000000e+00 7.671911421911082885e-01
0.000000000000000000e+00 7.680652680652340081e-01
0.000000000000000000e+00 7.692307692307349676e-01
0.000000000000000000e+00 7.701048951048606872e-01
0.000000000000000000e+00 7.712703962703616467e-01
0.000000000000000000e+00 7.721445221444873663e-01
0.000000000000000000e+00 7.730186480186130860e-01
0.000000000000000000e+00 7.741841491841141565e-01
0.000000000000000000e+00 7.750582750582398761e-01
0.000000000000000000e+00 7.762237762237408356e-01
0.000000000000000000e+00 7.770979020978666663e-01
0.000000000000000000e+00 7.782634032633676258e-01
0.000000000000000000e+00 7.791375291374933454e-01
0.000000000000000000e+00 7.800116550116190650e-01
0.000000000000000000e+00 7.811771561771200245e-01
0.000000000000000000e+00 7.820512820512457441e-01
0.000000000000000000e+00 7.832167832167467036e-01
0.000000000000000000e+00 7.840909090908724233e-01
0.000000000000000000e+00 7.852564102563733828e-01
0.000000000000000000e+00 7.861305361304991024e-01
0.000000000000000000e+00 7.870046620046248220e-01
0.000000000000000000e+00 7.881701631701257815e-01
0.000000000000000000e+00 7.890442890442515012e-01
0.000000000000000000e+00 7.902097902097524607e-01
0.000000000000000000e+00 7.910839160838781803e-01
0.000000000000000000e+00 7.922494172493792508e-01
0.000000000000000000e+00 7.931235431235049704e-01
0.000000000000000000e+00 7.942890442890059299e-01
0.000000000000000000e+00 7.951631701631316496e-01
0.000000000000000000e+00 7.960372960372573692e-01
0.000000000000000000e+00 7.972027972027583287e-01
0.000000000000000000e+00 7.980769230768841593e-01
0.000000000000000000e+00 7.992424242423851188e-01
0.000000000000000000e+00 8.001165501165109495e-01
0.000000000000000000e+00 8.012820512820119090e-01
0.000000000000000000e+00 8.021561771561376286e-01
0.000000000000000000e+00 8.030303030302634593e-01
0.000000000000000000e+00 8.041958041957645298e-01
0.000000000000000000e+00 8.050699300698902494e-01
0.000000000000000000e+00 8.062354312353912089e-01
0.000000000000000000e+00 8.071095571095169285e-01
0.000000000000000000e+00 8.082750582750178880e-01
0.000000000000000000e+00 8.091491841491436077e-01
0.000000000000000000e+00 8.100233100232693273e-01
0.000000000000000000e+00 8.111888111887703978e-01
0.000000000000000000e+00 8.120629370628962285e-01
0.000000000000000000e+00 8.132284382283971880e-01
0.000000000000000000e+00 8.141025641025230186e-01
0.000000000000000000e+00 8.152680652680240891e-01
0.000000000000000000e+00 8.161421911421498088e-01
0.000000000000000000e+00 8.170163170162756394e-01
0.000000000000000000e+00 8.181818181817767099e-01
0.000000000000000000e+00 8.190559440559024296e-01
0.000000000000000000e+00 8.202214452214035001e-01
0.000000000000000000e+00 8.210955710955292197e-01
0.000000000000000000e+00 8.222610722610302902e-01
0.000000000000000000e+00 8.231351981351560099e-01
0.000000000000000000e+00 8.240093240092817295e-01
0.000000000000000000e+00 8.251748251747826890e-01
0.000000000000000000e+00 8.260489510489084086e-01
0.000000000000000000e+00 8.272144522144093681e-01
0.000000000000000000e+00 8.280885780885350878e-01
0.000000000000000000e+00 8.292540792540361583e-01
0.000000000000000000e+00 8.301282051281618779e-01
0.000000000000000000e+00 8.310023310022877086e-01
0.000000000000000000e+00 8.321678321677886681e-01
0.000000000000000000e+00 8.330419580419143877e-01
0.000000000000000000e+00 8.342074592074154582e-01
0.000000000000000000e+00 8.350815850815411778e-01
0.000000000000000000e+00 8.362470862470421373e-01
0.000000000000000000e+00 8.371212121211679680e-01
0.000000000000000000e+00 8.382867132866689275e-01
0.000000000000000000e+00 8.391608391607947581e-01
0.000000000000000000e+00 8.400349650349205888e-01
0.000000000000000000e+00 8.412004662004215483e-01
0.000000000000000000e+00 8.420745920745472679e-01
0.000000000000000000e+00 8.432400932400482274e-01
0.000000000000000000e+00 8.441142191141739470e-01
0.000000000000000000e+00 8.452797202796750176e-01
0.000000000000000000e+00 8.461538461538008482e-01
0.000000000000000000e+00 8.470279720279266789e-01
0.000000000000000000e+00 8.481934731934276384e-01
0.000000000000000000e+00 8.490675990675533580e-01
0.000000000000000000e+00 8.502331002330545395e-01
0.000000000000000000e+00 8.511072261071803702e-01
0.000000000000000000e+00 8.522727272726813297e-01
0.000000000000000000e+00 8.531468531468071603e-01
0.000000000000000000e+00 8.540209790209329910e-01
0.000000000000000000e+00 8.551864801864339505e-01
0.000000000000000000e+00 8.560606060605596701e-01
0.000000000000000000e+00 8.572261072260606296e-01
0.000000000000000000e+00 8.581002331001863492e-01
0.000000000000000000e+00 8.592657342656874198e-01
0.000000000000000000e+00 8.601398601398131394e-01
0.000000000000000000e+00 8.610139860139388590e-01
0.000000000000000000e+00 8.621794871794399295e-01
0.000000000000000000e+00 8.630536130535656492e-01
0.000000000000000000e+00 8.642191142190666087e-01
0.000000000000000000e+00 8.650932400931923283e-01
0.000000000000000000e+00 8.662587412586932878e-01
0.000000000000000000e+00 8.671328671328190074e-01
0.000000000000000000e+00 8.680069930069447270e-01
0.000000000000000000e+00 8.691724941724457976e-01
0.000000000000000000e+00 8.700466200465715172e-01
0.000000000000000000e+00 8.712121212120724767e-01
0.000000000000000000e+00 8.720862470861981963e-01
0.000000000000000000e+00 8.732517482516991558e-01
0.000000000000000000e+00 8.741258741258248754e-01
0.000000000000000000e+00 8.752913752913259460e-01
0.000000000000000000e+00 8.761655011654517766e-01
0.000000000000000000e+00 8.770396270395774962e-01
0.000000000000000000e+00 8.782051282050784557e-01
0.000000000000000000e+00 8.790792540792042864e-01
0.000000000000000000e+00 8.802447552447052459e-01
0.000000000000000000e+00 8.811188811188309655e-01
0.000000000000000000e+00 8.822843822843319250e-01
0.000000000000000000e+00 8.831585081584576447e-01
0.000000000000000000e+00 8.840326340325834753e-01
0.000000000000000000e+00 8.851981351980845458e-01
0.000000000000000000e+00 8.860722610722103765e-01
0.000000000000000000e+00 8.872377622377114470e-01
0.000000000000000000e+00 8.881118881118371666e-01
0.000000000000000000e+00 8.892773892773381261e-01
0.000000000000000000e+00 8.901515151514639568e-01
0.000000000000000000e+00 8.910256410255897874e-01
0.000000000000000000e+00 8.921911421910907469e-01
0.000000000000000000e+00 8.930652680652164666e-01
0.000000000000000000e+00 8.942307692307174261e-01
0.000000000000000000e+00 8.951048951048432567e-01
0.000000000000000000e+00 8.962703962703442162e-01
0.000000000000000000e+00 8.971445221444699358e-01
0.000000000000000000e+00 8.980186480185956555e-01
0.000000000000000000e+00 8.991841491840966150e-01
0.000000000000000000e+00 9.000582750582224456e-01
0.000000000000000000e+00 9.012237762237234051e-01
0.000000000000000000e+00 9.020979020978491247e-01
0.000000000000000000e+00 9.032634032633500842e-01
0.000000000000000000e+00 9.041375291374758039e-01
0.000000000000000000e+00 9.050116550116015235e-01
0.000000000000000000e+00 9.061771561771025940e-01
0.000000000000000000e+00 9.070512820512284247e-01
0.000000000000000000e+00 9.082167832167293842e-01
0.000000000000000000e+00 9.090909090908551038e-01
0.000000000000000000e+00 9.102564102563560633e-01
0.000000000000000000e+00 9.111305361304817829e-01
0.000000000000000000e+00 9.120046620046075025e-01
0.000000000000000000e+00 9.131701631701084620e-01
0.000000000000000000e+00 9.140442890442341817e-01
0.000000000000000000e+00 9.152097902097352522e-01
0.000000000000000000e+00 9.160839160838609718e-01
0.000000000000000000e+00 9.172494172493620423e-01
0.000000000000000000e+00 9.181235431234877620e-01
0.000000000000000000e+00 9.192890442889887215e-01
0.000000000000000000e+00 9.201631701631144411e-01
0.000000000000000000e+00 9.210372960372401607e-01
0.000000000000000000e+00 9.222027972027411202e-01
0.000000000000000000e+00 9.230769230768669509e-01
0.000000000000000000e+00 9.242424242423679104e-01
0.000000000000000000e+00 9.251165501164936300e-01
0.000000000000000000e+00 9.262820512819945895e-01
0.000000000000000000e+00 9.271561771561203091e-01
0.000000000000000000e+00 9.280303030302460288e-01
0.000000000000000000e+00 9.291958041957469883e-01
0.000000000000000000e+00 9.300699300698727079e-01
0.000000000000000000e+00 9.312354312353736674e-01
0.000000000000000000e+00 9.321095571094993870e-01
0.000000000000000000e+00 9.332750582750004575e-01
0.000000000000000000e+00 9.341491841491261772e-01
0.000000000000000000e+00 9.350233100232520078e-01
0.000000000000000000e+00 9.361888111887529673e-01
0.000000000000000000e+00 9.370629370628789090e-01
0.000000000000000000e+00 9.382284382283799795e-01
0.000000000000000000e+00 9.391025641025056991e-01
0.000000000000000000e+00 9.402680652680066586e-01
0.000000000000000000e+00 9.411421911421323783e-01
0.000000000000000000e+00 9.420163170162580979e-01
0.000000000000000000e+00 9.431818181817590574e-01
0.000000000000000000e+00 9.440559440558847770e-01
0.000000000000000000e+00 9.452214452213859586e-01
0.000000000000000000e+00 9.460955710955117892e-01
0.000000000000000000e+00 9.472610722610128597e-01
0.000000000000000000e+00 9.481351981351385794e-01
0.000000000000000000e+00 9.490093240092642990e-01
0.000000000000000000e+00 9.501748251747652585e-01
0.000000000000000000e+00 9.510489510488909781e-01
0.000000000000000000e+00 9.522144522143919376e-01
0.000000000000000000e+00 9.530885780885176572e-01
0.000000000000000000e+00 9.542540792540186168e-01
0.000000000000000000e+00 9.551282051281443364e-01
0.000000000000000000e+00 9.560023310022700560e-01
0.000000000000000000e+00 9.571678321677711265e-01
0.000000000000000000e+00 9.580419580418969572e-01
0.000000000000000000e+00 9.592074592073979167e-01
0.000000000000000000e+00 9.600815850815236363e-01
0.000000000000000000e+00 9.612470862470245958e-01
0.000000000000000000e+00 9.621212121211503154e-01
0.000000000000000000e+00 9.632867132866512749e-01
0.000000000000000000e+00 9.641608391607771056e-01
0.000000000000000000e+00 9.650349650349028252e-01
0.000000000000000000e+00 9.662004662004037847e-01
0.000000000000000000e+00 9.670745920745295043e-01
0.000000000000000000e+00 9.682400932400304638e-01
0.000000000000000000e+00 9.691142191141562945e-01
0.000000000000000000e+00 9.702797202796572540e-01
0.000000000000000000e+00 9.711538461537829736e-01
0.000000000000000000e+00 9.720279720279086932e-01
0.000000000000000000e+00 9.731934731934096527e-01
0.000000000000000000e+00 9.740675990675354834e-01
0.000000000000000000e+00 9.752331002330364429e-01
0.000000000000000000e+00 9.761072261071621625e-01
0.000000000000000000e+00 9.772727272726631220e-01
0.000000000000000000e+00 9.781468531467889527e-01
0.000000000000000000e+00 9.790209790209147833e-01
0.000000000000000000e+00 9.801864801864157428e-01
0.000000000000000000e+00 9.810606060605414624e-01
0.000000000000000000e+00 9.822261072260424219e-01
0.000000000000000000e+00 9.831002331001683636e-01
0.000000000000000000e+00 9.842657342656693231e-01
0.000000000000000000e+00 9.851398601397950427e-01
0.000000000000000000e+00 9.860139860139207624e-01
0.000000000000000000e+00 9.871794871794217219e-01
0.000000000000000000e+00 9.880536130535474415e-01
0.000000000000000000e+00 9.892191142190484010e-01
0.000000000000000000e+00 9.900932400931741206e-01
0.000000000000000000e+00 9.912587412586750801e-01
0.000000000000000000e+00 9.921328671328007998e-01
0.000000000000000000e+00 9.930069930069265194e-01
0.000000000000000000e+00 9.941724941724275899e-01
0.000000000000000000e+00 9.950466200465533095e-01
0.000000000000000000e+00 9.962121212120542690e-01
0.000000000000000000e+00 9.970862470861800997e-01
0.000000000000000000e+00 9.982517482516810592e-01
0.000000000000000000e+00 9.991258741258067788e-01
1.308664977387286044e+01 9.999999999999324984e-01
