# long range Heisenberg model
# L = 16, J = 1.0, Delta = 0.0, Alpha = 10.0
# Contribution of Si to the sum rule for spin conductivity vs corresponding frequency
# omega_i, Si  


3.16801 0.77380626320724022
8.87961 0.14852180863001890
8.46953 4.9618946085040999E-002
9.76827 1.2892715520547037E-002
9.94048 7.1546809119412153E-003
11.7984 3.8312031634766667E-003
12.5379 2.1384265031381719E-003
14.8699 1.0942998293297069E-003
15.9874 5.3640416328480146E-004
25.1039 2.0368305224469310E-004
57.3206 6.3127911727359158E-005
73.2991 4.4274569067806051E-005
91.438 2.9556052571046267E-005
105.603 2.3193071574988764E-005
144.011 1.4710295764029414E-005
197.395 9.7953963174383823E-006
256.622 7.0040839967631195E-006
439.713 3.7850857811672089E-006
728.718 2.1255252230682200E-006
1418.55 1.0099209290390491E-006
2424.66 5.5741393078674916E-007
3583.7 3.5395047588303639E-007
6277.35 1.8881612462986647E-007
9395.03 1.2065513199809361E-007
9628.3 1.1169950031659458E-007
9878.89 1.0317368673165534E-007
10097.2 9.5795052824167169E-008
10125.9 8.8943176883391937E-008
10312.6 8.2904879562355773E-008
10496.8 7.7384421155051940E-008
10843.7 7.2362738793516598E-008
10903.6 6.7549346498084784E-008
10985.8 6.3007534076334961E-008
11209.2 5.8883067614030836E-008
11387.5 5.5125734073049142E-008
11296.9 5.1616183178522655E-008
11378.4 4.8392316714085179E-008
11565.4 4.5454353512269553E-008
11669.3 4.2678400811968220E-008
11957 4.0032544601321976E-008
11775.3 3.7626398508195744E-008
12281.7 3.5332912716652813E-008
12309.4 3.3183360425405214E-008
12348 3.1206325741851912E-008
12281.1 2.9269690988230964E-008
12353.1 2.7486588337557966E-008
12601.1 2.5836231212789398E-008
12578.8 2.4282955633659414E-008
12676.4 2.2888782337629613E-008
12746 2.1592974608918683E-008
12951.3 2.0317148288604600E-008
12922.5 1.9136779687591221E-008
12983.9 1.8033050295454581E-008
13188.6 1.7026924880516557E-008
12893.1 1.6059722054330156E-008
12901 1.5149429111664936E-008
13383.8 1.4278703847187446E-008
13346.1 1.3482986737235709E-008
13309.1 1.2720360999849346E-008
13756.4 1.2025198041814283E-008
13961 1.1385171694996820E-008
13947.1 1.0759278657569618E-008
13952.7 1.0169043169178070E-008
13987.9 9.6134210892110552E-009
14055.9 9.0822218552965602E-009
13988.6 8.5802183779024257E-009
14192.2 8.1197003171434469E-009
14225.1 7.6837219171684763E-009
14164.2 7.2643622708986324E-009
14227.5 6.8579389789562544E-009
14656.5 6.4826183757685951E-009
14415.5 6.1283998068492709E-009
14234.7 5.7830280981153710E-009
14367.5 5.4652620314937847E-009
14522 5.1712062148054485E-009
14351 4.8932847381430791E-009
14387.6 4.6234361133784341E-009
14620.3 4.3735782137283224E-009
14411.3 4.1375709809547034E-009
14980.2 3.9052092638251623E-009
14647.9 3.6900265471757056E-009
14742.9 3.4941526858894456E-009
14754.8 3.3045056699451680E-009
15005.8 3.1315506446336565E-009
14791.1 2.9671336123332652E-009
14631.7 2.8113383934210854E-009
14523.1 2.6642958571863205E-009
14709.5 2.5242978795199310E-009
14902.7 2.3959729237852940E-009
15025.9 2.2735832478413090E-009
15222.6 2.1595015290020308E-009
14829.9 2.0474296924350447E-009
15006.6 1.9410902056468874E-009
14665.5 1.8445580626176055E-009
14849.6 1.7504448885815907E-009
15186.7 1.6618191904219509E-009
15244.3 1.5760576980061375E-009
14716.4 1.4949246152061601E-009
14890.8 1.4216838988422218E-009
14762.4 1.3504309233692367E-009
14735.7 1.2838764982497148E-009
15185 1.2199569156874388E-009
14731.5 1.1593678737920053E-009
14768.1 1.1020173166584605E-009
14626.7 1.0485434804687270E-009
15218.5 9.9850391164805734E-010
15093.7 9.4927794975731102E-010
14802.9 9.0642022720582892E-010
15418.1 8.6434217272227909E-010
15178.7 8.2472865341752854E-010
14797.6 7.8671551507013440E-010
15044.9 7.4990538659923188E-010
14958.1 7.1420420147912143E-010
15244.8 6.8206832706273004E-010
15741.2 6.5122579313196088E-010
15741.3 6.2209122278945261E-010
15992.5 5.9489204991050674E-010
15498.1 5.6884262711114337E-010
16179.4 5.4384509864270759E-010
16460 5.2031417808474016E-010
15503.7 4.9680707353586629E-010
16396.6 4.7588734355164920E-010
15481.2 4.5487971857756712E-010
15619.7 4.3460883782528263E-010
15573.6 4.1520472539256837E-010
15535.6 3.9646282658690073E-010
15560.6 3.7808837611753267E-010
16300.3 3.6157229264394545E-010
15610.9 3.4699914354657791E-010
16024.9 3.3115988391609362E-010
16215.2 3.1660582927569505E-010
16738 3.0240020700887206E-010
16340.3 2.8929167192686790E-010
15565.5 2.7632391209236786E-010
15662.5 2.6398633203386929E-010
16297.4 2.5214915631234046E-010
15946.1 2.4151287014485421E-010
16526.5 2.3097459693832530E-010
16438.6 2.2059005521392209E-010
17378.2 2.1059539360808440E-010
16790.2 2.0121921794656600E-010
16017.7 1.9216853274266798E-010
16735.9 1.8281327924193205E-010
16392.3 1.7433953720283673E-010
17020.2 1.6588907472564931E-010
17109 1.5794840449167281E-010
15889.5 1.5024213494556760E-010
16586.2 1.4306000981635361E-010
16879.4 1.3581654751435970E-010
16880.8 1.2948279175219598E-010
16953.8 1.2321270071344828E-010
17088.8 1.1708342261939545E-010
17119.2 1.1119376182552347E-010
17259.5 1.0519672130567290E-010
16681.2 9.9793728360302574E-011
16266.5 9.4674928377910151E-011
16377.9 8.9943206876431196E-011
16370.7 8.4820001978196410E-011
16183.1 8.0488232928300959E-011
16967.4 7.6210947193415802E-011
16498.2 7.2093546242093456E-011
16005.4 6.7904069509850021E-011
16272.2 6.4014414734283185E-011
16758 6.0438949301203352E-011
15552.5 5.7079349717123428E-011
15782.4 5.3619601338946685E-011
15713.4 5.0271676486846154E-011
16322 4.7233291344828399E-011
16195.1 4.4355450681772626E-011
16198.3 4.1770856176340351E-011
16648.6 3.9270377839170093E-011
16105.2 3.6869182168445487E-011
16238.9 3.4609048677986838E-011
16372.7 3.2385010140173354E-011
15820.4 3.0451268982760009E-011
17452.6 2.8468682319123538E-011
17042.1 2.6574834703984449E-011
15945.1 2.4869671570184806E-011
15732.9 2.3186220442948331E-011
15471.7 2.1686546066276626E-011
16186.1 2.0114492730292202E-011
16754.7 1.8783665859637953E-011
15693 1.7507956898806943E-011
16458.7 1.6204282917780477E-011
15865.7 1.5120221903629194E-011
15595.9 1.4082403928995745E-011
14972.9 1.3151647409062126E-011
15546.1 1.2237135984899743E-011
15233.4 1.1403384763072988E-011
15557.4 1.0595204381362886E-011
15285.4 9.7756743350443934E-012
15590.8 9.1236148905113621E-012
15970.6 8.5001835746731391E-012
15655.9 7.8932118207042684E-012
14798.9 7.3138931837498336E-012
15920.2 6.8094599470893214E-012
15084 6.3179500126240296E-012
14915 5.8902768690942867E-012
15383.3 5.4643282755502664E-012
13978.7 5.0855248730098377E-012
16482.6 4.7617194083895110E-012
15910 4.3985847342942922E-012
15323.6 4.1485818725172953E-012
15284.8 3.8888648958208740E-012
16271.8 3.6433527364521239E-012
15595.4 3.4299356181682815E-012
16303.1 3.2186184479030125E-012
15693.1 3.0112123905169953E-012
15894.4 2.8275713364434535E-012
15176.2 2.6599553069185742E-012
16142.9 2.5192088810685846E-012
15882.2 2.3719022785152919E-012
14906.5 2.2349389705235752E-012
16349.8 2.1027855395041007E-012
15223.8 1.9875296155135756E-012
15133.3 1.8822175578277033E-012
15980.8 1.7773966237376712E-012
16433.3 1.6873869290838428E-012
14982.7 1.6034979992232675E-012
15006.8 1.5190726957062814E-012
15165.6 1.4378183844670642E-012
15976.5 1.3683197640241114E-012
16047.2 1.3029599455631134E-012
15872.5 1.2445539507536294E-012
15758.1 1.1829098803433070E-012
16016.3 1.1195471204099735E-012
16890.5 1.0651852354541407E-012
17445.6 1.0163928353145722E-012
16339.5 9.7094364078949250E-013
16192.3 9.2637613178240778E-013
16271.7 8.8743707376041263E-013
16894.6 8.4764599004859904E-013
16515.4 8.1135405709467357E-013
16297.3 7.7250050305561899E-013
17490.1 7.4064917414800226E-013
16125.3 7.0840227021348969E-013
17090.5 6.7566566453037329E-013
17374.9 6.4484655881634770E-013
16815.1 6.1934017206533915E-013
17770.7 5.9194242659368986E-013
16754 5.6808844535663392E-013
16700.9 5.4368522940745675E-013
17088.8 5.2019277509728976E-013
17662.8 4.9916167391673936E-013
17226.3 4.7883550352772491E-013
16910.8 4.5974381057605897E-013
16837.2 4.4066123210225520E-013
18142.4 4.2226317100307456E-013
17732.7 4.0342196644962156E-013
16805.9 3.8624861606698223E-013
17390.6 3.6993213793448873E-013
17597.4 3.5405611048055363E-013
17786.5 3.3996761919021862E-013
17710.9 3.2564233626616475E-013
18164.3 3.1269636236571633E-013
17507.8 2.9991680626647008E-013
17781.5 2.8770370735163559E-013
17605.6 2.7612445932515473E-013
17571.5 2.6548445919951507E-013
17298.4 2.5490815584198561E-013
17383.8 2.4455161947892528E-013
17604.8 2.3456199562202550E-013
17542 2.2560354062143553E-013
18879.9 2.1660257190748151E-013
18127.8 2.0733323599747606E-013
17957.9 1.9887758988294077E-013
18146.8 1.9033923169597092E-013
18802 1.8250863919125598E-013
18055.1 1.7500363437622491E-013
18461.2 1.6810057293523548E-013
19169.8 1.6179960112815316E-013
18264.6 1.5528599106480949E-013
18771.5 1.4892805119121222E-013
18538 1.4310739752669561E-013
19324.3 1.3752809695345875E-013
17930.9 1.3194067933430916E-013
18827.4 1.2663276765032625E-013
18199.8 1.2148240270116084E-013
18599.6 1.1642278528357643E-013
18711.7 1.1135979155862871E-013
19172.1 1.0695387037775993E-013
19016.5 1.0256556507692441E-013
18736.7 9.8597786601022432E-014
18779.9 9.4533863441069949E-014
19140.7 9.0693415000409324E-014
18720.5 8.6813603822373647E-014
18727.5 8.3380407727189063E-014
19397.8 8.0029999535641901E-014
18637.9 7.6728849824283742E-014
19396.3 7.3526840271230944E-014
19073.7 7.0560499973399058E-014
19236 6.7492445608757832E-014
19156.5 6.4675236684953114E-014
18936.4 6.1850853991323950E-014
18888.9 5.9339724988475937E-014
19353.5 5.6663748551981862E-014
18925.3 5.4225213383849357E-014
18772 5.1925024131067225E-014
19768.7 4.9798905633673532E-014
19557.2 4.7685398992663718E-014
18893.2 4.5659275645921968E-014
20094.2 4.3643629086350918E-014
19355.2 4.1788475703119261E-014
19432.7 3.9983297741195837E-014
19289.2 3.8273794023605106E-014
20179.5 3.6545129519910404E-014
19969.7 3.4886227531752179E-014
19289.1 3.3386555772282210E-014
19910.8 3.1849464186597240E-014
20119.4 3.0345237274745231E-014
19955.6 2.9003001934823900E-014
19390 2.7733360119601653E-014
19654 2.6550413882064928E-014
19556.5 2.5341037579312743E-014
19653.6 2.4228952209164706E-014
19816.3 2.3139656205587352E-014
19641.4 2.2076206029855931E-014
20015.7 2.1096964607126974E-014
19224.5 2.0144967386307377E-014
18646.8 1.9214538841679098E-014
19217.8 1.8328144091054805E-014
20231.2 1.7386366997822624E-014
20203.9 1.6483285918007427E-014
20034.5 1.5688281329485217E-014
20190.9 1.4909611787333961E-014
19640.3 1.4170095419437332E-014
18462.4 1.3437721960565235E-014
19782.7 1.2816035959571451E-014
19430.6 1.2095632870115422E-014
19662.9 1.1442956140385834E-014
19595.6 1.0859287602291951E-014
19816 1.0297976461504284E-014
19713.8 9.7456972617541579E-015
19724.1 9.2215759516308920E-015
19950.8 8.7122577625283944E-015
19867.2 8.2434005566541961E-015
19442.7 7.8005760808237074E-015
20037.1 7.4029959294148566E-015
20470.5 7.0062484653341056E-015
20456.1 6.6094429866105564E-015
19397.8 6.2101740222000634E-015
19666.3 5.8458982191063509E-015
20919.2 5.4975382325328652E-015
20205.7 5.1231043682452302E-015
20667.7 4.8242654913576705E-015
20286.2 4.5262379102787159E-015
19186.6 4.2280427802017759E-015
21643.1 3.9818514722799614E-015
20268.9 3.7386732180526431E-015
20379.3 3.5004200796962686E-015
19939.1 3.2588776795351935E-015
20400.4 3.0465107901205554E-015
20576.1 2.8479568347463686E-015
20049.2 2.6655591143661124E-015
20127 2.4973257121762411E-015
19588 2.3163222882174222E-015
20302.8 2.1596228474270395E-015
20613.8 2.0197441363570186E-015
21003.1 1.8680430426453789E-015
21663.5 1.7283025923850356E-015
21194.9 1.6008828182347145E-015
20352.5 1.4958593194134239E-015
21087.1 1.3823224046585150E-015
22990.2 1.2798123121276980E-015
22697.9 1.1851632905771327E-015
22622 1.0912819304815727E-015
20297.2 1.0069431769749767E-015
21751.7 9.3045198156475649E-016
20718.8 8.5239316481098090E-016
22970.3 7.8228283195082664E-016
23909.5 7.1304684007896202E-016
23236.2 6.5457715198898764E-016
23961.4 5.9812484318099597E-016
23164.2 5.4904240766234107E-016
22960.3 5.0058712756806572E-016
25207.9 4.5775342310760598E-016
22689.7 4.1665911118992599E-016
23755.4 3.7355705168615610E-016
25404 3.3753132166933030E-016
21933.5 3.0421738800392791E-016
22713.5 2.7190869088574969E-016
22523.7 2.4482733869529231E-016
24060.1 2.2089829752226120E-016
22250.6 1.9704668661729497E-016
24451.3 1.7808322520108951E-016
22070 1.5854917006461021E-016
23257.1 1.3914628149600786E-016
22121.6 1.2003293220994143E-016
26062.9 1.0647927497269639E-016
23978.9 9.2636545688966432E-017
22756.9 8.0695353429628421E-017
23294 6.7538826960335581E-017
24226.1 5.9063712944332439E-017
25968.8 4.9864414159163883E-017
26463.3 4.2049702697764771E-017
24208.2 3.6629704330215387E-017
29915.9 3.1220987130732299E-017
24898.9 2.6252023500847679E-017
27196.8 2.2299269585912917E-017
29542.7 1.8451388131100045E-017
26887.3 1.4909912315216616E-017
28278.1 1.2078048285609286E-017
23224 9.3834842688384681E-018
26753 7.4234593443703509E-018
25008.1 5.9299334887409043E-018
25651.8 3.9738072277042227E-018
27914.7 2.6078498444524263E-018
35359.8 1.8476014744350346E-018
26186.5 9.8020968035794416E-019
29632.9 3.7049361233880718E-019
25055.2 1.5669819280861553E-019
33057.1 6.3770192315712294E-020
25237.2 2.7241924975104116E-020
8190.41 7.7244672088722395E-021
21719.5 3.6124162644858741E-021
789.446 2.0487022541342842E-021
13763.6 1.1394251373550928E-021
2194.96 7.0213492151247718E-022
2139.42 1.5957378114864822E-022
5810 1.4482634126772351E-022
8865.34 1.3027191337777742E-022
9598.59 1.2454357229337013E-022
4142.24 1.1853629292470745E-022
4038.39 1.1446390160657641E-022
6765.29 1.0433500248533253E-022
6276.92 9.7768675417578054E-023
2704.5 9.0794336258917770E-023
3747.41 8.6366366862997899E-023
2812.93 8.2374571565320422E-023
2805.9 7.9014515942425289E-023
8196.11 6.8850121381804625E-023
4036.61 6.5876835006852094E-023
10322.3 6.2313113234855106E-023
8569.35 5.8256382456643671E-023
11478.2 5.5796981105754866E-023
13450.5 5.3241454772280384E-023
6868.52 5.1312535780192448E-023
4132.52 4.8141410993669396E-023
4597.57 4.3495501473107842E-023
6675.68 4.0684851989990198E-023
5061.54 3.8882170274764434E-023
2804.55 3.4500654831986592E-023
7390.31 3.3136332748510955E-023
5856.52 3.1831843195593618E-023
26407.1 2.4022417152447192E-023
6910.25 2.2398643561802852E-023
11320.3 2.1481178811870140E-023
6345.48 2.0633898861131334E-023
13713 2.0385080736070446E-023
7365.46 1.9393404431232028E-023
12104.7 1.9023145475414329E-023
8063.08 1.7985431526458075E-023
11316.8 1.7426322912107996E-023
10777.6 1.6069619082073661E-023
10668.7 1.4944568079504915E-023
16478.5 1.4277075850644522E-023
15537.8 1.4090693987908686E-023
14728.4 1.3855257940175678E-023
6391.93 1.3547753037945346E-023
18953.6 1.3149008120875748E-023
8146.88 1.2784095581217976E-023
7795.69 1.2253258766853754E-023
10074.5 1.1715057194761051E-023
21326.5 1.1419922946498317E-023
11705.3 1.0934521696465313E-023
6846.25 1.0676990193053000E-023
5596.52 1.0085578738422570E-023
5147.77 9.7253677699964557E-024
7933.35 8.6775007013145102E-024
15686 8.2436172741719175E-024
12049.4 7.5177644033475558E-024
10790.6 7.3576664351738285E-024
12829.9 7.1856563992447368E-024
12567.8 6.8326017717349192E-024
13267 6.7786955810503137E-024
6997.58 6.7158054715282981E-024
16605.9 6.5704552268307471E-024
11474.7 6.5260612147647682E-024
5447.16 6.2797984103352203E-024
12144.6 6.0763717110856769E-024
7079.75 5.9978618491953351E-024
16611.4 5.6172874986570032E-024
15132.9 5.5668624296122893E-024
8480.62 5.4402829148971305E-024
11149.2 5.3348477222511026E-024
8641.37 5.1148733122506837E-024
13871.7 4.9745564525118042E-024
8644.34 4.8884240910765259E-024
15286.4 4.7275639957803477E-024
13745.5 4.6549755841402172E-024
14468.5 4.4504965651551718E-024
9192.26 4.3938750821416028E-024
9194.32 4.1260227462231123E-024
2711.48 4.0334550849012738E-024
9241.35 3.8163921016531613E-024
6998.16 3.6586616430803661E-024
12480.3 3.5245757202983563E-024
9757.12 3.3165177027759955E-024
4447.76 3.2046651276388217E-024
10220.5 3.0586219264393576E-024
7213.73 2.9295555710290100E-024
5927.12 2.8165642985557973E-024
4948.78 2.7578477318142871E-024
13317.6 2.7309515461090149E-024
7081.1 2.7082151874067637E-024
10860.8 2.6756248772408637E-024
9321.47 2.6460807849977581E-024
15189.9 2.5474060326902777E-024
8413.73 2.4698123878617303E-024
4629.55 2.3112253395580802E-024
16109.4 2.2063746483617170E-024
3126.92 2.1471923926412030E-024
16204.9 1.9918610440871488E-024
17016.6 1.8272355841067528E-024
17383.2 1.8181622381970679E-024
19719.7 1.7924146002740341E-024
18080 1.6994236598674647E-024
15165.4 1.5962797918654867E-024
12795.9 1.5638905214540950E-024
10393.9 1.5099471704895349E-024
12497.5 1.4963963557663686E-024
12102 1.4640267842349770E-024
9700.6 1.4310037688801699E-024
11383.2 1.3729984061565620E-024
20933 1.3682290396363690E-024
14070.3 1.3117854832260105E-024
17747.6 1.2459191704902855E-024
8757.9 1.1578684176656413E-024
21734.5 1.0824047397745249E-024
22530.5 1.0202531808519099E-024
12460 9.5494914764100162E-025
32365.6 7.5107898368614315E-025
25612.1 6.9937925812419851E-025
21074.2 6.8470303365317179E-025
7002.72 5.5839898833928120E-025
10624.4 5.3409074482732639E-025
19338.6 5.1946371876027834E-025
10105.7 5.0739367911167492E-025
9155.1 4.9775879275614181E-025
6466.8 4.8514460197638441E-025
7868.63 4.7140521022019603E-025
14907.9 4.4647826153335614E-025
10279.5 4.3903597928331261E-025
22801.7 3.9930887271936846E-025
7551.16 3.8335140814089789E-025
5185.94 3.3978426489513154E-025
32523.1 3.2651061688875087E-025
