# long range Heisenberg model
# L = 18, J = 1.0, Delta = 0.50, Alpha = 5.0
# Contribution of Si to the sum rule for spin conductivity vs corresponding frequency
# omega_i, Si  

1058.57 0.65609029262050744
10244.4 0.10203136707086455
13499.4 5.4027855446980300E-002
14635.6 3.3133972838377788E-002
15651.8 2.2461386095920622E-002
16526.7 1.6296022930806116E-002
17590.8 1.2402911468156164E-002
18609.6 9.8673582291882566E-003
19628.3 8.0527632985750650E-003
20620.3 6.7205166986770183E-003
21246 5.7064813508393621E-003
21917 4.9144874837444598E-003
22978.5 4.2864834237893957E-003
23363.9 3.7730553990137855E-003
24045.7 3.3607652593658876E-003
24363.9 3.0095679039338838E-003
25138.8 2.7187009360430279E-003
25558.5 2.4711334131764114E-003
26106.8 2.2569249859186397E-003
26612.6 2.0716630214952102E-003
26821 1.9083923541802048E-003
27220.5 1.7658173847333283E-003
27629.3 1.6384920034578166E-003
28080.1 1.5274031139021456E-003
28225.8 1.4270262817689056E-003
28701.8 1.3360196488811100E-003
29401 1.2532688344867008E-003
29500.6 1.1790077432529166E-003
29904.1 1.1118255428591230E-003
30089.2 1.0498914357266924E-003
30567.3 9.9263683129262054E-004
30731.6 9.3978315883812790E-004
30890.9 8.9194150829462800E-004
31600.4 8.4747777231628559E-004
31923.3 8.0604560212807301E-004
32181.4 7.6778653194172755E-004
32239.6 7.3183300262724845E-004
32598 6.9873778647523319E-004
32946.4 6.6749049955853654E-004
33204.9 6.3830551404756508E-004
33426.2 6.1069682214673251E-004
33678.6 5.8493142693578177E-004
33919.1 5.6075974931205324E-004
34133.2 5.3798200179862353E-004
34368.6 5.1662641700775543E-004
34538.5 4.9623194634655448E-004
34703 4.7701123001223788E-004
34935.6 4.5887942069413652E-004
35217.7 4.4177000852359586E-004
35404.4 4.2539570385151729E-004
35500 4.0976025446277031E-004
35664.4 3.9504394050432712E-004
36060.4 3.8097092118794944E-004
36379.8 3.6765464581162063E-004
36374.8 3.5493824340975032E-004
36440.6 3.4276563330122356E-004
36924.7 3.3129857448745581E-004
36806.9 3.2035245962023872E-004
37150.2 3.0987787124314226E-004
37345.6 2.9991583650865969E-004
37562 2.9039624511625510E-004
37483.4 2.8131034847318488E-004
37976 2.7257464405314180E-004
38067 2.6418439909011208E-004
38236.3 2.5615710126614648E-004
38326.9 2.4842861234766674E-004
38540.1 2.4098981299394391E-004
38727.2 2.3392604735483495E-004
38874.8 2.2719173776140504E-004
38977.3 2.2066635713875171E-004
39253.2 2.1434908410033392E-004
39128.8 2.0832061735612985E-004
39289.2 2.0246654842561888E-004
39905.1 1.9688510737256765E-004
39670.2 1.9150902116240521E-004
39842.7 1.8632464862490178E-004
39781 1.8133833351229243E-004
39850 1.7658013003860837E-004
40070 1.7196300544113129E-004
40468.9 1.6752929640485230E-004
40531.4 1.6315299857639216E-004
40520 1.5900002310058689E-004
40781.1 1.5498246592060214E-004
40502.2 1.5101379530862635E-004
40771 1.4733001239913005E-004
41006.5 1.4371724638130744E-004
41144.8 1.4020653318458408E-004
41424 1.3681322424094190E-004
41355.8 1.3355990110943040E-004
41344.1 1.3040524626512141E-004
41721.5 1.2728561389084334E-004
42121.8 1.2431570735599195E-004
41971.7 1.2141899328405988E-004
41984.3 1.1863687729108013E-004
42265.6 1.1592507733373691E-004
42529.6 1.1327805376053985E-004
42137.4 1.1075460957972543E-004
42496.5 1.0831938026693462E-004
42759.4 1.0593431585025276E-004
42693.8 1.0360794234700810E-004
42814.7 1.0138698869422823E-004
42711 9.9194689854551223E-005
42910.5 9.7066881836207187E-005
43446.1 9.4998150296259027E-005
43190.9 9.2991287877395510E-005
43617.7 9.1043844449671351E-005
43317.5 8.9166915395717689E-005
43349.8 8.7329855238839224E-005
43548.6 8.5544960403547196E-005
43970.8 8.3795115887874065E-005
43930 8.2125590592232404E-005
43920.6 8.0476667154461362E-005
44119.2 7.8878224125928495E-005
44123.4 7.7314477916720317E-005
44427.4 7.5780087835795464E-005
44582.9 7.4297463666377059E-005
44501.9 7.2849372681730264E-005
44526.6 7.1431339648448500E-005
44623.5 7.0076100562919087E-005
44830 6.8746066385247406E-005
44666.1 6.7454311625438258E-005
45164.7 6.6196770293529782E-005
45230.9 6.4975635500255481E-005
45064.6 6.3784674407400732E-005
45506.2 6.2613649960026777E-005
45468 6.1458225601797179E-005
45523.5 6.0336502223211138E-005
45779.5 5.9255223388428199E-005
45849.1 5.8192771817932924E-005
45778.9 5.7154228810501879E-005
45562.2 5.6144415812391270E-005
45824 5.5154150769310469E-005
46145.8 5.4179556171670720E-005
46093.5 5.3227873950769491E-005
46049.6 5.2303218233203559E-005
45855.9 5.1403988212162832E-005
46099.9 5.0517503517148790E-005
46152.2 4.9655370484128542E-005
45849.1 4.8800249491763343E-005
46426.9 4.7979927074123797E-005
46583 4.7171571478576470E-005
46748.9 4.6376698200565144E-005
46948.2 4.5602662860467295E-005
46964.8 4.4842380489509049E-005
46739.4 4.4099444289359466E-005
46868 4.3379739463045991E-005
46887.6 4.2666886026695664E-005
47345.9 4.1977180693594894E-005
47107.3 4.1297675624078142E-005
47079.7 4.0625637195202918E-005
47376.9 3.9971162524205086E-005
47557.7 3.9328933885500636E-005
47820.4 3.8709988331061629E-005
47187.6 3.8102620192519779E-005
47728.9 3.7501249338229038E-005
47553.6 3.6915777916593875E-005
47739.1 3.6339605206272486E-005
47700.1 3.5778909647498252E-005
48626.9 3.5226175823339203E-005
48221.1 3.4689478914366131E-005
48328.1 3.4155980287172550E-005
48479.9 3.3641507080365062E-005
48716.3 3.3130064066746560E-005
48430.3 3.2628668677387705E-005
48613.7 3.2144032647553961E-005
48206.4 3.1664806463518491E-005
48408.9 3.1192363269375622E-005
48590.8 3.0730785197587565E-005
48907.4 3.0278970111012813E-005
48830 2.9826425019856168E-005
48866.3 2.9381658308274567E-005
48367.1 2.8951019177256287E-005
49364.6 2.8526191174295711E-005
48997.1 2.8120813010784504E-005
49479 2.7716845105513829E-005
48911.6 2.7318254776278960E-005
49319.2 2.6931238805557547E-005
48962.3 2.6547105154267098E-005
48953.5 2.6168190292619489E-005
49239.3 2.5798809836442795E-005
49641.3 2.5435681386445191E-005
49658.6 2.5074982648358795E-005
49629.2 2.4720347974570989E-005
49578.3 2.4378752511371225E-005
49771.1 2.4040356042214771E-005
49664.5 2.3704352977330570E-005
49484 2.3377891747771010E-005
50219.6 2.3055022785687876E-005
49589.9 2.2743372209656816E-005
50372.6 2.2432971013067331E-005
49913.1 2.2124982485523741E-005
50174.9 2.1828391872731918E-005
50284.7 2.1538350933344656E-005
50340.8 2.1243888676229454E-005
50807.2 2.0960499650084157E-005
50749.1 2.0679578211465720E-005
50228.2 2.0403232201622673E-005
50509 2.0131778292359658E-005
50712.8 1.9865353182791861E-005
50595.9 1.9604944758403502E-005
50760.3 1.9348536808423699E-005
50835.8 1.9098587398770428E-005
50731.6 1.8847353599743257E-005
51519.6 1.8601684241913390E-005
50694.6 1.8359631412421729E-005
50930.7 1.8123254745095623E-005
50672.1 1.7892057827195324E-005
51728.8 1.7660372184931702E-005
50992.1 1.7435238852769674E-005
51257.7 1.7213948958588873E-005
51155.7 1.6993897424351972E-005
51363 1.6781235435493130E-005
51770.6 1.6569994223963100E-005
51321.7 1.6366374787591067E-005
51504.7 1.6162889748906417E-005
51957.5 1.5960289784389047E-005
51481.2 1.5762321793129357E-005
51484.7 1.5566062952636789E-005
51304.5 1.5371780290487448E-005
51649.5 1.5182164805245720E-005
51505.1 1.4994542288662804E-005
51795.2 1.4809646043536659E-005
52229.4 1.4631274840748277E-005
51778.4 1.4452374064244545E-005
51912.1 1.4277836325343904E-005
52389 1.4105259695234943E-005
52208.8 1.3935848697217092E-005
52383.7 1.3767407560301175E-005
52164.4 1.3603898235064865E-005
52805.2 1.3440554690423920E-005
52348.7 1.3279440308009114E-005
52703.2 1.3122992620772806E-005
52546.3 1.2968488072295424E-005
52530.7 1.2815316522523085E-005
52241.1 1.2664187100492657E-005
52527.3 1.2517282100923032E-005
52285.3 1.2370676861445580E-005
52438.7 1.2228420527201454E-005
52882.3 1.2084329559448734E-005
53263 1.1942841288924914E-005
52809.2 1.1803708347104111E-005
53106.8 1.1667894709648102E-005
53174.7 1.1531711572670973E-005
52423.4 1.1398677500767373E-005
53289.7 1.1266268782454068E-005
53201.7 1.1135393278552737E-005
52918.6 1.1007599346019153E-005
52874.7 1.0882519686662285E-005
53372.9 1.0758499175301608E-005
53640.9 1.0636791485174326E-005
53796.3 1.0517838365849610E-005
53190 1.0399391424756318E-005
53688 1.0282830364125225E-005
53623.2 1.0167494115165294E-005
53817.4 1.0054338292087047E-005
53877.7 9.9426042546295825E-006
53654.7 9.8318540787477221E-006
54170.8 9.7227863437919483E-006
53201.9 9.6160854195847736E-006
53839.6 9.5104479603344086E-006
53806.1 9.4048355481769832E-006
53710.5 9.3013715556060096E-006
53347.7 9.1993403129452598E-006
53776 9.0989520875283622E-006
53931.5 9.0016377034436543E-006
53995.6 8.9042323700646656E-006
54494.5 8.8067241431432679E-006
54641.9 8.7113783448196530E-006
53868.9 8.6175376857710552E-006
54186.2 8.5257119475282841E-006
54100.7 8.4335787875549966E-006
54987.3 8.3418718379840294E-006
54351.3 8.2527380724258914E-006
54329.3 8.1645266715875844E-006
54342.7 8.0776688195539479E-006
54201.9 7.9922499794973350E-006
54082.3 7.9070005990700327E-006
55349.3 7.8226998308559625E-006
54612.2 7.7403090895985648E-006
54705.2 7.6589062286901986E-006
54630.9 7.5774125417584097E-006
54977.9 7.4977434177630882E-006
55310.2 7.4193685963561863E-006
54656.9 7.3417380130536918E-006
54802.4 7.2647951462786360E-006
54831.2 7.1900320785317227E-006
54817.8 7.1153267740144438E-006
55672.5 7.0410848428391463E-006
55396.3 6.9687184243946833E-006
54820.6 6.8967436695534533E-006
55452.3 6.8256092518450315E-006
54876.2 6.7545891065944246E-006
55136.5 6.6866090721423307E-006
55427 6.6185254332654361E-006
55438.2 6.5502460186227406E-006
54994.7 6.4836945181740061E-006
55108.5 6.4179199836955624E-006
55464 6.3538161917937995E-006
55577.5 6.2902137076191703E-006
55960.3 6.2262675927894849E-006
56060.4 6.1646162621365114E-006
54828.4 6.1032594980261275E-006
55847.2 6.0427668312905887E-006
55821.2 5.9822305558758101E-006
55855 5.9217749618299931E-006
55193 5.8624629102634922E-006
55773.3 5.8039380091192205E-006
55436 5.7458246443220404E-006
56369.5 5.6892636754749766E-006
56028 5.6330865392245195E-006
56031.9 5.5771046265582616E-006
56527.2 5.5211965501311209E-006
55779.4 5.4664327336659084E-006
55784.2 5.4123658370292113E-006
56240.7 5.3594280659758780E-006
56865.5 5.3060744023711410E-006
56722.4 5.2546610452698493E-006
56355.8 5.2028343924849668E-006
56601.7 5.1515113382745166E-006
56168.8 5.1013724926038834E-006
56372.6 5.0518277167357877E-006
56598.9 5.0025456837892930E-006
56078.1 4.9543506493779440E-006
57080.4 4.9068360291993377E-006
56637.2 4.8594185079030887E-006
57121.4 4.8127848950192580E-006
56360.2 4.7656290268640124E-006
56441.1 4.7201019621312986E-006
56766.3 4.6748254456580095E-006
57003.5 4.6308014047937006E-006
56954.3 4.5865692976413667E-006
57054.7 4.5433061207181471E-006
57287.7 4.4998367653548458E-006
56873.5 4.4571516573982289E-006
56352.4 4.4150232048924034E-006
56398.8 4.3729906536397006E-006
56911.5 4.3310318366718458E-006
56982.1 4.2904589013728467E-006
56921.5 4.2500779516208975E-006
57627.1 4.2102126250660333E-006
57547.8 4.1709209767919851E-006
57151.3 4.1319517038308286E-006
57685.7 4.0940388986725945E-006
57145.7 4.0553082873287945E-006
56888.5 4.0174661028978161E-006
57671.7 3.9802150614782390E-006
57628.7 3.9432437731781540E-006
57507 3.9065224628568900E-006
58072 3.8706380064451936E-006
56937.4 3.8347495627243977E-006
57469.6 3.7995331188246161E-006
57053.5 3.7644545511001084E-006
57449.4 3.7301052737599944E-006
57728.8 3.6960562040979772E-006
58185.9 3.6621951335171982E-006
58803.2 3.6284859856333447E-006
57740.2 3.5950400372612624E-006
57822.7 3.5621665220419695E-006
57656.7 3.5293744779402088E-006
57134.8 3.4969048362899446E-006
58033.8 3.4653745382017709E-006
58295.7 3.4338624094330517E-006
58271.1 3.4029118374006272E-006
57944.3 3.3719845228340467E-006
58566.9 3.3409613884108131E-006
58550.8 3.3108003108536921E-006
57490.5 3.2808897628777101E-006
58376.7 3.2514990890555341E-006
57987.9 3.2222556830478213E-006
58369.3 3.1934179101080312E-006
58295.7 3.1651567285989674E-006
58175.4 3.1365324839478050E-006
58387 3.1086494175848476E-006
58217.4 3.0809089748228999E-006
58343.3 3.0535223469726298E-006
58681.2 3.0267698368837254E-006
58487.5 2.9996174474411584E-006
58365.6 2.9729006772513631E-006
58646 2.9467393525215568E-006
58368.4 2.9205127498367028E-006
58733.7 2.8946992798430930E-006
58974.5 2.8693303013211461E-006
59007.4 2.8440974636842525E-006
59314.7 2.8190068406402547E-006
59466.7 2.7933980135872019E-006
58572 2.7688531966408917E-006
58931.2 2.7446344248829568E-006
58492.8 2.7205477809512389E-006
59482.4 2.6966353688525121E-006
58858.2 2.6728274902604745E-006
58195.4 2.6495076673835236E-006
58515.9 2.6265903983475873E-006
59191.3 2.6038550506348410E-006
58609.4 2.5810748117782771E-006
59322.5 2.5586367002589118E-006
59271.1 2.5363189333430481E-006
57962.6 2.5145853685750573E-006
59652.3 2.4926956546361497E-006
59283.6 2.4711433161498740E-006
59364.2 2.4496720193469530E-006
58925.2 2.4284882093949300E-006
59282.4 2.4075340513742689E-006
59392 2.3864425887413771E-006
59352.9 2.3659054320609354E-006
59948 2.3454422575450711E-006
59712.5 2.3252699749601687E-006
59734.6 2.3054665586823763E-006
59512.4 2.2858522326204084E-006
59292 2.2662459937346887E-006
60056.4 2.2470192547249971E-006
59621.1 2.2278531247544506E-006
59497.5 2.2089516666996489E-006
59231 2.1904431155052497E-006
59394.9 2.1719105525579042E-006
59264.9 2.1533440368500982E-006
59689 2.1351142749400744E-006
59410 2.1169020234213327E-006
60222.6 2.0992491719155849E-006
59452.9 2.0814892186499262E-006
59814.1 2.0638149501738055E-006
60707.3 2.0466865380423655E-006
60097.5 2.0293257887553625E-006
60181.7 2.0120101582009939E-006
60025.2 1.9951766866467883E-006
59985.9 1.9784518512578526E-006
60392.2 1.9618346586414519E-006
59843.9 1.9455256925489187E-006
59543.6 1.9293859106219145E-006
60090 1.9132913859409375E-006
60255.3 1.8971971966571129E-006
59865.4 1.8814080317177295E-006
60119.6 1.8656967570694910E-006
59514.7 1.8500770123634565E-006
60809.6 1.8346944240282256E-006
60154.5 1.8192664137779321E-006
60748 1.8043823475787747E-006
60898.7 1.7893969770996616E-006
61046 1.7745457631958609E-006
60230.9 1.7598385375803679E-006
60399.9 1.7453536534531956E-006
61163.7 1.7311401776997089E-006
60694.4 1.7169120306833767E-006
60608.1 1.7026919124050830E-006
60119 1.6886661963900737E-006
60540.9 1.6749597029961622E-006
60284.8 1.6611370961926447E-006
61031.6 1.6475993124692115E-006
61093.2 1.6341037949785013E-006
61289.9 1.6204513050503640E-006
60974.3 1.6070863905365060E-006
60457.1 1.5942657671138528E-006
61025 1.5810608364758786E-006
61027.5 1.5682132315796440E-006
61379.2 1.5553937614607299E-006
61101.8 1.5425960841136443E-006
60747.7 1.5298940945731020E-006
61129.6 1.5173584433134083E-006
60926.3 1.5050682245708682E-006
60514.7 1.4928756945787055E-006
61021.2 1.4809058381204374E-006
60508.4 1.4688737143835185E-006
61325.7 1.4568381286830863E-006
61752.9 1.4450005513607944E-006
61009.4 1.4334822824958755E-006
60830.1 1.4221197508989944E-006
61255.7 1.4106735548224020E-006
61459.2 1.3994799364787881E-006
61560.6 1.3883335163717942E-006
61319.8 1.3771841408846192E-006
61779.2 1.3661230013574158E-006
61806.9 1.3551200481367078E-006
61402.6 1.3442829374573256E-006
61855.1 1.3335256500739912E-006
61713.3 1.3229104888576283E-006
61226.2 1.3122897192139288E-006
61250.2 1.3018853262644652E-006
61572.1 1.2915047525639625E-006
61349.5 1.2812247277827270E-006
61397.5 1.2709244911560548E-006
62265.9 1.2605157852429530E-006
61744.5 1.2504330790733388E-006
61828.6 1.2403277681283979E-006
61549 1.2303838286243748E-006
62169.2 1.2206233236906605E-006
61671.8 1.2109743346810138E-006
62067.3 1.2012975363342521E-006
62222.6 1.1918471606511099E-006
61803.6 1.1823952978375505E-006
62571.5 1.1731081516726484E-006
61415.1 1.1638349633190177E-006
61744.4 1.1545875029820097E-006
61725.3 1.1455456073561971E-006
62219.1 1.1366206739666124E-006
61597.3 1.1277102848782534E-006
61901 1.1188535792967665E-006
62315.3 1.1100219542351249E-006
62480.4 1.1013495232439530E-006
62963.6 1.0927732478122713E-006
62433.7 1.0842226876788736E-006
61974.5 1.0756396939300943E-006
62181.3 1.0671927964440960E-006
61606.3 1.0589043666906386E-006
63212.1 1.0507213912233676E-006
62336.2 1.0426477313369482E-006
62569.9 1.0345021738119562E-006
62378.8 1.0264287175819363E-006
62655.2 1.0183720940495733E-006
62717.9 1.0105184255503238E-006
62626.3 1.0027276156330517E-006
61705.5 9.9490659854118206E-007
62542 9.8709948057498022E-007
62943.4 9.7934661993536822E-007
62597.4 9.7173127568325341E-007
63331.6 9.6414452277718465E-007
62384.2 9.5662935944545586E-007
62274.7 9.4915964783557725E-007
62179.1 9.4177865962723829E-007
62966.7 9.3454581559870435E-007
62833.3 9.2721395083454131E-007
62738.1 9.2004953102703144E-007
62537.7 9.1297472174075898E-007
63337.1 9.0594801376120911E-007
62871.5 8.9901957288092744E-007
63586.9 8.9203291882541717E-007
63202.9 8.8524794947243643E-007
63851.3 8.7830086778617299E-007
62895 8.7160639939605256E-007
63551.6 8.6479573512694245E-007
63368.5 8.5817727048582466E-007
63564.9 8.5156468096356924E-007
63186 8.4505415160574215E-007
63281.3 8.3871393395338963E-007
63621 8.3230704433541752E-007
62554.1 8.2595464449312291E-007
63010.8 8.1959058595493626E-007
63170.8 8.1332837936243496E-007
63130.7 8.0716061014769451E-007
63430.5 8.0098341175479773E-007
63328.2 7.9485954096717471E-007
64456 7.8876735176667283E-007
63919.6 7.8273609375857454E-007
63149.1 7.7680240577539922E-007
63433.2 7.7084589220050416E-007
63565.3 7.6499536229348854E-007
63651.8 7.5903265222599403E-007
63480 7.5321955091128032E-007
63226.5 7.4754210016092078E-007
64088.5 7.4186910499555508E-007
63765.9 7.3623848673086280E-007
63292.5 7.3061287569756631E-007
63579.4 7.2504263175866369E-007
63609.5 7.1954410863022827E-007
62330.9 7.1413376176737812E-007
64246.6 7.0873869581577612E-007
63410.4 7.0331666364859588E-007
63979.5 6.9794331536279641E-007
63769.3 6.9268364486050830E-007
63257.5 6.8745520006257180E-007
63675.9 6.8222217510397528E-007
64325.6 6.7706733848107633E-007
63528 6.7190376453751130E-007
63791.4 6.6683637109217764E-007
64100.1 6.6177230552417731E-007
64668 6.5680317218437257E-007
63793.9 6.5174605563693165E-007
63925.9 6.4681023634149178E-007
63987.9 6.4196998298978215E-007
63999.1 6.3715400586332619E-007
64402.4 6.3239866841529592E-007
63941.1 6.2764777244574749E-007
64964.1 6.2295588018478982E-007
64422.6 6.1831767161395692E-007
64240.8 6.1370763310081344E-007
63725.2 6.0911801501493281E-007
64422.2 6.0455767056218845E-007
63947.9 6.0005645276804658E-007
64824.4 5.9544884821781717E-007
64892.9 5.9094362822307470E-007
64161.4 5.8655605241372991E-007
64044 5.8224815020625356E-007
64836.1 5.7788796838929018E-007
64364 5.7357416760258167E-007
64160.2 5.6932880976709305E-007
64468.5 5.6510479756456062E-007
64395.7 5.6084331776125244E-007
65318.5 5.5664538087550413E-007
64846.8 5.5239795709015331E-007
65014.8 5.4831019201532645E-007
64953.4 5.4429487656434805E-007
64504 5.4021817923433486E-007
64203 5.3621509366425304E-007
64457.9 5.3225927508138318E-007
65018.7 5.2832399312216088E-007
65050.9 5.2440726053322247E-007
65369.5 5.2051265963651858E-007
64970.5 5.1664652176449270E-007
65080.7 5.1280534669853918E-007
64881 5.0895873152650639E-007
65258.5 5.0516791257895942E-007
65241.9 5.0135030786025145E-007
64529.6 4.9765192110434175E-007
64777.5 4.9393629637110271E-007
65481.2 4.9024847407150012E-007
65325.4 4.8654917094661234E-007
65351.3 4.8291655370297962E-007
64357.6 4.7935152839362007E-007
64695 4.7578517723382321E-007
66099.4 4.7227410140860386E-007
64440.9 4.6871832569302387E-007
64602.7 4.6522396832520430E-007
64485.8 4.6176298458646237E-007
65181.3 4.5835036146545234E-007
65757.9 4.5494544778589965E-007
65456 4.5153526975596952E-007
65998 4.4817583041397178E-007
64884.9 4.4482450934500137E-007
65819.4 4.4147452724593232E-007
65870.3 4.3819700262019940E-007
65381.7 4.3501419086126981E-007
65368.1 4.3177025910577604E-007
65567.2 4.2858954214065647E-007
65694.5 4.2540371024950906E-007
65745.7 4.2222634331433420E-007
65539.7 4.1910204831253531E-007
65693 4.1596406584660102E-007
65527.5 4.1288636014948598E-007
65878.1 4.0986780509050831E-007
65665 4.0685734646420215E-007
66084.2 4.0381162915768010E-007
66104.2 4.0083582319713286E-007
66248.9 3.9786106017147771E-007
65987.8 3.9488583867320379E-007
66430.8 3.9195871005456491E-007
66406.5 3.8906619709641908E-007
66336.5 3.8621559297752332E-007
66065.8 3.8340379260539059E-007
65180.5 3.8055321660519310E-007
66228.1 3.7775101986527210E-007
66762.1 3.7493813971941512E-007
66873.5 3.7220150463120770E-007
66194.4 3.6943170611924433E-007
65927.9 3.6668901346544612E-007
66277.4 3.6401384202191174E-007
65745.3 3.6130649600842516E-007
66393.2 3.5864544335464987E-007
66448.4 3.5600907278509969E-007
65893.1 3.5344370713926939E-007
66452.1 3.5081882704184903E-007
65937.5 3.4822858628891621E-007
66509.8 3.4563798844624626E-007
65807 3.4308649761115972E-007
66371 3.4056636238627865E-007
65933.6 3.3805126737459638E-007
66085 3.3562405366619096E-007
66585.1 3.3313444335372238E-007
66522.8 3.3065817907490030E-007
67050.2 3.2821457666249531E-007
66809.6 3.2577228295615292E-007
66954.7 3.2335732120501927E-007
66465.1 3.2099058352562986E-007
66842.6 3.1858828973906958E-007
66586.9 3.1626323837713358E-007
67142.2 3.1397135547232843E-007
66535 3.1162619938301625E-007
66461.5 3.0934667538760917E-007
66852 3.0705643313764399E-007
67350.1 3.0476689617844836E-007
66128.8 3.0252926418983933E-007
67424.3 3.0030370359916506E-007
66940 2.9811155844633443E-007
66916.4 2.9590181272412365E-007
66820.9 2.9371573448072290E-007
66439.6 2.9151908476610564E-007
67627.8 2.8935630938719347E-007
67264.1 2.8722426844187652E-007
66953.6 2.8510259723808294E-007
67169.7 2.8301952511966768E-007
67746.4 2.8093691066560213E-007
66241.4 2.7887506536441227E-007
67645.3 2.7683149284524606E-007
67194.8 2.7476485340254159E-007
67126.3 2.7273131634373274E-007
67076.6 2.7068539883398931E-007
66867.9 2.6870373363150341E-007
67270.4 2.6668480760426046E-007
68002.6 2.6470382400228406E-007
67758.6 2.6274173876522617E-007
67480.9 2.6083013308312834E-007
67361.6 2.5889708769563242E-007
67893 2.5699629642156231E-007
67505.1 2.5506628956703054E-007
67494.9 2.5317781832360647E-007
68174.3 2.5130863950017330E-007
67817.2 2.4945791293372429E-007
66820.3 2.4760438339477854E-007
67649.3 2.4571848317546161E-007
68138.4 2.4391430079065221E-007
67708.5 2.4212087113525722E-007
67786.2 2.4029408726907144E-007
67923.5 2.3849220326612522E-007
68050.3 2.3671001931058424E-007
67945 2.3494444143338457E-007
67681 2.3319904302454714E-007
68467.7 2.3147483023277478E-007
67863.5 2.2976915297758743E-007
68043.1 2.2806267550087417E-007
68023.2 2.2635863380193934E-007
67695.9 2.2468647906502486E-007
67879.1 2.2300003586731827E-007
67792.9 2.2135786906700620E-007
68064.3 2.1968604799429456E-007
68280.9 2.1808269957509604E-007
68056 2.1646526933220264E-007
67787 2.1482833312332449E-007
68806.3 2.1323307952762919E-007
68859.6 2.1163592228954451E-007
69109.5 2.1005218042427192E-007
68445.8 2.0850402827119271E-007
68492.7 2.0694681526736264E-007
68349.4 2.0542561045450104E-007
68056 2.0390696878944812E-007
69076.9 2.0240499734857905E-007
68734.8 2.0088867836241082E-007
68846.4 1.9940881303781779E-007
68268.9 1.9793521172719883E-007
68147.4 1.9646793716225569E-007
68613.4 1.9503829076020023E-007
68945.3 1.9356584336544399E-007
68556.2 1.9215166212939808E-007
67706.8 1.9071292757035590E-007
68050.8 1.8928596210050180E-007
69162.5 1.8787469962488765E-007
68773 1.8647272332348604E-007
69130.7 1.8505988699423062E-007
68268.6 1.8366402508119108E-007
68508.7 1.8231567368291206E-007
68604.5 1.8094813766918560E-007
68626.5 1.7958649370791810E-007
68679.2 1.7825371401887123E-007
69114.7 1.7692473891818785E-007
68775.4 1.7560991727796968E-007
69407.7 1.7429298772930555E-007
69327.4 1.7300600376364617E-007
70112.4 1.7172090381992606E-007
69162.7 1.7044301935447305E-007
69798.4 1.6916869611829067E-007
69782.2 1.6791044012614823E-007
69132.5 1.6662653520562086E-007
69317.8 1.6538646655552380E-007
69473.6 1.6413522477541419E-007
69568 1.6289207954070724E-007
69341.5 1.6167331246174867E-007
69260.4 1.6047586124957681E-007
69479.4 1.5927451942925822E-007
69498.3 1.5808504552084311E-007
69750.4 1.5689118053469012E-007
69370.2 1.5572558638306899E-007
68813.8 1.5455506112566531E-007
69272.1 1.5339574291810057E-007
69448.7 1.5223423701380441E-007
70267.4 1.5108208865918055E-007
69567.8 1.4996090757621064E-007
69659.4 1.4883443941327833E-007
69600.5 1.4769327012843319E-007
69339.3 1.4656580340336327E-007
69991.5 1.4544600545443795E-007
69914.9 1.4434087092266877E-007
69478.6 1.4325670550255564E-007
70360.1 1.4215077958296895E-007
69921 1.4108496345182486E-007
70000.9 1.4002621219903597E-007
69029.1 1.3895247691762609E-007
70659.1 1.3790072052534527E-007
69663.8 1.3685269868761923E-007
69211.6 1.3578900157522320E-007
70722 1.3476185890256759E-007
69651.8 1.3374132625684850E-007
71140.7 1.3272597836874822E-007
70149.6 1.3170007101767269E-007
70721.7 1.3069415376410762E-007
70405.3 1.2970967994242835E-007
69590.6 1.2871499255403683E-007
70139.6 1.2773541169030129E-007
70733.5 1.2674813894869044E-007
69832.4 1.2577340230432120E-007
70790 1.2480670193897349E-007
70964.6 1.2384304555642683E-007
70231.2 1.2288446064329077E-007
70948.5 1.2194494697796252E-007
71148.9 1.2101512114443957E-007
69902.3 1.2008883954920828E-007
70212.8 1.1915296349878666E-007
70577.6 1.1824218736173529E-007
70363.7 1.1732602678128183E-007
71245.3 1.1644169526672190E-007
70586.3 1.1554879454650519E-007
70575.9 1.1465775395899837E-007
70936.3 1.1377432920676740E-007
71130.3 1.1291189598152037E-007
71246.2 1.1202960470345685E-007
70910.4 1.1118018505996831E-007
71410.7 1.1031406809150435E-007
71374.4 1.0944946276724316E-007
70454.2 1.0859988375165279E-007
70821.1 1.0775131028482618E-007
70764.8 1.0690547176691028E-007
71351.8 1.0608809075251815E-007
71381.2 1.0526375362029755E-007
71210.1 1.0442388299947049E-007
70509 1.0361671719648971E-007
70735.6 1.0281152954203802E-007
71402.7 1.0200749984455780E-007
70685.2 1.0120490938236232E-007
71151 1.0043176775898362E-007
71333.8 9.9639131271357799E-008
71987.9 9.8847143570226353E-008
71192.2 9.8081157151480226E-008
70693.2 9.7328539021356182E-008
71325.5 9.6570511917185114E-008
71204.3 9.5811980196725379E-008
71880.6 9.5057328355086800E-008
71631.8 9.4315022833657524E-008
71503.2 9.3565196614904336E-008
71527.7 9.2819953459686986E-008
71761.8 9.2087908000779132E-008
71447.5 9.1349733638069884E-008
72207.4 9.0636412090371683E-008
72510.7 8.9914337995216437E-008
72021.8 8.9211608048248928E-008
72373 8.8511216924514671E-008
72043.7 8.7818560239581528E-008
70518.9 8.7115072909213086E-008
72280.7 8.6424489582224793E-008
71699.9 8.5748973165354414E-008
71790 8.5075761454819417E-008
71375.8 8.4409198499952371E-008
73184 8.3737395654472098E-008
71793.7 8.3076216921287837E-008
73067.6 8.2404001717039547E-008
71920.3 8.1752748382648646E-008
71702.8 8.1102014930540144E-008
72105.3 8.0459561862112982E-008
72079.4 7.9816754079020366E-008
71804 7.9173757721919772E-008
72127.3 7.8543965307338874E-008
72230 7.7916248407105615E-008
71624.8 7.7290543600893071E-008
72109.7 7.6673909032818506E-008
72266.9 7.6055429040169171E-008
72959.7 7.5442160110965888E-008
72822.3 7.4835713633695921E-008
72175 7.4235556290520675E-008
72264 7.3643841488777742E-008
71690.5 7.3048078691280408E-008
72304.4 7.2464782087544783E-008
72744.8 7.1870255915252643E-008
72860.2 7.1288223020483848E-008
72118.9 7.0714812197173614E-008
72188.2 7.0149629859393071E-008
72023.2 6.9593284855350021E-008
73361.5 6.9025947056159587E-008
73075 6.8459958004726416E-008
72867.2 6.7901368764542386E-008
72387.2 6.7333373759052947E-008
72210.8 6.6787556551319683E-008
73057.2 6.6250547764639154E-008
73262 6.5702865581420173E-008
72790 6.5170599865254052E-008
73457.6 6.4633682342658066E-008
73547.7 6.4099920861154759E-008
72721.8 6.3579888390029762E-008
72843.6 6.3052069772265018E-008
72950.8 6.2525625966183249E-008
73332.8 6.2007643596268377E-008
72775.1 6.1499202158360689E-008
73486.1 6.0990417161022826E-008
73914.3 6.0488654601331290E-008
74073.3 5.9991397544607836E-008
73624.4 5.9485328218923254E-008
74025.3 5.8993671791469614E-008
74454.5 5.8509423059148162E-008
72857.2 5.8024351987083075E-008
73761 5.7538254415917818E-008
72702.4 5.7055028446457725E-008
73398.6 5.6573241534783973E-008
74332.8 5.6101020656399851E-008
74123 5.5633808070864575E-008
73488.2 5.5170546755253518E-008
73580.6 5.4708177703092644E-008
72772.7 5.4243084615239144E-008
74305.7 5.3796461563875701E-008
73837.9 5.3346217706552916E-008
73345.6 5.2891215663608101E-008
74278 5.2445541487249762E-008
73862 5.2007544622196236E-008
73978.4 5.1574095063151338E-008
73134.7 5.1140246259868840E-008
73686.8 5.0710839439750642E-008
74436.8 5.0283718539586806E-008
72664.5 4.9867526401813307E-008
74556.2 4.9450135603749735E-008
74891.8 4.9024689607049098E-008
73843 4.8616715838227613E-008
74779.4 4.8200962481163998E-008
75149.6 4.7788602983500772E-008
74563.9 4.7373956584754400E-008
74073.8 4.6967355530108936E-008
74110.5 4.6567923670970044E-008
75101.8 4.6176441572214346E-008
74756 4.5776126577042267E-008
74321.5 4.5380307193688326E-008
74302.3 4.4985464820099018E-008
75273.6 4.4596167783618133E-008
74586.6 4.4206153644287960E-008
74639.6 4.3820205850017323E-008
73380.5 4.3437569553637351E-008
74861.4 4.3064249479439274E-008
74415 4.2688863604118012E-008
74822.9 4.2318483375438606E-008
74919 4.1942804818544825E-008
75465.8 4.1575752285678135E-008
74370 4.1213033379881823E-008
75015.8 4.0854334009349659E-008
75011.3 4.0494251708872625E-008
74549.1 4.0137671748909477E-008
75298 3.9788035959706296E-008
74200.1 3.9447318347953986E-008
75873.5 3.9095098381004517E-008
74312.7 3.8754743091341306E-008
75396.7 3.8409880952637640E-008
76296.5 3.8066666337721491E-008
76033 3.7729569343402965E-008
76034.5 3.7396739097672627E-008
76026.4 3.7064046311031043E-008
75685.9 3.6730184988291802E-008
75958.5 3.6400882070890158E-008
75708.4 3.6074836988141500E-008
75818.3 3.5756563206263617E-008
75148.8 3.5439762671998547E-008
76148.7 3.5120024368126204E-008
75509.7 3.4811306304632698E-008
76466.2 3.4499363241872075E-008
76535.6 3.4190141465758065E-008
76568.1 3.3880847517550715E-008
75908.3 3.3569773905170363E-008
76384.5 3.3264592845319488E-008
76262.1 3.2964523203693439E-008
75619.2 3.2664010680571760E-008
77552.3 3.2367690351591428E-008
75939.4 3.2083149654695357E-008
75725.8 3.1791574787217242E-008
75946.8 3.1504437773460717E-008
75758.2 3.1221172515150954E-008
76751.8 3.0938322785330560E-008
77033.9 3.0657071593335476E-008
76293.6 3.0369105885210545E-008
76910.8 3.0092447548816823E-008
76696 2.9817206279893654E-008
75584.5 2.9537345446479639E-008
77446.6 2.9263448003117408E-008
76866.9 2.8995165287892747E-008
76424.4 2.8727415399107664E-008
77354.5 2.8460667619486604E-008
76708.9 2.8194112491188381E-008
76963.7 2.7931706320250955E-008
76731.6 2.7673425110476197E-008
76760 2.7415275263629670E-008
78021.4 2.7162554141550793E-008
77030 2.6904597446177453E-008
77806.1 2.6649695256771827E-008
77651.5 2.6392178559123563E-008
76998.7 2.6147881855975910E-008
77216.4 2.5903595160431701E-008
77080.1 2.5653540919201268E-008
77621.9 2.5412968586785469E-008
78131.3 2.5174601011868580E-008
77730 2.4939047542491133E-008
76667.8 2.4702658484584693E-008
77052.9 2.4470597146975091E-008
77067.7 2.4231830132010356E-008
77757.6 2.3996290205059498E-008
78249.4 2.3767144157847630E-008
77774 2.3535652078052827E-008
77729 2.3313859247640989E-008
78292.1 2.3088395672645630E-008
77589.6 2.2868072337036382E-008
78432.4 2.2644800664049592E-008
78400.4 2.2423209671967061E-008
78362.3 2.2207661314619444E-008
77370.9 2.1989531846905287E-008
78450.2 2.1774147071749263E-008
77739.4 2.1561980396826748E-008
79350.2 2.1350602360796340E-008
78578.3 2.1139220981809474E-008
76707.1 2.0928102177244605E-008
78353.9 2.0721607175658317E-008
78237.7 2.0518567252273051E-008
77990 2.0317794667803986E-008
79271.6 2.0120119885735381E-008
78325 1.9919439950772856E-008
78819.5 1.9721341829698333E-008
79443.9 1.9523046750298718E-008
78011.9 1.9331115344982235E-008
77968.4 1.9136578345367231E-008
79472.8 1.8945286711906357E-008
77644.9 1.8755140241316083E-008
78964.6 1.8566664371841087E-008
78404.6 1.8380392707799216E-008
78802.4 1.8196436499564610E-008
79233.8 1.8011246681210049E-008
79952.6 1.7827437424786095E-008
79938.6 1.7643698674046746E-008
78650.2 1.7464239888301190E-008
79032 1.7283827744701397E-008
78164.9 1.7104219789751367E-008
80194.6 1.6926596878930898E-008
80297.9 1.6752061559779037E-008
79373.7 1.6579165702128942E-008
79654.2 1.6404009189051764E-008
79398.1 1.6234962405048926E-008
78991.7 1.6067287555268124E-008
80226.9 1.5899636606151425E-008
79952.3 1.5732025293981065E-008
80066.8 1.5568297458447142E-008
79123.6 1.5407069475046969E-008
80470 1.5246399111499805E-008
80188.4 1.5085769901725983E-008
80442.1 1.4924811213545551E-008
80777.6 1.4767127697552803E-008
80556.5 1.4609441340052655E-008
80723.8 1.4453871587957650E-008
79976.8 1.4301521003320438E-008
79562.1 1.4148129228266052E-008
79331.9 1.3992662194271845E-008
79302.5 1.3844605853116089E-008
81407.3 1.3697360970410870E-008
79665.6 1.3544486046168379E-008
79891.9 1.3399010680561606E-008
81038.2 1.3255192837405665E-008
80082.8 1.3110972313600668E-008
81768 1.2967528803193421E-008
80384.4 1.2826219523765135E-008
80008.5 1.2686651269542481E-008
80855.1 1.2547664487641490E-008
80919 1.2410931949817670E-008
81434.8 1.2273054806084206E-008
80446.9 1.2137709930691456E-008
82136.6 1.2003021450020145E-008
80844.5 1.1871000600111409E-008
81346.8 1.1737897318966390E-008
81250.2 1.1605690230890690E-008
82172.6 1.1476840230719525E-008
82228.1 1.1348724861695555E-008
80862.9 1.1220289842019869E-008
81652.9 1.1095118499253444E-008
81950.5 1.0968891087844338E-008
81206.9 1.0845950350042158E-008
81160 1.0719240466888119E-008
81807.7 1.0597542076672701E-008
81604.6 1.0476988179393501E-008
81033.4 1.0357260183451605E-008
81862.3 1.0237722175845876E-008
81067 1.0120635412590183E-008
82568.1 1.0002780560054368E-008
81882.7 9.8846211880113923E-009
83092.1 9.7693261039946002E-009
82247 9.6557158653965759E-009
83452.4 9.5425062969537945E-009
83245.2 9.4317111369057717E-009
83357.3 9.3214427682668653E-009
82450 9.2113819921037702E-009
82147.6 9.1029661945513742E-009
83219.4 8.9941371136876025E-009
82549.4 8.8863108509294085E-009
82647.2 8.7806445478031632E-009
82473.1 8.6767816396100949E-009
82672.1 8.5724327097743776E-009
83163.2 8.4689324787917752E-009
83440.3 8.3667890203235616E-009
83151 8.2637111096269076E-009
82925.2 8.1648939919792349E-009
84036.7 8.0653336253577182E-009
82322.4 7.9670986804184109E-009
83378.9 7.8710143750270759E-009
83064.4 7.7740466942006589E-009
83683.6 7.6790210915826140E-009
83719.8 7.5848350644019533E-009
83631.8 7.4925445658764870E-009
83728.5 7.3985351692390196E-009
83626.1 7.3045129404879831E-009
83102.2 7.2141331221356960E-009
84291.7 7.1227386671716555E-009
84023.6 7.0337890389106199E-009
84082.4 6.9456140083613617E-009
83456.3 6.8595570764210373E-009
84597.2 6.7736566771657327E-009
84015.4 6.6878653081532357E-009
84397 6.6029493139973022E-009
84307.7 6.5197310032233352E-009
84706.1 6.4359572666865930E-009
85470.3 6.3532437662398101E-009
84797.3 6.2712308850359606E-009
84291.3 6.1879959263249528E-009
85506.3 6.1078885054707220E-009
84643.8 6.0275269764032677E-009
84475.6 5.9473578286054840E-009
84949.8 5.8703031298987266E-009
85907.4 5.7927660659598924E-009
85310.6 5.7152560021551065E-009
85089.9 5.6401770033837450E-009
84915.3 5.5653518774239483E-009
86387.5 5.4910903923103959E-009
86638.1 5.4183836817939963E-009
87196.2 5.3441642982405099E-009
85452.8 5.2722989976148497E-009
86275.2 5.2005306824952294E-009
85801.9 5.1308025257012036E-009
85462.7 5.0613923971716412E-009
85066 4.9911757013227606E-009
87120.3 4.9222763610196039E-009
87400.7 4.8545280815021260E-009
85275.4 4.7871201810647765E-009
86184.7 4.7209508220390311E-009
87106.8 4.6552241459860586E-009
86104.6 4.5900049807310311E-009
86026.1 4.5255119731448157E-009
86394.6 4.4625526179420145E-009
87829.4 4.3995699347167562E-009
87203 4.3357850595095041E-009
87489.7 4.2744202035936984E-009
86933.4 4.2131836836341001E-009
88211.3 4.1530212675672857E-009
87941.8 4.0931877755405126E-009
87968.7 4.0344733397700831E-009
86808.9 3.9740992107005936E-009
86455.3 3.9162807594058164E-009
87290.3 3.8586506260001415E-009
86989.1 3.8010450694859432E-009
87264.7 3.7451856356475026E-009
87823.3 3.6891508492558018E-009
88209.7 3.6321277601451420E-009
88310.2 3.5779701357377873E-009
88364.1 3.5240314264415714E-009
87992.4 3.4711197466235230E-009
87983.3 3.4174014201452367E-009
88629.4 3.3643579493638302E-009
89359.5 3.3127582878904658E-009
88628.9 3.2620345206120798E-009
87970 3.2107789047282397E-009
88459.1 3.1605498965425916E-009
88385.9 3.1102289938177799E-009
88190 3.0623307807152394E-009
89064 3.0142218523938368E-009
88276.8 2.9663809269890287E-009
88936.8 2.9206936679958843E-009
88853.3 2.8733443876248185E-009
89287.8 2.8277093305757041E-009
89300.1 2.7824496029683657E-009
90409.9 2.7372318925420108E-009
89456.1 2.6924929384739493E-009
89548.6 2.6476679503691703E-009
88494.1 2.6044056087833792E-009
87939 2.5621646886211306E-009
90455.4 2.5194212332032183E-009
89511 2.4784781891143306E-009
89668.5 2.4370898728211685E-009
91339.7 2.3963245042706868E-009
90017.2 2.3556815752435141E-009
90620.3 2.3157782355922036E-009
91149 2.2753697624894219E-009
91623.6 2.2371554280376388E-009
91103.6 2.1990392286031343E-009
92281.7 2.1610245827221995E-009
91448.7 2.1235747960620936E-009
91122.4 2.0867069033807190E-009
90702.3 2.0508036940051503E-009
92298.9 2.0141152001332784E-009
92179.3 1.9778695636456704E-009
91798.5 1.9431934805703166E-009
92795.2 1.9085769113897359E-009
92282.2 1.8742563800733342E-009
92051.1 1.8406063502597328E-009
92654.7 1.8072280205610866E-009
92524.9 1.7734017887528741E-009
91955.7 1.7405931384894733E-009
92876.5 1.7081277620543627E-009
93227.5 1.6764755291853246E-009
92528 1.6452062435889228E-009
92886.5 1.6142051325402660E-009
93892.3 1.5832468280368209E-009
93698.6 1.5527968142075701E-009
91889.1 1.5228163544920022E-009
92906.8 1.4935150444754066E-009
94907.7 1.4636301433002149E-009
93482.7 1.4353636622647590E-009
94196 1.4076930764425042E-009
94712.4 1.3800638033866766E-009
92771.2 1.3532388326843460E-009
93888.8 1.3263938515306717E-009
93637 1.3000628563400046E-009
93619.2 1.2734936519977674E-009
94458 1.2474017579183510E-009
94046.6 1.2219935913488291E-009
94603.6 1.1967174554335265E-009
96126.5 1.1718407036728676E-009
95758.2 1.1476060199457026E-009
94637.1 1.1234008051797846E-009
96477.1 1.0996432590676177E-009
95830.9 1.0766360875152393E-009
97128 1.0534607538671052E-009
95971.9 1.0311933498202161E-009
95538.8 1.0085959702318133E-009
96276 9.8714805712205573E-010
94953 9.6522377804229343E-010
95658.9 9.4420352049011120E-010
97438.5 9.2275300399478726E-010
97005.4 9.0234382069522966E-010
97560.2 8.8184098794143376E-010
97748 8.6199314651984448E-010
96616.5 8.4249271362064846E-010
97992.6 8.2257274267173340E-010
97251.6 8.0341128809955676E-010
95835.5 7.8428211526929446E-010
97860.9 7.6563857374614889E-010
97856.3 7.4709432296995504E-010
98455 7.2918235168627084E-010
97021.9 7.1155723070746580E-010
99317.5 6.9425149620334503E-010
100053 6.7736923497702952E-010
98221.4 6.6078103749399776E-010
98687.4 6.4453485419201180E-010
99975 6.2825147274917562E-010
99618.9 6.1239399205765208E-010
99287.4 5.9707538690141028E-010
98147.8 5.8170029697972387E-010
99263.9 5.6664316076196531E-010
99610.8 5.5185811640768146E-010
99160.7 5.3764846352252741E-010
100485 5.2325982414748993E-010
100624 5.0930762398902569E-010
99202.4 4.9536147132256054E-010
102336 4.8163744572598705E-010
101505 4.6847101393545754E-010
101681 4.5524602732257399E-010
101284 4.4270299897136478E-010
103711 4.3003585629057007E-010
101580 4.1794420762030575E-010
102044 4.0599767690679863E-010
103823 3.9407106535281001E-010
101172 3.8258913172017613E-010
102326 3.7110526140098567E-010
102424 3.5996736997951189E-010
101086 3.4927577689525944E-010
102221 3.3879687476484883E-010
103746 3.2863603065437810E-010
104959 3.1851029239603728E-010
103625 3.0845954265157006E-010
105163 2.9876172082088196E-010
103901 2.8923591844821491E-010
104551 2.8017459448972187E-010
105628 2.7121528357213231E-010
106257 2.6235014138648936E-010
107950 2.5380867349192925E-010
106269 2.4516251780374590E-010
105734 2.3681817566418292E-010
106513 2.2884145899572715E-010
107746 2.2099978501276736E-010
108300 2.1314472140782153E-010
107033 2.0565789225649722E-010
104922 1.9838138760239490E-010
108389 1.9124174519687345E-010
107942 1.8421748173576524E-010
108825 1.7726973283419547E-010
109625 1.7065475537167827E-010
107895 1.6436401575172314E-010
110628 1.5816723068167840E-010
110565 1.5207350870011552E-010
109937 1.4626010511188261E-010
109570 1.4052692597584139E-010
110916 1.3492465766991756E-010
111683 1.2954723769980468E-010
111835 1.2426213804525231E-010
111152 1.1921298083328020E-010
111589 1.1422674646985485E-010
111800 1.0938253102482029E-010
112910 1.0464843892779624E-010
111141 1.0003050821625082E-010
114439 9.5702048763062324E-011
113723 9.1382652833517544E-011
113751 8.7374790317978416E-011
114699 8.3405102453862230E-011
115172 7.9465927752317283E-011
114189 7.5799953108601090E-011
116611 7.2250635720831973E-011
114397 6.8838235322061635E-011
116573 6.5470927495568823E-011
115614 6.2278395767345005E-011
116523 5.9177148480246127E-011
118332 5.6161340871726293E-011
117597 5.3248022975017607E-011
116891 5.0464722533456207E-011
118057 4.7820328703117762E-011
120707 4.5193295523920823E-011
117925 4.2704914157595780E-011
118897 4.0344717352474153E-011
120388 3.8068240810424766E-011
120875 3.5894289819702376E-011
120253 3.3719785369676573E-011
121410 3.1759902912607797E-011
120909 2.9817570502971811E-011
119964 2.8020136661001561E-011
121318 2.6299553657801588E-011
122529 2.4659322067983146E-011
122459 2.3081284414894066E-011
126001 2.1560878658821079E-011
125041 2.0147570550728776E-011
124620 1.8820524021949165E-011
126743 1.7502015093672577E-011
127940 1.6307167155218163E-011
126934 1.5148649870245531E-011
127893 1.4053523282906763E-011
129537 1.3007957166543888E-011
125863 1.2070124776343317E-011
130784 1.1131627395158509E-011
128993 1.0241604612986180E-011
132956 9.4397112669057735E-012
130423 8.6761455185155080E-012
132264 7.9647068621642585E-012
134085 7.2914635776835037E-012
133299 6.6563230659601339E-012
133409 6.0868782673368544E-012
134835 5.5448475625301137E-012
134758 5.0460878258768001E-012
135022 4.5908877399419983E-012
138069 4.1611428003965973E-012
139295 3.7461621807003846E-012
140317 3.3756013322446508E-012
139874 3.0179759745256476E-012
139514 2.6924790553905770E-012
141384 2.4011078473128218E-012
142594 2.1402611661338548E-012
146776 1.8860942588685839E-012
148034 1.6553365923755041E-012
147333 1.4523021921765327E-012
148637 1.2648486229017310E-012
148621 1.0978525168732694E-012
149439 9.4246157033127681E-013
153016 8.0512991021152595E-013
155895 6.7706146267226519E-013
154368 5.6276296525852285E-013
157531 4.6371115951099418E-013
159435 3.8098716805789813E-013
164410 3.0839607559243730E-013
164810 2.4590108158294662E-013
169642 1.9306289922582649E-013
164142 1.5041366178928578E-013
168573 1.1243765808044569E-013
175666 8.2840230524238587E-014
179400 5.7426693104433304E-014
184209 3.8241124901810675E-014
177495 2.4375764583010323E-014
184326 1.5079841280350627E-014
192661 8.1422156877293341E-015
190719 3.7440931390831668E-015
191381 1.2804920955104498E-015
203171 3.8762069529153193E-016
130324 3.8028354932484168E-021
23074.5 3.5055398414571901E-022
18037.4 2.4419594942371096E-022
17855.8 1.8837882468053426E-022
6384.22 1.6452148980704290E-022
21782.6 8.7532579115492482E-023
20434.7 5.6050016378062365E-023
9437.05 4.8577702441217067E-023
21922.3 4.3917899624795106E-023
16509.4 3.6809548490931149E-023
21248.9 3.2928702208343319E-023
23157.6 3.0694762744598509E-023
23041.6 2.9352838077308109E-023
26645.6 2.5771753770921070E-023
12494.2 2.3160709551078270E-023
22569.2 2.1996990845542061E-023
12594.9 2.0218795298243808E-023
20715.1 1.8390021656496936E-023
17834.8 1.7681595062410927E-023
28238.9 1.6656152593785352E-023
28815.6 1.5482162353572918E-023
21493.3 1.4831201137726868E-023
20876.6 1.4589515742024148E-023
29062.2 1.4359399777855216E-023
31350.7 1.3484366477542399E-023
33095.2 1.2728468712546937E-023
25629.2 1.2005853699733333E-023
27238.7 1.1401907969338168E-023
22253.9 1.0876545479705135E-023
38464.7 1.0517446413567064E-023
27157.2 1.0145982643076832E-023
22790 9.9156183224844457E-024
28117.9 9.6594430579439396E-024
27662.3 9.4903989282914166E-024
37988 9.2427297846202325E-024
33311 8.7630585151655459E-024
21275.4 8.5727553519287166E-024
32368.2 8.1079700460320004E-024
24520 7.9084584383590155E-024
16374.5 7.6594248416428477E-024
24151.6 7.5781404554440781E-024
26464.9 7.1045822327340772E-024
30706.6 6.8799928531601295E-024
27106.1 6.5770106640344791E-024
21588.7 6.2877483300307155E-024
16471.8 6.2171364669629836E-024
36016.1 6.0925798920861641E-024
28610.1 5.9424384276576314E-024
24179.6 5.7503228167717521E-024
25482.9 5.6466756056422117E-024
32697.5 5.5107771657947766E-024
36942.2 5.4186240097954407E-024
34093.6 5.3200315735592571E-024
31003.2 5.2350285324186836E-024
31497.6 5.1127528446481003E-024
24988.4 5.0162007141684836E-024
31249.6 4.9050644241963107E-024
40043 4.7778443789710244E-024
35289.1 4.7154401912576400E-024
29397.8 4.6446258008204286E-024
39371 4.5381268387760341E-024
29108.3 4.4564829482834851E-024
32847 4.3786042767088198E-024
32852.6 4.2536001230909870E-024
44479.5 4.1742047600853435E-024
32896 4.0684587738721343E-024
31847.1 3.9847899830751357E-024
36556.5 3.9183004544407773E-024
20022.4 3.8005361638661929E-024
32808.8 3.7205564932147606E-024
20656 3.6593774994434754E-024
51144.5 3.5252398183361155E-024
38372.1 3.4567191265359616E-024
35091.8 3.3583281181278755E-024
28566.3 3.2917188554421811E-024
33798.2 3.2131915375052603E-024
31502.3 3.1903042520345452E-024
33077.2 3.1265263247908666E-024
23065.1 3.0734981209337328E-024
55794 3.0473754138831467E-024
31805.9 3.0022698234790034E-024
29764.6 2.8766848873694167E-024
37648.5 2.8167732152731500E-024
25133.9 2.7752697370672147E-024
23345.5 2.7552248800894852E-024
48565.2 2.6357728021192709E-024
48307.5 2.5404946218459148E-024
51314.1 2.4751967224146391E-024
41631.9 2.4438383978050573E-024
32279 2.4022532161192206E-024
27486.1 2.3664021224769539E-024
18312.8 2.3380250182540824E-024
20448.8 2.3106625655484733E-024
32554.4 2.2735969846461011E-024
30725.3 2.2237503591738552E-024
25741.6 2.1692979661173316E-024
27675.2 2.1284659087560689E-024
35710.5 2.0992578988609056E-024
30924.2 2.0620745909417165E-024
37971.7 2.0130703845688438E-024
50029.2 1.9440594258213634E-024
40477.8 1.8994197331300520E-024
41267.9 1.8711948595243007E-024
36304.6 1.8232787137977534E-024
23667.4 1.7954958145137966E-024
24320.6 1.7536504812739233E-024
43368.9 1.7430939084111823E-024
41919 1.7271574537760220E-024
20010.2 1.7008527481073877E-024
48422 1.6605985067908333E-024
48920.2 1.6386885645892158E-024
29791.1 1.6193034772934346E-024
28384 1.5594629590634632E-024
28976.5 1.5423483981180600E-024
48202.2 1.5112702312631210E-024
22991.5 1.4887541917332298E-024
35758 1.4630749041259814E-024
33840.4 1.4493891936939631E-024
35497.1 1.3878285920857901E-024
40015.1 1.3554155795042680E-024
35643.9 1.3378895330615077E-024
34407.1 1.3107743625868615E-024
19544.2 1.2963826764474302E-024
33438.9 1.2789671593096673E-024
77582.1 1.2583417460899338E-024
42272 1.2473489406950300E-024
37984.8 1.2353169011339588E-024
29172.4 1.2138407205293978E-024
37150.6 1.1903094808756284E-024
51714.6 1.1784837186636321E-024
49500.5 1.1457987433766067E-024
41335.8 1.1260414231878330E-024
44008.6 1.1033103920345613E-024
33553.7 1.0958533974566414E-024
34368.4 1.0822456686366736E-024
53094 1.0682447683416397E-024
36336.5 1.0524000544986535E-024
34939 1.0441712797001287E-024
55982.8 1.0356866022539484E-024
47283.3 1.0156051325017638E-024
18246.3 1.0005782875963896E-024
30597.5 9.9286238647989502E-025
32780.6 9.8667978249434328E-025
64626 9.6885109834588044E-025
37162.3 9.5419298167459949E-025
33931 9.4338469781531412E-025
47097.9 9.2708857420116184E-025
50388.5 9.1349593685192889E-025
37832.9 8.9804127863262350E-025
28569.1 8.9418909818585979E-025
30057.5 8.8543721645939974E-025
57044 8.7791869159885616E-025
27044.6 8.6904978069359593E-025
28777.4 8.5983413124853471E-025
41988.5 8.4542439951308123E-025
31353.7 8.3063181264259746E-025
35142 8.1457549889760963E-025
43371.2 8.0915990556456104E-025
50894.6 7.9882466037887154E-025
30402.4 7.8695556861864373E-025
29964.7 7.8109023924611182E-025
45148.3 7.6626358137327538E-025
20242 7.5705621950817943E-025
31217.4 7.4946866255055463E-025
66810.3 7.4455408643926478E-025
30501 7.4117181623358668E-025
35377.6 7.2881183711487874E-025
47339.9 7.1812394255743151E-025
21877.2 7.0489205103429718E-025
45607.1 6.9402326623841510E-025
51668.2 6.8964528851211881E-025
32590.5 6.8376757310882034E-025
34415.7 6.6868889797841767E-025
45488.1 6.6054907497847018E-025
75394.8 6.5490011305156003E-025
45361.9 6.4639917810547477E-025
50169.6 6.3628510908816461E-025
41113 6.2872396916853828E-025
47207.9 6.2380428018735041E-025
43303 6.1767894609736866E-025
44141.8 6.1060847223748728E-025
70931.1 6.0719234058458968E-025
15048 6.0452661593608464E-025
41630.5 5.9876928939774549E-025
60900.8 5.9186469845226301E-025
38838.1 5.8304208192909615E-025
49853.6 5.7827945178265871E-025
51288.7 5.7336819853291188E-025
40436.9 5.6077335603901488E-025
67727.8 5.5476558782276928E-025
48086.9 5.5137474153990490E-025
49794.3 5.4560066695841759E-025
46266.6 5.3726261474884005E-025
44805.5 5.3238615250083208E-025
46134.9 5.2849073576054791E-025
32369.5 5.2407530784137716E-025
39552.8 5.2182669748536005E-025
55671 5.1797484236556946E-025
47413.4 5.1475017047801465E-025
37127.5 5.1264639546707834E-025
40685.6 5.0702529819799252E-025
37816.7 5.0147594423176647E-025
35056.9 4.9416797661112065E-025
64068.6 4.8747996581612454E-025
30789.7 4.8319854383236447E-025
28644 4.8075090412038306E-025
50348.3 4.7935465715344772E-025
74590.7 4.7360197999295790E-025
37017.4 4.6968835739700471E-025
54372.3 4.6147049286822261E-025
37180.9 4.5927126137320843E-025
43651.3 4.5349756429561876E-025
52404.9 4.4988697421506758E-025
35729.9 4.4690444759074302E-025
52351.3 4.4025379266454271E-025
42845.9 4.3785863817575653E-025
39627.2 4.3516296828530981E-025
24574.9 4.2846886738519673E-025
49142.2 4.2541945735235811E-025
54792.8 4.2258319459576911E-025
33585.8 4.1273963173405706E-025
45680.3 4.1040737077852479E-025
19972.6 4.0809633190806657E-025
59134.2 4.0130406705772918E-025
44786.4 3.9842850548476943E-025
40245.2 3.9404165016872625E-025
36129.6 3.8892532682249234E-025
41155.4 3.8431462728657002E-025
57638.9 3.7788145051042716E-025
30528.8 3.7460628462562262E-025
50730.1 3.6800640658179718E-025
25605.9 3.6574454911643639E-025
51083.7 3.6203986447187579E-025
59138.7 3.5738944554580597E-025
23384.9 3.5571239054600126E-025
47041.4 3.5130427607095281E-025
19494.4 3.4791124308148003E-025
29760.4 3.4620542510998773E-025
45783.1 3.4153661277141149E-025
45566.8 3.3790335077729873E-025
45394.5 3.3638265159064242E-025
61222.1 3.3218622058416680E-025
24895.1 3.2618860795732774E-025
37744.8 3.2420949072809367E-025
48831.2 3.2121403875022261E-025
55705.1 3.1862141077629484E-025
49725.8 3.1674555096893026E-025
52934.4 3.1506616037923226E-025
32028.4 3.1266556913845380E-025
78403 3.0909385677956775E-025
43565.3 3.0604448062481822E-025
72826.7 3.0281650173520612E-025
40999.8 2.9617477891366044E-025
47112.2 2.9424715915689887E-025
42830.5 2.9146804721322331E-025
34461.4 2.8728987088374682E-025
66955.2 2.8512029371660717E-025
34595.8 2.8251131535981731E-025
40175.7 2.8037403953021055E-025
52607.8 2.7799900441037926E-025
31441.8 2.7610102758759124E-025
36542.8 2.7301185687361939E-025
43131.2 2.7069266635785741E-025
45048.7 2.6875469376306651E-025
39193.1 2.6453395777239716E-025
41407.1 2.6263456502288609E-025
19869.2 2.6130195534814427E-025
42714.8 2.5882354433526103E-025
55493.5 2.5657739145869791E-025
44648.6 2.5522330000413057E-025
24585.3 2.5315413926795543E-025
41547.9 2.5063270531901479E-025
39656.3 2.4583630940654398E-025
38332.3 2.3967145657848057E-025
49172.4 2.3888712691664304E-025
36087.4 2.3731890505530446E-025
59084.5 2.3604585561458974E-025
65758.6 2.3400663211151808E-025
24394.8 2.3220143615935774E-025
32551.1 2.3115827110954112E-025
42943.5 2.2767524866498242E-025
40021 2.2637702993174052E-025
31377.2 2.2454076256663238E-025
68020.5 2.2308979709477279E-025
37354.6 2.2127206664608369E-025
46685.6 2.2013986087254220E-025
60586.1 2.1801585863527563E-025
55435.2 2.1651873999493139E-025
34562.3 2.1406828207824856E-025
26651.1 2.1254337302644744E-025
53478.4 2.1147512406819615E-025
31645.1 2.1094406602757782E-025
49838.1 2.0953027715732192E-025
32651.9 2.0755057753766439E-025
44538.9 2.0542620368524820E-025
45704.8 2.0444402453255989E-025
32279.1 2.0297518082012848E-025
49419.7 1.9942386604419959E-025
33843.5 1.9765167020117423E-025
23275.9 1.9581441712277264E-025
47050.9 1.9447705333903838E-025
46733.2 1.9297172907163698E-025
42682.8 1.9212433823567247E-025
63083.7 1.8798156056504573E-025
33638.7 1.8512850280674468E-025
40383.3 1.8422841623660398E-025
32320.6 1.8308862434616114E-025
30677.1 1.8082667534364408E-025
47404.3 1.7916767994895765E-025
42389.2 1.7844255355393477E-025
59255.4 1.7578779083555366E-025
55575.9 1.7419016650975785E-025
29995.2 1.7311839742275526E-025
34281.5 1.7090490587906214E-025
48961.2 1.6980765302361654E-025
67838.9 1.6767027162402789E-025
33831.6 1.6565745110450287E-025
54988.5 1.6466374235817776E-025
46323.5 1.6356066063544452E-025
37453.7 1.6200353552600678E-025
55434.7 1.6089541511168339E-025
28312.2 1.5947461009586790E-025
30869.3 1.5850048655820742E-025
43085.4 1.5577632428874666E-025
43299.6 1.5473987832921431E-025
58728.6 1.5322442395649513E-025
56481 1.5259736361451518E-025
25698.5 1.5156630559056000E-025
75941.5 1.5024855270271287E-025
47078.4 1.4966269228150662E-025
50957.5 1.4830292154148087E-025
48919.2 1.4719376237496644E-025
67492.7 1.4640449274034311E-025
45771.3 1.4433165748824804E-025
67364.7 1.4345951703137564E-025
78890.4 1.4264496442338991E-025
51993.7 1.4072362682440550E-025
58011.6 1.3989133507334766E-025
43696.2 1.3803034070892662E-025
29568.6 1.3610502771859239E-025
37649 1.3578010619192261E-025
73877.8 1.3373120548818628E-025
48838.8 1.3198339745313260E-025
36932.6 1.3114530940324892E-025
38696.7 1.2998482714442028E-025
78329.1 1.2915389153320423E-025
31937.9 1.2791722644242352E-025
53604.9 1.2694349303941723E-025
70913.9 1.2610867981180975E-025
63328.6 1.2476158601197672E-025
45050.3 1.2326616974448896E-025
45151.2 1.2246863308090582E-025
63245.9 1.2179508318039332E-025
69935.8 1.2026970238709723E-025
32941 1.1948836596764611E-025
69166.2 1.1865225112321068E-025
29354.2 1.1807276433508879E-025
32786.2 1.1697243109272134E-025
35660.5 1.1658949006185112E-025
39347.1 1.1561668811705527E-025
41611.2 1.1458222954796635E-025
42157.9 1.1359125244956996E-025
37367.1 1.1301108756884613E-025
40400.4 1.1242343532975607E-025
37563.1 1.1085499428976358E-025
69276 1.0976502152256714E-025
36733.7 1.0924458262314077E-025
60954.3 1.0876084773567429E-025
82698.7 1.0809772376924720E-025
71618.2 1.0745838518763135E-025
80203.8 1.0671071055126307E-025
52136.9 1.0592591079771379E-025
55480 1.0449856692488160E-025
43268.2 1.0341244325014740E-025
51946.3 1.0272203207760697E-025
62826.6 1.0189928592620467E-025
38558.8 1.0168927626187202E-025
34974.7 1.0123442855715471E-025
47996.3 1.0061795606361060E-025
45921.4 9.9572745060404276E-026
43744.8 9.8899116876026412E-026
42538.9 9.8313335985340906E-026
78664.8 9.7511344591021571E-026
71707.7 9.7105712602189855E-026
42518.4 9.4748355175046450E-026
56620.8 9.3361681282159891E-026
61405.2 9.2544048877428220E-026
30831.4 9.1936570754525027E-026
44372.8 9.1294996530591449E-026
57991.9 9.0704149081208737E-026
34735.1 8.9912103382965817E-026
63325 8.9158167824941357E-026
57617.5 8.7800036166524109E-026
70854.8 8.6515563734232629E-026
68666.6 8.5739193811261243E-026
55104.6 8.5364941512476651E-026
33976 8.4899493277150521E-026
50156.9 8.4589857913561550E-026
44050.3 8.3813111716432893E-026
73278.2 8.3281734054708770E-026
31302.3 8.2226889866512190E-026
23981.6 8.1869742496821964E-026
58464.9 8.0933916819588818E-026
55919.8 8.0477190466878456E-026
58145 7.9781763753537887E-026
63020.5 7.9174041974788391E-026
81669.3 7.8289705532163284E-026
53774.9 7.7840544517341785E-026
45826 7.7321108876320240E-026
51536.9 7.6470579846928291E-026
80272.4 7.5869791892092694E-026
41325.6 7.5185455287495359E-026
35213.7 7.4674504615231642E-026
50343.5 7.4277777214068693E-026
29566.1 7.3724011317760750E-026
48836.4 7.3275865488298734E-026
26014.7 7.2799533844862862E-026
31451.1 7.1614403280418381E-026
60200.6 7.1264789050565860E-026
75174 7.0759310801817036E-026
45306 7.0237285165881091E-026
49016.2 6.9688945614933919E-026
64055.3 6.9428657281921375E-026
70621.3 6.9053599314250800E-026
48537.5 6.8756651594419126E-026
38198.3 6.8226792182266385E-026
32045.1 6.7798111572195401E-026
60074.9 6.7418447924498586E-026
55589.8 6.7187792842713029E-026
37502.2 6.6725397927972097E-026
58863.3 6.6004826408569717E-026
68409.3 6.5527327797313684E-026
78015.9 6.5222660284139315E-026
21845.4 6.4700864227805697E-026
61656.3 6.4454154237485176E-026
73943.9 6.3867018992787592E-026
30481.1 6.3386143618778869E-026
38513.3 6.2951386045355061E-026
48118.3 6.2311774851343818E-026
54239.9 6.2005889803922510E-026
39034 6.1482207165094837E-026
45887.3 6.1109451933076087E-026
72502.7 6.0851634710159696E-026
70166.5 6.0350600055658637E-026
67448.2 6.0100255648995064E-026
46945.7 5.9886339617093782E-026
43676.9 5.9691114744379064E-026
