# long range Heisenberg model
# L = 18, J = 1.0, Delta = 0.50, Alpha = 2.7
# Contribution of Si to the sum rule for spin conductivity vs corresponding frequency
# omega_i, Si  

102.421 0.73789815265802439
440.239 0.12210270085179681
969.891 4.3007253272193360E-002
1590.6 2.1789088054810914E-002
2112.11 1.3313041142418566E-002
2617.54 9.0723248229090791E-003
2971.18 6.5902094445123094E-003
3402.98 5.0282566498495648E-003
3845.98 3.9545632732725803E-003
4366.72 3.2054184516650728E-003
4766.37 2.6503634699056506E-003
5232.77 2.2249413254997875E-003
5737.46 1.9015868511870662E-003
6251.23 1.6413921625047978E-003
6686.49 1.4365267054234554E-003
7311.08 1.2677219537327873E-003
7870.29 1.1281678077460801E-003
8381.44 1.0100645326281169E-003
8807.97 9.1044020073453207E-004
9279.9 8.2581357926873118E-004
9838.39 7.5340021455429630E-004
10253.6 6.8993538628754516E-004
10821.2 6.3494854665723801E-004
11274 5.8645385675412513E-004
11952.2 5.4346145892353445E-004
12245.9 5.0549233221976902E-004
12770.8 4.7157211089595178E-004
13149.1 4.4135577655737477E-004
13693 4.1445188596468522E-004
14146.8 3.8966323428780883E-004
14561 3.6743321106262605E-004
14959 3.4721055464849031E-004
15518.8 3.2861566226625831E-004
15562.5 3.1187659209988957E-004
16151 2.9623878989390023E-004
16453.2 2.8177733874747466E-004
16866.6 2.6852412500414063E-004
17369.4 2.5634844540563950E-004
17388.6 2.4503458216305874E-004
17660 2.3459315961170702E-004
18489 2.2471631663161366E-004
18500.3 2.1555926862264422E-004
18690.5 2.0682695161798487E-004
19230 1.9882241277840475E-004
19695.3 1.9137981169702127E-004
19816.9 1.8429948985867215E-004
19951.2 1.7767051546142772E-004
20509.4 1.7145160428985794E-004
20636.8 1.6554792087398104E-004
21031.8 1.5992420528843367E-004
21416.6 1.5461256370838782E-004
21458.5 1.4957611331302390E-004
22160.4 1.4477370325701223E-004
22474.4 1.4026572376786323E-004
22220.4 1.3596474752480925E-004
22754.2 1.3190742721341288E-004
22788.5 1.2799211886432729E-004
23262.4 1.2423996261883287E-004
23161.6 1.2072306790368170E-004
23719.7 1.1733598928640136E-004
23808.2 1.1414326496026725E-004
24072.4 1.1104814306957196E-004
24136.3 1.0805941911942706E-004
24686.5 1.0522873705017960E-004
24904.3 1.0250255298010462E-004
24905.1 9.9859148959958010E-005
25262.5 9.7365493991194223E-005
25396.6 9.4951762269391386E-005
25718.5 9.2650692655806452E-005
25759.2 9.0396703838861034E-005
26146.4 8.8242008668225005E-005
26467.4 8.6169830711602067E-005
26268.9 8.4178496393462948E-005
26522.4 8.2259717745028233E-005
26787.9 8.0404154101485734E-005
26944.1 7.8610428745797133E-005
27385.9 7.6886318632955018E-005
27572.4 7.5237162595942662E-005
27311.2 7.3613173987934318E-005
27827.5 7.2045622931333082E-005
27857.1 7.0551973278464600E-005
28325.8 6.9100975843889038E-005
28525.9 6.7685272370660395E-005
28330.2 6.6326077009787858E-005
28723.7 6.5013068977504260E-005
28861.2 6.3737943662777805E-005
29121 6.2482993248552107E-005
29419.6 6.1284206029626754E-005
29498.8 6.0104550805361559E-005
29433.5 5.8974868181393457E-005
29840.9 5.7867733554640350E-005
29585.4 5.6801235654360020E-005
29911.9 5.5752962680217583E-005
30133.8 5.4741148814117648E-005
30426.5 5.3758193104508345E-005
30400 5.2806615139527202E-005
30558.7 5.1865862258383372E-005
30876.1 5.0949196778945924E-005
31143.2 5.0056135277571673E-005
31003.6 4.9195343055995733E-005
31443.7 4.8365846620086457E-005
31429.3 4.7549077127687207E-005
31716.6 4.6749726327952673E-005
31938.4 4.5969724094423757E-005
31782.3 4.5217694400062744E-005
32041.7 4.4485546440179521E-005
32281.6 4.3766622603349668E-005
32189.9 4.3063644692401058E-005
32479 4.2377087363650396E-005
32530.9 4.1702843096826749E-005
32822.9 4.1039198489209726E-005
32752.4 4.0406980913295786E-005
32931.9 3.9784540227944611E-005
32824.2 3.9171672669366370E-005
32972.1 3.8579725700952122E-005
33278.1 3.7993128898894712E-005
33159.5 3.7427651459143167E-005
33631.5 3.6867296989504927E-005
33711 3.6325956398521579E-005
33667.2 3.5790387564958155E-005
33580.8 3.5274283369048449E-005
34182.4 3.4769704400319254E-005
34145.8 3.4274136053878996E-005
33977.9 3.3789155236617707E-005
34350.3 3.3313883081408214E-005
34382.9 3.2843321472296168E-005
34971.4 3.2379721800570387E-005
34686.4 3.1934914407176479E-005
34763.9 3.1490587422904351E-005
35082.8 3.1059393907977039E-005
35161.3 3.0636989315593954E-005
35582.1 3.0222355122224067E-005
35685.4 2.9816093638910489E-005
35526.4 2.9418969972396665E-005
35646.2 2.9028280813213341E-005
35586.2 2.8643912300334147E-005
35985.2 2.8271001521693356E-005
36151.5 2.7904072740632480E-005
35892.2 2.7545402857529780E-005
36134.5 2.7187216000606164E-005
36167.9 2.6847047361159891E-005
36438.5 2.6500005497741101E-005
36746.5 2.6168048404782275E-005
36760.7 2.5841812027887520E-005
36954.3 2.5520464030764876E-005
37235.8 2.5202932213282384E-005
36825.7 2.4889946754009837E-005
37215.9 2.4584136650583116E-005
37404.2 2.4284154890556032E-005
36927.2 2.3991605799380486E-005
37448.8 2.3699021141492821E-005
37499.1 2.3412241510491834E-005
37929.3 2.3132753596930191E-005
37843.4 2.2857596299261896E-005
37786.5 2.2590304229457187E-005
37779.6 2.2326546436617081E-005
38150 2.2062999004853335E-005
38011.2 2.1807033306760141E-005
38213.3 2.1553774568945735E-005
38671 2.1308153810550325E-005
38579.7 2.1066566489021576E-005
38353.3 2.0827286297492917E-005
38492.8 2.0587329189944402E-005
38538.1 2.0356109552509079E-005
39033.4 2.0127090730565461E-005
39141.6 1.9900991630449682E-005
39027.1 1.9683100524038323E-005
38915.5 1.9464744411699565E-005
39023.7 1.9250376582971194E-005
39439.8 1.9036853086640881E-005
39376.4 1.8828283650601949E-005
39387.9 1.8623568289125025E-005
39702.2 1.8419509533558969E-005
39553.3 1.8222836343283869E-005
40150.2 1.8027587858699384E-005
39666.6 1.7835171458187164E-005
39944 1.7647492536959022E-005
40204.6 1.7460051566729499E-005
40318.2 1.7275989005703864E-005
40489.5 1.7093959079750934E-005
40525.6 1.6915223636350520E-005
40272.6 1.6736553872720227E-005
40580.7 1.6562403506319396E-005
40762.3 1.6390197664138838E-005
40697 1.6221572529874254E-005
40670.5 1.6055044025655667E-005
40709.9 1.5890172656345559E-005
41105.7 1.5727832240167904E-005
41237.9 1.5568177115024148E-005
41236.6 1.5411848193032861E-005
41431.8 1.5257400892008244E-005
41659.4 1.5103661617616800E-005
41070.2 1.4952687437946711E-005
41585.3 1.4803859720404381E-005
41689.6 1.4657806935076659E-005
41311.8 1.4513238503124495E-005
42003.6 1.4371882136596566E-005
41920.8 1.4230824540287682E-005
41809.4 1.4089648872696486E-005
41863.9 1.3951527820292138E-005
42008.1 1.3815843780101048E-005
42317.2 1.3681365354955303E-005
42530.3 1.3549684351956492E-005
42303.8 1.3418949234697329E-005
42171.7 1.3289980756532512E-005
42281.5 1.3162576594280236E-005
42979 1.3038133689054089E-005
42627.8 1.2913614989414188E-005
42830.1 1.2791670104001336E-005
42875.8 1.2670437866121359E-005
42694.9 1.2551582515198206E-005
43131.8 1.2433546216688541E-005
42766.7 1.2315670085999812E-005
43036.7 1.2201500863977457E-005
43198.9 1.2087832636141659E-005
42975 1.1977246775854355E-005
43425.1 1.1867464156688033E-005
43057.4 1.1759113101391121E-005
43062.1 1.1651721981051003E-005
43482 1.1546851101037184E-005
43277.1 1.1442010943496294E-005
43766.8 1.1339169525739769E-005
43484.3 1.1237010553242958E-005
43835.4 1.1136782815697443E-005
43718 1.1037660111584070E-005
43934.4 1.0939338330041129E-005
44205 1.0841834628577477E-005
44339.7 1.0746593773469998E-005
44310.5 1.0650688047484330E-005
44251.9 1.0555990166121451E-005
44443.1 1.0462501615790816E-005
44251.5 1.0370037053101412E-005
45025.6 1.0278453293818714E-005
44700.5 1.0188632669561474E-005
44725.4 1.0100256962646101E-005
44714.3 1.0012942743084954E-005
44441 9.9258030480200636E-006
45249.5 9.8400573285321707E-006
45210.3 9.7549215728736098E-006
45055.4 9.6716953936094468E-006
45266 9.5888493351557409E-006
45180.7 9.5065497965177372E-006
45393.7 9.4257794027792839E-006
45275.4 9.3464147248062700E-006
45193.5 9.2671727625547804E-006
45395 9.1891704356915233E-006
45334.4 9.1101814311962378E-006
45408 9.0332950488875993E-006
45926.8 8.9568032753696491E-006
46101.8 8.8821584834665565E-006
45792.4 8.8087017698577411E-006
45766.9 8.7350354686092578E-006
45980.7 8.6626960953620592E-006
45988 8.5912322516116224E-006
45877.3 8.5209119534720393E-006
45936 8.4518421088463434E-006
46596.2 8.3821490736376796E-006
46388.7 8.3130464259013413E-006
47012.6 8.2450742085273759E-006
46546.3 8.1769965890608238E-006
46844.4 8.1105627458478425E-006
46672.4 8.0444794271396942E-006
46358.3 7.9789612013695295E-006
46799.1 7.9150164946117420E-006
46779.4 7.8512932760432888E-006
46740.3 7.7885843809460680E-006
46932.6 7.7262083261378078E-006
47093.6 7.6647882304119745E-006
47252.6 7.6042396200459711E-006
46940.6 7.5431969406300980E-006
47685.8 7.4839516746901384E-006
46953 7.4256882605877419E-006
46980.7 7.3670148627939891E-006
47909.1 7.3090335601676537E-006
47456.2 7.2512090425920859E-006
47527.5 7.1940736764699348E-006
47852.3 7.1379044162588920E-006
47469.2 7.0819165967337656E-006
47935.1 7.0262068728203862E-006
47463.9 6.9705776183907614E-006
47920.9 6.9165728516707864E-006
47923.7 6.8627188745856996E-006
47529 6.8095271872977018E-006
48379.1 6.7562769971915839E-006
48395 6.7043524962165238E-006
48216.8 6.6529712587199994E-006
48613.9 6.6018756584207855E-006
48633.6 6.5510344114055382E-006
48668.3 6.5011861465212768E-006
48594.5 6.4516216905592602E-006
48609.6 6.4020596518452266E-006
48622.7 6.3528197196448754E-006
48727.8 6.3044002965922009E-006
49034.8 6.2569008865954737E-006
48781.1 6.2096210549527665E-006
48705.6 6.1626974761598284E-006
49022.2 6.1163151878628677E-006
48589.7 6.0704823664520000E-006
49318.3 6.0245113204953763E-006
49077.6 5.9797138491038346E-006
49071.9 5.9349365026147521E-006
48950.3 5.8908262550610588E-006
49352.6 5.8467979731170479E-006
48947.1 5.8035778767688505E-006
49114.1 5.7602323543478796E-006
48999.3 5.7170734839784979E-006
49537.4 5.6746704945083764E-006
49761.9 5.6323398963247992E-006
49740 5.5907764100411841E-006
49723.1 5.5489067392226116E-006
49951.2 5.5082547143924838E-006
49789.7 5.4681929434676663E-006
49468.8 5.4283528503313172E-006
50214 5.3887528901695218E-006
49844.9 5.3496541127492694E-006
49859.9 5.3105832286441010E-006
50466 5.2720056232557136E-006
50111.2 5.2339290585311626E-006
50139 5.1963850165758356E-006
50361.8 5.1592846178142268E-006
50568.5 5.1222116934895984E-006
50531.5 5.0855193692993085E-006
50524.3 5.0485771921235750E-006
50318.7 5.0123788157331693E-006
50811.3 4.9759559347604923E-006
50321.5 4.9402893844206183E-006
50838.3 4.9048024951951736E-006
50524.4 4.8700758097985742E-006
50758.8 4.8353869296339540E-006
51085.1 4.8008880300427888E-006
51178.1 4.7668012064531484E-006
51006 4.7326927799893834E-006
51233.9 4.6989916137934439E-006
51252.8 4.6655245328630555E-006
51086.1 4.6328158552492491E-006
51819.2 4.6001317995118502E-006
50930.6 4.5678081953509748E-006
51527.4 4.5357549462039550E-006
51680.7 4.5041676280968158E-006
51269.8 4.4728386735260411E-006
51355.9 4.4414452828284652E-006
51730.9 4.4106493035818883E-006
51598.2 4.3800315213663061E-006
51811.2 4.3493795769613551E-006
51524.5 4.3192575895459319E-006
51945.4 4.2891799924493177E-006
52008.5 4.2597766744504175E-006
51950.6 4.2303505035826459E-006
51568.7 4.2009933186144417E-006
52030.1 4.1717519133753016E-006
52222.1 4.1431767681173750E-006
52198.2 4.1148575011050220E-006
52322.2 4.0864754985051972E-006
52028.8 4.0583252793041573E-006
51890.1 4.0305624732515744E-006
52541.4 4.0028438972468622E-006
52467.1 3.9753155099544623E-006
52004.8 3.9481990718857426E-006
52689.3 3.9210210584605633E-006
52607.3 3.8942175205681973E-006
52472.1 3.8673716154511667E-006
52742.1 3.8410395481788561E-006
52375 3.8149481174124123E-006
52805.2 3.7893447710292762E-006
52815.1 3.7636067346385679E-006
52914 3.7379957779828376E-006
53022.3 3.7126821926690517E-006
52675.4 3.6874808756091984E-006
53186.8 3.6625299452414063E-006
53094.9 3.6381281324270608E-006
53501.2 3.6137321366407363E-006
52994.1 3.5895239536280411E-006
53223.2 3.5657475642369640E-006
52983.6 3.5418552774707481E-006
53360.1 3.5180014711573821E-006
53742.6 3.4943257120938701E-006
53531.5 3.4710255012648176E-006
53562.6 3.4476065039329782E-006
53664.6 3.4243520479600038E-006
53469.4 3.4014808186826294E-006
53649.9 3.3786466301158632E-006
54082.4 3.3561756425717584E-006
53880.5 3.3336600566416934E-006
54009.7 3.3114220040402933E-006
53577.8 3.2897319340006573E-006
54004.3 3.2681474849789359E-006
53820.9 3.2465000423393177E-006
53884.4 3.2247162689092060E-006
53629.4 3.2035471420977777E-006
54188.2 3.1824227655086976E-006
54372.2 3.1616361329404193E-006
54283.8 3.1409239439561338E-006
54470.8 3.1203587859808579E-006
54149 3.0999726416739212E-006
54417.1 3.0795422729271876E-006
54548.9 3.0593183733942508E-006
54967.9 3.0396161463909904E-006
55218.3 3.0199648105146842E-006
55147.4 3.0003707775162681E-006
54948.6 2.9808936927751123E-006
54874.5 2.9615806894983471E-006
55018.7 2.9424162971773548E-006
55241.9 2.9233518095014836E-006
55022.1 2.9042054518707736E-006
55370.7 2.8853887151432652E-006
54917.2 2.8665399414435589E-006
55411.5 2.8482994395751494E-006
55267 2.8300385594895946E-006
55110.8 2.8117577834853683E-006
55132.8 2.7936765174298788E-006
54959.2 2.7756524759315296E-006
55924.6 2.7576913091930189E-006
55272.3 2.7399082490122180E-006
55696.6 2.7223178140313409E-006
55762.4 2.7048755333648110E-006
55999.3 2.6875789209300770E-006
55747.2 2.6701898896486002E-006
56330.8 2.6529160928590375E-006
55863.1 2.6359342576897128E-006
56148.3 2.6188912313136318E-006
55993.6 2.6023505303335546E-006
55899.6 2.5856993052702586E-006
56163.3 2.5692605051226439E-006
55998.5 2.5526481745588867E-006
55794.2 2.5362526507982808E-006
56017.3 2.5201090685416628E-006
56391.3 2.5040701500653823E-006
56642.1 2.4882101034026533E-006
56802.6 2.4726454891860173E-006
56453.3 2.4568972974295397E-006
56485.4 2.4415280729195936E-006
56124 2.4261226472979020E-006
56826.2 2.4107415392951695E-006
56513.4 2.3953760904961706E-006
56606.1 2.3802494733842941E-006
56778 2.3651125685292540E-006
56947.2 2.3500267198944426E-006
56718.4 2.3353883032902241E-006
56814.3 2.3207338680176671E-006
57202 2.3061265706275983E-006
56532.4 2.2915053670065489E-006
57260.5 2.2770276607311812E-006
57021.8 2.2627184265317144E-006
56902.2 2.2486367438441178E-006
56852.7 2.2344671638135649E-006
57059.5 2.2203833475301094E-006
57038.8 2.2064148550549093E-006
57354.6 2.1924353658197680E-006
57279 2.1786335656578091E-006
57102.8 2.1649955945632654E-006
57571.7 2.1515083391192329E-006
57511.6 2.1380579702559227E-006
57515.7 2.1246819542966294E-006
57509.4 2.1116119817070679E-006
57326.7 2.0983499713702296E-006
57716.2 2.0854595687533630E-006
57655.6 2.0724081903030041E-006
57893.4 2.0597110236796146E-006
57618.3 2.0468805951248512E-006
57719.5 2.0342503674255563E-006
58155.3 2.0217485655724587E-006
58432 2.0093954638204263E-006
58040.4 1.9969121712494492E-006
58379.1 1.9846469457821794E-006
58479.1 1.9724503650859099E-006
58408 1.9603606465046369E-006
58705.9 1.9482761656711939E-006
58436.9 1.9363386912697807E-006
58565.4 1.9243320015472759E-006
58212.5 1.9125607524537675E-006
58588.7 1.9007789417602511E-006
58622.4 1.8890667653164982E-006
58532 1.8774246640818438E-006
58569.5 1.8658246761919094E-006
58703.7 1.8544149792155379E-006
58761 1.8429443928075867E-006
59208.1 1.8314612191016194E-006
58577.7 1.8201854149545396E-006
58560.1 1.8091113746285780E-006
59226.2 1.7980796544097648E-006
59174.2 1.7869537247284965E-006
58983.8 1.7758993527103599E-006
59265.2 1.7650466936713356E-006
59582.9 1.7542562407504163E-006
59071.9 1.7435543243476973E-006
58896 1.7330377448389189E-006
59428.8 1.7225258478234135E-006
59301 1.7120133355926415E-006
59632.5 1.7015505855632474E-006
59560.4 1.6911523109121158E-006
59222.9 1.6808138858873491E-006
59527.7 1.6707007492868107E-006
59425.8 1.6605400718843592E-006
59966.5 1.6504872415869789E-006
59673.5 1.6404718139178645E-006
60079.7 1.6305456341239714E-006
59402.9 1.6207077988491462E-006
59540.1 1.6108438368699125E-006
60242.1 1.6009712548566617E-006
59948.8 1.5911539475619649E-006
59925 1.5815609081833533E-006
60057.4 1.5719458323768314E-006
60444.9 1.5623760905920385E-006
60406.8 1.5530131736276121E-006
59919.4 1.5435634538706252E-006
60237.5 1.5343170337403730E-006
60022.3 1.5250684218445011E-006
60276 1.5159080507977877E-006
60660.9 1.5065769428053571E-006
60807 1.4975375726484151E-006
60628.9 1.4886024341384611E-006
61086.3 1.4796597603239123E-006
60475 1.4707907120063834E-006
60712.9 1.4620368187737249E-006
60788.7 1.4532999292467604E-006
61177.3 1.4446263337720045E-006
60836 1.4358581999190138E-006
60481.3 1.4272146799354793E-006
60783.8 1.4186756895273977E-006
61174.1 1.4101177495645307E-006
60796.2 1.4016146173131121E-006
60787.7 1.3931858885453648E-006
60993.2 1.3848345375520477E-006
61124.4 1.3766397251124653E-006
61405.7 1.3684660289697099E-006
60893.7 1.3602141100637063E-006
61128.1 1.3519478624738500E-006
61897.5 1.3438686243050499E-006
60997.9 1.3357211351998366E-006
61787.6 1.3276722433663132E-006
61804.4 1.3198080670568738E-006
61556.1 1.3119391664604493E-006
61323 1.3040142213798531E-006
61445.7 1.2961639329874145E-006
61948.8 1.2883483394485471E-006
61667.5 1.2806014574521768E-006
62118 1.2729302977050931E-006
62246.5 1.2652887029569688E-006
62014.5 1.2578150354447218E-006
62646.1 1.2503631913440391E-006
61961.7 1.2428976989747855E-006
62219.2 1.2355053272459807E-006
61752.1 1.2282134203827313E-006
62188 1.2208884752228752E-006
61838.2 1.2135424282931133E-006
62066.2 1.2063763828217855E-006
62176.2 1.1991358597821405E-006
62150.2 1.1919723593929921E-006
62604.2 1.1849759752799279E-006
62291.2 1.1779464617393478E-006
62921.3 1.1709646709836560E-006
61937.2 1.1639374562610455E-006
62279.3 1.1569231144388843E-006
62166.1 1.1500828217159712E-006
62523.4 1.1432244223652859E-006
62322.9 1.1363400302935839E-006
62550.3 1.1295690311501929E-006
63205.3 1.1228784320159083E-006
62700.4 1.1162212095517286E-006
62776.1 1.1095638721677294E-006
63061.5 1.1029662154590290E-006
62740.8 1.0965455576116241E-006
63380.3 1.0901381865753367E-006
62792.6 1.0837181570510475E-006
63296.2 1.0773462194230189E-006
63101.8 1.0709830788866584E-006
63359.5 1.0646272108124687E-006
62975.4 1.0583070517687061E-006
63190.9 1.0520810291352931E-006
63554.4 1.0457837324802313E-006
63274.9 1.0395143688698217E-006
63384.3 1.0333537668188985E-006
62775.4 1.0272458900767864E-006
63699.4 1.0210979777235387E-006
63897.8 1.0150778061779978E-006
63774.7 1.0090499290656954E-006
63450.8 1.0029986363824209E-006
63709.2 9.9706052571443778E-007
63207.2 9.9118557998911089E-007
63634.5 9.8533362042920779E-007
63851 9.7950462580825562E-007
63941.4 9.7369050739886471E-007
63589.4 9.6797122543062435E-007
64070.6 9.6225380634769243E-007
63682.1 9.5654966279011002E-007
63931.5 9.5098547690195035E-007
63880.5 9.4531381222703077E-007
64122.7 9.3975547257362133E-007
64577.4 9.3415910366433003E-007
64311.5 9.2867255094367353E-007
64748 9.2322590713182815E-007
64956.1 9.1781528164913448E-007
64541.7 9.1239884828175936E-007
64247.4 9.0693360933998399E-007
64746.8 9.0161341350989872E-007
65282.8 8.9633654880302314E-007
64561.9 8.9103315340095025E-007
64514.2 8.8576006784476792E-007
65290.8 8.8048706153331952E-007
65011.6 8.7531880437065826E-007
65280.3 8.7019036383460256E-007
64791.5 8.6507633118932880E-007
65062 8.5991932425119220E-007
64993.1 8.5487553897925993E-007
64825.6 8.4982987337318074E-007
65182.9 8.4476275119432940E-007
64633.7 8.3973459255705386E-007
64991.1 8.3477037422950764E-007
65254.5 8.2986839431150749E-007
65832.8 8.2504995291087507E-007
65453.9 8.2015001484724221E-007
65404.2 8.1527875890597117E-007
65787.8 8.1049242992793251E-007
65477.8 8.0573055207470581E-007
65568.4 8.0099678380155756E-007
65644.5 7.9628160787344490E-007
65458.5 7.9156049266318817E-007
65753.1 7.8691240478549424E-007
65429 7.8222479110802819E-007
65786.1 7.7764435864181110E-007
65866.4 7.7303269708046037E-007
66549.5 7.6844904444715394E-007
66170.1 7.6395199378366052E-007
65861.6 7.5938857878177144E-007
66301.7 7.5493808299186112E-007
66615 7.5043192585439898E-007
65732.5 7.4603582317243988E-007
66610.4 7.4161674562643358E-007
66174.1 7.3722481695035279E-007
66582.4 7.3282482731303517E-007
66035.4 7.2846190417433672E-007
66851.3 7.2413918163079562E-007
66281.7 7.1980184705516927E-007
66823.9 7.1556832269893278E-007
66578.7 7.1130191064921467E-007
66451.3 7.0708696975045439E-007
66530.5 7.0292980049247488E-007
66360.5 6.9878909593830871E-007
66868.4 6.9467366885717477E-007
66098.8 6.9059357909152393E-007
66663 6.8648381419383328E-007
67329.5 6.8244923422338069E-007
66715.9 6.7841540827281378E-007
66765.1 6.7437078547273498E-007
66439.1 6.7036502022843698E-007
66974.6 6.6639367024958239E-007
66864.5 6.6247848343299730E-007
67390.6 6.5855781406664540E-007
67521.9 6.5467614904310735E-007
67348.8 6.5081963045818716E-007
67297.7 6.4695078879793839E-007
67529.4 6.4309927719465554E-007
67463.5 6.3928252116553679E-007
67340.1 6.3547514789615582E-007
67765.2 6.3173783093106373E-007
67323.9 6.2801418920801422E-007
67180.8 6.2428108326731935E-007
67565.1 6.2057388043023879E-007
68159.7 6.1686597155595366E-007
68001.5 6.1327903449754089E-007
68041.7 6.0961328526587641E-007
67718.8 6.0599417208139048E-007
68094.2 6.0241602754403884E-007
67635.1 5.9886826974402716E-007
68444.4 5.9527705663784178E-007
68096 5.9172064212036106E-007
68080 5.8817081594014235E-007
67865.9 5.8469622612885262E-007
67902.7 5.8117566627450408E-007
69291.9 5.7770118093573173E-007
68172 5.7425042450539301E-007
68270.7 5.7080627598086108E-007
68616 5.6738818316460251E-007
68202.8 5.6397078343577793E-007
68696.8 5.6065573084140739E-007
68731.6 5.5733974288413712E-007
68692.3 5.5396354989995348E-007
69026 5.5067070464895239E-007
68585.6 5.4738883032173379E-007
69240.2 5.4411068803579352E-007
68697.8 5.4088544372391460E-007
69268.8 5.3762492366071962E-007
68746 5.3441325062986790E-007
68975 5.3119321904602879E-007
68217.5 5.2802553543855443E-007
69150.4 5.2487736915148561E-007
68688.4 5.2171217708241995E-007
69575.9 5.1854048957576356E-007
69142.6 5.1544184097516936E-007
69484.4 5.1233702788427297E-007
69434.2 5.0926653939582675E-007
69372 5.0620593563652774E-007
69755.3 5.0321470433876170E-007
69449.7 5.0014386624446490E-007
69404.7 4.9713404798985225E-007
69743.5 4.9415658593356279E-007
69918 4.9115711116514465E-007
70191.1 4.8817322497699957E-007
69838.8 4.8522661538487781E-007
69877.1 4.8230688958489735E-007
69654 4.7941415850668899E-007
69800.6 4.7648947715615413E-007
70060.8 4.7355723572399521E-007
70177.5 4.7070850183877446E-007
70606 4.6780686288563748E-007
70192.1 4.6496218075806248E-007
70280.9 4.6212415010557681E-007
70823.4 4.5933359608185699E-007
70179.5 4.5655609109398091E-007
70133.9 4.5375553102544328E-007
70768.7 4.5099779406150449E-007
70740.3 4.4827936576194670E-007
71201 4.4552750196200362E-007
70714.1 4.4282835880034293E-007
71198 4.4010527154262592E-007
70840.9 4.3738647880435833E-007
71231.6 4.3469654138745393E-007
70528.2 4.3205399432621652E-007
70805.7 4.2939318902545459E-007
70893.1 4.2676856095725816E-007
70914.7 4.2418587092956926E-007
71225.6 4.2155928354270139E-007
71247.1 4.1899024159333223E-007
71141.5 4.1642197236216839E-007
71094.4 4.1388867702663757E-007
71258.3 4.1137890593110189E-007
71409.1 4.0884898709572377E-007
71731.2 4.0630342393954033E-007
71111.5 4.0381646020329288E-007
71212.8 4.0134556358933294E-007
71347.4 3.9888645255116459E-007
71591 3.9641949365897883E-007
72039.8 3.9399703504365984E-007
71530.2 3.9158791685084082E-007
71384.2 3.8919641690537752E-007
71456.5 3.8682320046164591E-007
71842.7 3.8441883335836942E-007
71869.5 3.8204517504454136E-007
72006.9 3.7969388297718986E-007
71925.1 3.7737718276993712E-007
72318.6 3.7511475548935583E-007
72024.7 3.7275916869298006E-007
72244.3 3.7047813965325753E-007
71156.9 3.6821551234469087E-007
72298 3.6589795631608200E-007
72215.4 3.6362796706731627E-007
72369.4 3.6134061772967552E-007
72365.6 3.5911088133883288E-007
72175.7 3.5687803502805545E-007
73377.3 3.5465441047549531E-007
72127.9 3.5243685909459620E-007
72596.1 3.5024628507140125E-007
72382.5 3.4805284171871193E-007
72621.1 3.4588931710662948E-007
72729.9 3.4371503038575880E-007
72926.1 3.4158065334611874E-007
72421.9 3.3944436249053734E-007
72847.6 3.3733861670708737E-007
72535.4 3.3525557164225667E-007
72798 3.3316458136924093E-007
72549.3 3.3106485689993491E-007
72591.2 3.2901572993775656E-007
73788 3.2696941253936105E-007
73344.2 3.2488658274385960E-007
73346.7 3.2282803068102083E-007
73451.9 3.2080958166796466E-007
73356.7 3.1878521872827192E-007
73479.7 3.1676578382191085E-007
73268.1 3.1478935582903569E-007
73820.8 3.1280347812743771E-007
73655.6 3.1084374056836409E-007
73064.2 3.0886937910255802E-007
73460.9 3.0692669316709163E-007
73770.2 3.0500662460479686E-007
73495 3.0307956977835727E-007
73937.6 3.0116552782085747E-007
74035.1 2.9924007277208215E-007
74314.6 2.9732401222127488E-007
74005.5 2.9545060195153190E-007
73179.8 2.9357142728031384E-007
74372.5 2.9170490479542122E-007
74205.8 2.8989377827984910E-007
74426.6 2.8804663211626702E-007
74590 2.8621280371232419E-007
74062.6 2.8437227248221351E-007
74603.4 2.8254443586600313E-007
73983.7 2.8070915285843298E-007
74514 2.7894227725712335E-007
74831.9 2.7716213734925858E-007
74836.8 2.7538413082201712E-007
74930 2.7361588934694295E-007
74690.3 2.7183698632673703E-007
75256 2.7007670362281824E-007
75592.7 2.6831060450947377E-007
75750.2 2.6658868495526962E-007
74336.8 2.6484915748579225E-007
74848.9 2.6310719794409125E-007
74684 2.6142325783871337E-007
75332.4 2.5974829469791241E-007
75674.6 2.5807040607374753E-007
75216.2 2.5638527371487610E-007
75445.3 2.5471674357054751E-007
75300.1 2.5306509148721246E-007
75282.5 2.5139951222276566E-007
75305.8 2.4975851136261590E-007
75580.5 2.4812462885670557E-007
75687.9 2.4649724744647663E-007
75576.8 2.4489658501122766E-007
75597.2 2.4326818031512156E-007
75575.8 2.4167591913171950E-007
75951.6 2.4008350608420956E-007
76143.1 2.3849539579118425E-007
75901.7 2.3691938304180305E-007
76001.3 2.3537516256472243E-007
76823.9 2.3381000007510443E-007
76198.6 2.3225116699084479E-007
76641.7 2.3069276158256413E-007
76269.1 2.2919491770434479E-007
76251.8 2.2770370868713979E-007
76104.3 2.2619420776568115E-007
76035.6 2.2469683165051367E-007
76188.2 2.2322569654097289E-007
76629.7 2.2175399569986550E-007
76862.9 2.2029464932584682E-007
76441.7 2.1882483569870465E-007
76848.7 2.1737021684810435E-007
76123.5 2.1592562131400570E-007
77092.5 2.1450218394778566E-007
77074.2 2.1308336096943346E-007
77191.4 2.1164395946990222E-007
76689.6 2.1023106996772229E-007
76755 2.0881403453495509E-007
77286.5 2.0740803040933942E-007
76950.2 2.0602534914036436E-007
76691.2 2.0464770667623901E-007
77173.9 2.0325232180598345E-007
77070.7 2.0186818363642315E-007
77446 2.0050337954324755E-007
77970.2 1.9914643399344835E-007
77297.8 1.9779397190365128E-007
77854.3 1.9646453200461887E-007
77587.4 1.9513893368057581E-007
77272.1 1.9379307895951716E-007
77837.1 1.9248764186671867E-007
77852.1 1.9117398469326252E-007
77919.5 1.8985944015732508E-007
77522.8 1.8858080956035299E-007
78191.7 1.8728249310702596E-007
77932.5 1.8599446270162079E-007
77891.5 1.8470828400486100E-007
77859.3 1.8342206446015674E-007
78457.7 1.8214454062024077E-007
78235.7 1.8087936692797414E-007
78264.6 1.7962313865643615E-007
78916 1.7836396953986655E-007
78755.2 1.7713407870091955E-007
77734.5 1.7589864080890084E-007
77924.9 1.7466927020578918E-007
78686.2 1.7345646933101372E-007
79207.7 1.7226150550343609E-007
78444.6 1.7106758220545470E-007
78756.9 1.6988155977848908E-007
79244.6 1.6870084098412065E-007
78639.7 1.6752504732666792E-007
78786.5 1.6633711860628733E-007
79235.6 1.6518487934278091E-007
79347.2 1.6401986705474975E-007
79620.2 1.6286480628908438E-007
78884.3 1.6171303483336287E-007
79403.2 1.6057701021628007E-007
79120.7 1.5945115583046029E-007
78981.8 1.5834127318318899E-007
78930.9 1.5721860309325429E-007
79328.2 1.5607643080309454E-007
78864.9 1.5497524766086645E-007
79682.4 1.5387739296096832E-007
79508.8 1.5278661157081672E-007
79821.5 1.5168575954919366E-007
79698.6 1.5061869420913996E-007
79857.8 1.4952920577535005E-007
79913.4 1.4846232892060898E-007
79714.4 1.4740175457168423E-007
79001.6 1.4635204415960236E-007
80112 1.4530655279012759E-007
80116.9 1.4426217414854805E-007
80217.2 1.4320615553912040E-007
80106.5 1.4215691061217698E-007
79822.2 1.4111851242576080E-007
80742.4 1.4009340595046554E-007
80179.7 1.3907624809916338E-007
79940.2 1.3807442567187244E-007
80758.4 1.3706479625856760E-007
81058.7 1.3606318972485918E-007
81123.6 1.3506530230845336E-007
80429.5 1.3407787266786380E-007
81051 1.3311269815103098E-007
80691 1.3214875830774139E-007
80977.3 1.3118023929458692E-007
80485.1 1.3020327874568931E-007
81316.8 1.2925593553718555E-007
81051.9 1.2830811425185797E-007
81506.5 1.2735665258210145E-007
80964.8 1.2641943688159815E-007
81596 1.2548623536909770E-007
81409.1 1.2455303769654142E-007
81645 1.2363190046554721E-007
81633.6 1.2270378809235662E-007
82292.8 1.2179630282946612E-007
82023.2 1.2089243411639732E-007
81124.9 1.2000306036290883E-007
81615.4 1.1910683046604334E-007
81918.6 1.1819615987896949E-007
81854 1.1730370095690591E-007
82411.5 1.1641986577775304E-007
82508.2 1.1554078838057279E-007
82502.3 1.1467084109110243E-007
82176.9 1.1380191080515017E-007
82253.3 1.1294781926231179E-007
82521.8 1.1208060249346437E-007
82210.7 1.1124040467486772E-007
81835 1.1039691652966409E-007
82880.4 1.0956546557284517E-007
82081.2 1.0873403355769225E-007
82369.4 1.0790453766721618E-007
81938 1.0707245189946477E-007
82120.6 1.0626441342996791E-007
83168.5 1.0544530119660774E-007
83493.4 1.0464484070646427E-007
81989.8 1.0383333208264553E-007
82823.8 1.0304119750782504E-007
83506.8 1.0223801508804587E-007
83260.1 1.0143593369727929E-007
83108.9 1.0064235929620885E-007
83609.7 9.9861785287008629E-008
83189.2 9.9095219419977545E-008
83508.2 9.8321882315579655E-008
83066.8 9.7549290741907796E-008
83928.9 9.6796921933851238E-008
84080.7 9.6042769043951326E-008
83287.8 9.5296213159406823E-008
83587.5 9.4541098712063936E-008
83680.2 9.3787777269061515E-008
84279.6 9.3045292152711607E-008
84328.1 9.2310982519254609E-008
83918.1 9.1583874413418214E-008
83995 9.0864187055153653E-008
83902.6 9.0142314739049986E-008
84174.8 8.9420664873222031E-008
83958.7 8.8701489660287099E-008
83685 8.7993945449496456E-008
84195.6 8.7296267840311442E-008
83846.9 8.6593010807561738E-008
84712.3 8.5892238892763372E-008
83695.5 8.5191419034400016E-008
84520.7 8.4515348857458048E-008
84456.2 8.3831074171607931E-008
84851.9 8.3155829564465001E-008
85637 8.2483908979857874E-008
85297.2 8.1809846785827061E-008
84355.7 8.1129118894241405E-008
84602.3 8.0480980991974973E-008
85203.5 7.9823250420857908E-008
85539.9 7.9175676356001697E-008
85393.1 7.8530404888896226E-008
85006.7 7.7881742930462516E-008
84972.9 7.7239751384175796E-008
85671.5 7.6609999241035195E-008
85589.8 7.5986518642634079E-008
86261.8 7.5359130238129246E-008
85358.6 7.4736161270626765E-008
86900.3 7.4115812778275610E-008
86393.4 7.3501981999724562E-008
86477 7.2885484043410176E-008
86357.9 7.2279633043509755E-008
85635.1 7.1660185605847546E-008
86153.8 7.1063790950613972E-008
86338.3 7.0471114027157557E-008
86189.8 6.9881302958879531E-008
86115.6 6.9292020749341755E-008
86525.5 6.8706685002249974E-008
86022.5 6.8123579702934885E-008
87010.4 6.7530777881335210E-008
86652.6 6.6953106611578108E-008
86661 6.6391186510447295E-008
86793.8 6.5817526693327227E-008
86916.7 6.5253291523483347E-008
86492.4 6.4688917161877904E-008
87168.5 6.4137455271472005E-008
86602.5 6.3585683647991295E-008
87849.4 6.3035880846158939E-008
86380.3 6.2484138126638139E-008
87747.1 6.1938581012600699E-008
86740.7 6.1401542901202560E-008
87114.7 6.0868882764793681E-008
87928.8 6.0333277256121098E-008
88122.9 5.9811934062788930E-008
87566.4 5.9294882977630781E-008
87572.6 5.8770130733873579E-008
87726.1 5.8254451597298618E-008
87566.2 5.7730203536390929E-008
87559.6 5.7214793003854129E-008
87842.6 5.6706273258632421E-008
87661.3 5.6203003748494310E-008
87866.3 5.5704173687628724E-008
87532.9 5.5203828053971756E-008
88798.5 5.4706767468819591E-008
89031.7 5.4219091698266747E-008
88683.6 5.3726534082026345E-008
88620 5.3242397064684040E-008
88081.6 5.2759930083266040E-008
89034.7 5.2281917891347621E-008
89355.9 5.1813747853181777E-008
88828.3 5.1344515426781490E-008
87732.1 5.0872848927593741E-008
88273.7 5.0403032127998459E-008
88937.9 4.9941173005659043E-008
89333.6 4.9485934271970913E-008
88906.8 4.9028056118433972E-008
89634.3 4.8579743308575456E-008
89252.8 4.8128489423193211E-008
89047.7 4.7680939117407957E-008
89725.1 4.7237353158228300E-008
89462.7 4.6795394814062524E-008
89842.2 4.6357013182838676E-008
89585.8 4.5929862339617408E-008
89641.7 4.5494275826688667E-008
90032.6 4.5063175464831939E-008
90600.5 4.4642451557476103E-008
89412.9 4.4215155374276869E-008
90440.2 4.3800750199433520E-008
90593.9 4.3387702602171831E-008
90183.4 4.2971779464916977E-008
90726.2 4.2563422040219617E-008
90469.5 4.2154154427948075E-008
91160 4.1747672113098207E-008
90061.7 4.1345704213564690E-008
90742.3 4.0948422805159489E-008
89783.5 4.0557880928238472E-008
91843.2 4.0160055400413264E-008
90268.2 3.9775988848334249E-008
91018.4 3.9389361673693705E-008
90437.8 3.9001770022937606E-008
91280.2 3.8616324327503936E-008
91496.4 3.8235498885937175E-008
91817.6 3.7863485171679740E-008
91137 3.7482393683572305E-008
91314.1 3.7111528791315110E-008
91244.4 3.6734986071218993E-008
91543.3 3.6377810462957453E-008
91910.5 3.6017649323150338E-008
91307 3.5661012683569751E-008
91598.7 3.5308757116128734E-008
91915.5 3.4954342933563232E-008
91679.6 3.4599918246178723E-008
92599.8 3.4248937478778327E-008
92460.7 3.3900897398492484E-008
92530.3 3.3552562479070839E-008
92845.1 3.3204646562319007E-008
92441.6 3.2861779697143002E-008
92876.4 3.2527288687015906E-008
92328.5 3.2191869552232615E-008
93073.4 3.1859965928502589E-008
92747.4 3.1530911839512315E-008
92225.6 3.1207515976099611E-008
93547.7 3.0885047230723066E-008
93472.3 3.0561316647449366E-008
93235.3 3.0237759003821728E-008
93591.8 2.9916535547222277E-008
93160.3 2.9599080819234849E-008
93301.3 2.9284364012434814E-008
93595.8 2.8974176266492627E-008
93135.8 2.8666859536871203E-008
94183.1 2.8358438030737220E-008
93141.5 2.8053317234661417E-008
93576.4 2.7757543185778210E-008
93446.4 2.7457919831675923E-008
93252 2.7161417588560123E-008
93852 2.6867421615609468E-008
93792 2.6575871432017383E-008
94906.9 2.6283549164902708E-008
94971.9 2.5996860778279471E-008
94496.6 2.5713651026225473E-008
94353.9 2.5425745450486350E-008
95103.5 2.5145731564000689E-008
94186 2.4867062891905941E-008
95448.8 2.4586859769806824E-008
95266.7 2.4313985471662806E-008
94621 2.4040707230360205E-008
95566.2 2.3771032540868725E-008
95661.4 2.3505455330810313E-008
95614.6 2.3237641724007835E-008
95845.3 2.2972317439818867E-008
95819.1 2.2709736989838065E-008
95326.8 2.2449021680914181E-008
96260.5 2.2193442319672932E-008
95985.1 2.1938105719578091E-008
96087.6 2.1681790925181359E-008
96398.7 2.1428955577595104E-008
96042.3 2.1184583673699199E-008
95788 2.0938737746108143E-008
96497.2 2.0688768194643049E-008
96581.3 2.0445828784329449E-008
97391 2.0205988781286841E-008
96704.1 1.9970136176238380E-008
97321 1.9732687773543940E-008
96863.9 1.9500289092066696E-008
96979.6 1.9265540233474786E-008
97191.6 1.9033147649231265E-008
97296.1 1.8802625856290547E-008
97013.1 1.8576284336413989E-008
97427.6 1.8356650568399674E-008
97590.1 1.8135668673230595E-008
97314.3 1.7915712718986567E-008
98314.9 1.7694729043690330E-008
97883.3 1.7483566320632623E-008
97783.3 1.7266953184914267E-008
97175 1.7053104467407415E-008
98199.1 1.6846890009451531E-008
97791.8 1.6640829371806149E-008
99031.6 1.6431851599425838E-008
98643.6 1.6227440933169807E-008
99171.4 1.6022319833400099E-008
98423.4 1.5818030112915507E-008
97378.3 1.5618354707866951E-008
100022 1.5423529678925338E-008
99649.9 1.5225858816473598E-008
99332.8 1.5033172863813945E-008
99667.7 1.4842093764539536E-008
99399.2 1.4652834184049831E-008
99438.4 1.4465322051701820E-008
99802.6 1.4276929975030890E-008
99852.8 1.4090526272302749E-008
100595 1.3905197325790606E-008
100042 1.3719171288343662E-008
101001 1.3540378562784007E-008
99314.9 1.3361475463130073E-008
100326 1.3183562755362497E-008
99439.5 1.3007022601245114E-008
101363 1.2830160994665413E-008
101032 1.2659702226259242E-008
100965 1.2489027924055442E-008
101688 1.2318802380846975E-008
100499 1.2148022429061467E-008
102256 1.1981991803955100E-008
101207 1.1814686001448131E-008
100975 1.1648119414694804E-008
101595 1.1485099138488701E-008
101782 1.1326967302567660E-008
101632 1.1167786670636803E-008
101588 1.1010621156415907E-008
102344 1.0856215723683948E-008
102422 1.0702723436645168E-008
101997 1.0551608528059182E-008
101983 1.0399705511032000E-008
102712 1.0253791920425598E-008
103062 1.0107919142419952E-008
103050 9.9618732645726727E-009
102985 9.8160803901524338E-009
102971 9.6740383504083486E-009
104111 9.5321327705254851E-009
103961 9.3948497945869309E-009
103512 9.2560686799790055E-009
103842 9.1194406763931656E-009
104561 8.9823492955571065E-009
103984 8.8454196230493370E-009
104059 8.7110565490352047E-009
103981 8.5802387497269152E-009
104692 8.4483991882802921E-009
104525 8.3203833003469204E-009
105303 8.1940458857298161E-009
104990 8.0656760885168771E-009
105165 7.9393365939885747E-009
104621 7.8154129198515457E-009
105502 7.6971568480208270E-009
104779 7.5756252167244744E-009
105446 7.4575207701417916E-009
105439 7.3405839587955156E-009
106049 7.2222697289121015E-009
105864 7.1076004052357529E-009
105381 6.9943830624501081E-009
105436 6.8825482031221083E-009
105858 6.7692576540108709E-009
107677 6.6604376312893361E-009
107392 6.5502567766593048E-009
106713 6.4415086187469406E-009
107276 6.3352205868880981E-009
107011 6.2288040051543273E-009
107372 6.1248038191910730E-009
106824 6.0225158589124566E-009
108104 5.9210921358671603E-009
106529 5.8225379178508093E-009
108041 5.7234788803695423E-009
107935 5.6250203507014398E-009
107549 5.5269116068818676E-009
108734 5.4316442091158043E-009
108264 5.3387568468106448E-009
108381 5.2439624321875846E-009
108863 5.1509720210180095E-009
108506 5.0597264752769570E-009
108791 4.9701171417902003E-009
108504 4.8805772285942632E-009
109527 4.7927540600680649E-009
110649 4.7065555372421686E-009
110003 4.6202170137646500E-009
110570 4.5346576215265944E-009
110061 4.4507832789157411E-009
110826 4.3684644493882137E-009
110141 4.2860547572872283E-009
110094 4.2044041157967159E-009
111300 4.1231263331698512E-009
111646 4.0448836264361366E-009
111577 3.9668082195633005E-009
110921 3.8897005858285582E-009
111719 3.8138267072211681E-009
111556 3.7394335973734456E-009
111632 3.6645947593731863E-009
112052 3.5919116719589825E-009
111763 3.5194736579309117E-009
113071 3.4495087838279242E-009
113288 3.3798935320978448E-009
111829 3.3098479830871888E-009
112893 3.2436983519619895E-009
113521 3.1767305459940745E-009
114517 3.1109593894991055E-009
114746 3.0468328021692638E-009
114197 2.9826298647751605E-009
114312 2.9192891166830698E-009
115079 2.8576173737006695E-009
115220 2.7964070592814708E-009
115492 2.7365747139649743E-009
115388 2.6757580655888672E-009
115434 2.6175482080865848E-009
114244 2.5607443948057906E-009
116408 2.5035438871630848E-009
115775 2.4474886780609473E-009
116717 2.3938874850301703E-009
118022 2.3402432474443705E-009
116468 2.2877533046545336E-009
116875 2.2352277275244060E-009
117315 2.1829695772515892E-009
117087 2.1320493931499789E-009
117642 2.0807515074230174E-009
117594 2.0318714010502120E-009
117755 1.9836423568595250E-009
118471 1.9342240849052463E-009
118155 1.8878534414145242E-009
118866 1.8417722031000949E-009
118628 1.7971639462974271E-009
120664 1.7528151339611684E-009
121380 1.7090506181623687E-009
119803 1.6662172865022192E-009
119543 1.6244794495328299E-009
120514 1.5836695258638558E-009
120700 1.5427825705043492E-009
120576 1.5023561644474501E-009
120509 1.4626026446053039E-009
121319 1.4235398941442242E-009
121583 1.3855841627667969E-009
121907 1.3477749028739984E-009
123315 1.3109915379938917E-009
121886 1.2751665253009603E-009
122237 1.2399476687074918E-009
122451 1.2055910611395690E-009
123871 1.1715883400491326E-009
123341 1.1381711938118794E-009
124250 1.1057511594795020E-009
124726 1.0734609567039109E-009
123113 1.0415905047930373E-009
124953 1.0109121321089530E-009
124561 9.8082756869159667E-010
125236 9.5128251138060690E-010
126302 9.2227845725362234E-010
125436 8.9409997997031637E-010
125790 8.6664303739658325E-010
126351 8.3967599996459637E-010
125919 8.1335273529654898E-010
126208 7.8744438263949073E-010
126829 7.6169096521052475E-010
127438 7.3733547319687992E-010
128050 7.1288480014375882E-010
128956 6.8883128942545456E-010
128222 6.6547213729931124E-010
129196 6.4271205191058464E-010
129326 6.2070199555176342E-010
128917 5.9891370013378115E-010
129308 5.7761988039133377E-010
130592 5.5695603220255760E-010
131686 5.3688306873730894E-010
130708 5.1703439268629658E-010
130858 4.9805243624454849E-010
130586 4.7926904556209045E-010
132800 4.6112859829696044E-010
131409 4.4390936679998455E-010
133062 4.2648054107410988E-010
134513 4.0970602682865164E-010
132699 3.9346319632410065E-010
132912 3.7757209508921990E-010
135127 3.6220103825561472E-010
135686 3.4730057997266088E-010
135313 3.3265279587386010E-010
134805 3.1850047901889328E-010
135619 3.0472681172227642E-010
136342 2.9142023411651147E-010
137763 2.7823674608047427E-010
138100 2.6565308146386973E-010
137798 2.5327540715559683E-010
137489 2.4176498179671509E-010
137735 2.3020302002896978E-010
138641 2.1914976016468686E-010
137863 2.0854504385309412E-010
139719 1.9814131608973261E-010
139423 1.8815138031826977E-010
139518 1.7855432557099446E-010
140625 1.6913623874962768E-010
139397 1.6014594461119742E-010
139881 1.5145238775462859E-010
141509 1.4315108066787935E-010
142329 1.3518182725542073E-010
142626 1.2747850707456000E-010
142044 1.2016854083680139E-010
144669 1.1316060083338493E-010
143852 1.0631519710530955E-010
143165 9.9868155975004807E-011
144716 9.3772985744345273E-011
145612 8.7802955367893634E-011
143750 8.2023381313123881E-011
145518 7.6704775435731425E-011
145837 7.1574346559371680E-011
148271 6.6772739760725675E-011
147831 6.2101188080611192E-011
146753 5.7770218547291917E-011
146226 5.3571917649078491E-011
148763 4.9690402840013439E-011
147235 4.6125976421300228E-011
149962 4.2634323236379326E-011
150970 3.9479954412990654E-011
149293 3.6440860081737727E-011
152298 3.3688461254744609E-011
151071 3.0982315099963663E-011
153311 2.8451264045463215E-011
151174 2.6091091451120984E-011
153413 2.3824554967895234E-011
153025 2.1642588899317603E-011
153853 1.9571216896600832E-011
155024 1.7654064433395736E-011
155835 1.5845837351372152E-011
158059 1.4159472588388262E-011
158187 1.2575932810217218E-011
158517 1.1132241304198195E-011
159376 9.7972975199906355E-012
159842 8.5003509729534707E-012
160422 7.3269996847717233E-012
160838 6.2602255626295266E-012
158863 5.2964345753073215E-012
161960 4.4060344961854034E-012
161336 3.6224265069443302E-012
167417 2.9045114267505389E-012
164855 2.2792049129220182E-012
164293 1.7385624684682535E-012
163551 1.2770606267731266E-012
163969 8.9168235369054934E-013
167404 5.8008082712078604E-013
171818 3.2797771746611838E-013
166562 1.5772967380523599E-013
160945 5.4013562966259445E-014
181100 1.8159062084946849E-014
4677.25 1.6399257030509992E-021
3328.36 3.5637776311515440E-023
15748.4 1.6547301479557523E-023
6021.12 1.3500576039728642E-023
2153.38 1.1123533177712116E-023
2245.66 8.8549099223340796E-024
15886.1 5.7775702340569268E-024
8538.31 5.2647389202327463E-024
7301.08 4.6392457904071588E-024
22059.8 4.0381606838590176E-024
12421 3.4164842180367804E-024
6665.55 3.0611236128917540E-024
4834.73 2.7272521140528981E-024
5771.21 2.5062983159986862E-024
6797.4 2.3825113469435202E-024
12097.6 2.1613225247653700E-024
23774 2.0548108442442622E-024
31390.3 1.8964682705321639E-024
4610.68 1.7772751244437307E-024
8433.73 1.6697655500408117E-024
30624.1 1.5862213862379333E-024
8622.59 1.4767581654804063E-024
8704.99 1.3886897767431910E-024
13331.1 1.3261803869963825E-024
9882.33 1.2174305658353994E-024
35730.8 1.1764709574668603E-024
30526 1.0950146853967142E-024
19019.8 1.0434335054752996E-024
39855.6 9.8629557779611486E-025
5127.67 9.5215219621296926E-025
25547.2 8.8465207089761615E-025
19509.8 8.4478189033289651E-025
23622.6 8.1999332063718413E-025
13478.8 7.9968676820165674E-025
11429.9 7.7016217392466772E-025
25250.3 7.4923384476593408E-025
11178.2 7.1579669756316052E-025
17584.6 6.8795695621540416E-025
16864.2 6.7698621239602483E-025
7464.35 6.5969122513650943E-025
19109.2 6.3094392510046091E-025
9207.95 6.1100253952999087E-025
26165.8 5.9738447442052811E-025
29798.9 5.8066639451070747E-025
15777.9 5.6514934283387475E-025
11352.4 5.4100143312334001E-025
19195.5 5.2521667295597905E-025
25309.7 5.0655206312428008E-025
12509.3 4.9682325406885693E-025
11908.2 4.7932327102681922E-025
17962.4 4.6655512554755483E-025
14237.5 4.5913631021923485E-025
20658.4 4.4460623340433881E-025
21584.2 4.3235748500485720E-025
21681.6 4.2323522785980719E-025
10004.4 4.0017816049259439E-025
34004.2 3.8317706263081229E-025
13844.5 3.6349023233007050E-025
13428.2 3.5331970573657904E-025
14166.7 3.4533316870012520E-025
13048.4 3.3789891911485458E-025
51111.6 3.2782873477221167E-025
25915.6 3.1863054542174795E-025
17323 3.1611675221872585E-025
23170.6 3.1210273968394353E-025
27520.7 3.0879380161827709E-025
33966.5 3.0535647740057900E-025
12220 2.9957294636649930E-025
32233.4 2.9097060319942524E-025
21535 2.8391807248808481E-025
29957.6 2.7915553494547459E-025
23716.4 2.7493535299923353E-025
30968.3 2.6759324215239362E-025
32061.5 2.6286680962269605E-025
20586.2 2.5641347331565777E-025
30790.1 2.4699402645494615E-025
19211.5 2.4008611455584046E-025
44578.4 2.3816081427034946E-025
37916.5 2.3328272279615038E-025
33737.7 2.2473993480504183E-025
27343.3 2.2160391723986075E-025
16052.2 2.1745522763229893E-025
21660.2 2.1382792609682245E-025
22000 2.1150536100180718E-025
20676.8 2.0784469654757478E-025
11840.4 1.9587903896010190E-025
20579 1.9293170290525116E-025
16011.1 1.8817470195695029E-025
28184.6 1.8459756716392272E-025
42273 1.7793550174997769E-025
32516.2 1.7465011566642116E-025
30111.9 1.7055286700508217E-025
42668.4 1.6847085469653286E-025
22420.6 1.6661545244156448E-025
17222.1 1.6443563442558965E-025
39678.5 1.6205989417950122E-025
26382.6 1.5725457670975104E-025
27924.7 1.5443424593747223E-025
27674.3 1.5218298530350891E-025
47599.4 1.5044568209829300E-025
18783.9 1.4921177254941913E-025
34949 1.4619516249114271E-025
17306 1.4255838222330966E-025
24856.8 1.4106915363786231E-025
23843.2 1.3952004355078175E-025
26519.1 1.3866438699118418E-025
28939.7 1.3778058592637313E-025
27901.9 1.3657549816463731E-025
52420.7 1.3362360815053181E-025
28422.9 1.3273221679535823E-025
20787.5 1.3036791947495531E-025
24200.2 1.2711214453550287E-025
23689.5 1.2504142003698282E-025
19889.1 1.2243612604720410E-025
15911.1 1.2115553210107901E-025
28430.3 1.1931470279191555E-025
41141 1.1728228084197878E-025
33333.7 1.1573275285960470E-025
41400.7 1.1378452722369109E-025
21262.3 1.1255700252632314E-025
22054.8 1.1088092853187645E-025
21643.8 1.0928944992522659E-025
38210.9 1.0764654631361686E-025
32071.6 1.0551106923692058E-025
18988.3 1.0350544474806385E-025
29979.3 1.0199250494035009E-025
20437.2 9.8848760938082581E-026
39441.8 9.6919490316992429E-026
48698.7 9.6091391092165344E-026
36821.2 9.5393500774417686E-026
24527.1 9.4368655969445869E-026
31410.8 9.2503313899388168E-026
26709.3 9.1849494338568578E-026
15320.5 8.9991169731423880E-026
40452.4 8.8797462685472322E-026
25483.4 8.7411049864877137E-026
22630.2 8.5092147397135648E-026
21893.7 8.4084216115780019E-026
28145.3 8.2462281145121903E-026
35356.7 8.0450225970038848E-026
18670.4 7.9805782647107010E-026
42816.9 7.8925049183130493E-026
33447.4 7.8123492712367815E-026
41776.8 7.7232843573645550E-026
40643.1 7.6304114211679785E-026
32129.9 7.4786978035815739E-026
30455.8 7.4076808822391140E-026
41094.8 7.3225013551445428E-026
37371.2 7.2792662132566230E-026
63008.8 7.2027058108285101E-026
40717.9 7.0884565198242085E-026
28640.8 6.9593867594180301E-026
37089.1 6.9142158218654861E-026
30690.2 6.8654556376115959E-026
19348.2 6.8317777377356281E-026
33951.2 6.7767274245172708E-026
51292.8 6.6680371684290504E-026
37413.9 6.6194257160543322E-026
44223.2 6.5525390154132845E-026
32130.7 6.4568639392280648E-026
35803.5 6.3631874753474228E-026
53224.2 6.3199872438424721E-026
35937.2 6.2699959362337314E-026
46012.6 6.2062579215122068E-026
32100.9 6.1700099766077285E-026
22788.5 6.0744486984238926E-026
18962.7 6.0185714830692680E-026
44420.1 5.9429077478189914E-026
50903 5.9123563000289424E-026
33828.3 5.8247765391399982E-026
19757.7 5.7825328878433166E-026
25093.8 5.7467755888111150E-026
57777.2 5.6333316867701046E-026
61760.4 5.5538279110675645E-026
34043.8 5.4815561479558169E-026
34926.4 5.4234106497522130E-026
29108.7 5.3371606166182681E-026
32251.8 5.2838675036256059E-026
72277.5 5.2574363503002901E-026
25472.8 5.1933138016125826E-026
21945 5.1419599394536705E-026
31074.3 5.0914801441686985E-026
49266.4 5.0030559405122431E-026
34099.7 4.9560172779062175E-026
42251.5 4.8631526939150918E-026
32767.2 4.8084151109100961E-026
38863.1 4.7835342008037442E-026
17798.6 4.7395923964279507E-026
37836.8 4.7158718201215203E-026
29460.1 4.6851678657762787E-026
42131.4 4.6491261843983543E-026
41347.3 4.5761992900945225E-026
40246.5 4.5165038872156249E-026
50879.3 4.4853214743310207E-026
42669.1 4.4388441044431531E-026
24822.4 4.3826294573807517E-026
35273.3 4.3504639331322408E-026
38128.2 4.3197421838434511E-026
37002.9 4.2869839839647490E-026
40305.9 4.2526064018217231E-026
37503.3 4.2013063093139412E-026
48175.1 4.1367959681045534E-026
47285.1 4.1035105075485603E-026
25886 4.0664478345663216E-026
38266.6 4.0194086725047900E-026
31836.2 3.9904181255117986E-026
54990.1 3.9483810775216214E-026
26626.8 3.9230329480861936E-026
57411.1 3.8938668440478707E-026
30439.6 3.8560862128773268E-026
31406.2 3.8192469714415912E-026
29382.8 3.7530563253864878E-026
30273.4 3.7255977880867760E-026
29897.5 3.7021369817666576E-026
24351.6 3.6862777905547564E-026
34918.9 3.6558119666656286E-026
55103.1 3.6004950726820669E-026
64114.2 3.5620032184106237E-026
26527 3.5385936701414466E-026
30450.1 3.4834948652336162E-026
39806.5 3.4711091091404802E-026
39229.1 3.4450732871815665E-026
53087.5 3.4153993709746638E-026
40477.8 3.3782436361062475E-026
25569.6 3.3543938603755366E-026
23535.9 3.3357368395967425E-026
62273.8 3.3167788546597798E-026
41498.8 3.3043687998683339E-026
57215.7 3.2896005697402750E-026
50160 3.2711417702541621E-026
31793 3.2548094269054005E-026
39286.7 3.2154579764818531E-026
38722 3.1874482640054904E-026
43994.8 3.1597982690802317E-026
54385.3 3.1392398400846748E-026
33298.9 3.1116101528960663E-026
22745.7 3.0970204232256614E-026
35454.5 3.0616024644494159E-026
55885.2 3.0373218408625856E-026
60107.7 3.0182336568793766E-026
32191.3 2.9953065476477110E-026
67868.2 2.9781281805573916E-026
42540.4 2.9559354196083742E-026
33714.8 2.9455885027295729E-026
28604.8 2.9293070218646023E-026
35322.4 2.8949491051736033E-026
27168.3 2.8669583726933102E-026
65044.5 2.8453135535734930E-026
52016.8 2.8354535971994387E-026
44614.3 2.7934622874252063E-026
45847.9 2.7463132484931940E-026
37893.8 2.7246041469436753E-026
20284.9 2.7073293571609151E-026
23625.3 2.6953527000239203E-026
54691.3 2.6667199355496188E-026
38104.5 2.6427802133548438E-026
62542.9 2.6312047467572182E-026
42893.8 2.6173986332816640E-026
30610.2 2.6017423796708728E-026
54183.5 2.5752017898681018E-026
31829.1 2.5466286853497423E-026
46408.7 2.5269731427256762E-026
41647.5 2.5121274695075558E-026
31846 2.5011734198008517E-026
35945.4 2.4772351700969636E-026
61786.1 2.4603964422488132E-026
52585.9 2.4445199291402089E-026
48567.3 2.4286712806203651E-026
45596.7 2.4131207545594592E-026
51601.4 2.3953226350059738E-026
50005.2 2.3864831261963375E-026
56713 2.3694973817178198E-026
38750.1 2.3314071985175840E-026
58917.8 2.3122402119916171E-026
61029.9 2.3022827815233311E-026
65066.9 2.2862392119226119E-026
48917.3 2.2701382171561276E-026
62213.3 2.2606969103826962E-026
44817 2.2507080394182195E-026
50524.4 2.2321766472762881E-026
56342.2 2.2152569908127539E-026
50215.5 2.2034494547264937E-026
30003.6 2.1911164258495856E-026
47312.1 2.1810499983788769E-026
56786.9 2.1623390450708062E-026
58066.3 2.1523662114439430E-026
28013.6 2.1425848431512205E-026
39507.3 2.1349123507257018E-026
61698.1 2.1200498293246937E-026
48796.5 2.0999286846507336E-026
34711.2 2.0861154881399790E-026
46769.6 2.0782351720605792E-026
38744.7 2.0566851778376860E-026
40979.6 2.0409597551389888E-026
23451.7 2.0257750193000897E-026
44497.8 2.0117837333742195E-026
28976.4 1.9967335068781917E-026
59045.8 1.9840280885502180E-026
42593 1.9699212538514520E-026
33423.6 1.9594661935811717E-026
49701 1.9450269393458775E-026
38214.8 1.9214059884356435E-026
30768.6 1.9082152872077991E-026
70956 1.8988308115906279E-026
37115.3 1.8856248985897348E-026
24098.7 1.8777557231414213E-026
85798.6 1.8506711805264144E-026
34056.1 1.8385768779939053E-026
32145.9 1.8211525328905661E-026
58855.3 1.8040475853588639E-026
24924.5 1.7920850392773221E-026
39673.7 1.7782678436284692E-026
46235.1 1.7598535647853472E-026
44382.4 1.7440896176773819E-026
37396.7 1.7390186452659522E-026
33166.2 1.7162421962169862E-026
47634 1.7064228703544377E-026
66893.9 1.6850026753478007E-026
35195.5 1.6785983927340833E-026
62502.7 1.6649345191441566E-026
38001 1.6597143252907422E-026
46326.2 1.6435626717751000E-026
49190.5 1.6304751321288560E-026
47976.9 1.6101068777852170E-026
36837.3 1.5948408405510667E-026
54254.1 1.5814089952969663E-026
57977.7 1.5732411791106583E-026
43823.6 1.5602536741439793E-026
38635.9 1.5501904293633075E-026
34102.2 1.5400152881936612E-026
44303.1 1.5297744934692020E-026
40195.4 1.5131752058689609E-026
42784.6 1.5034767240641987E-026
66315.2 1.4877210848400459E-026
45633.1 1.4783330897111598E-026
55240.6 1.4726182938398581E-026
50270.7 1.4539026042742786E-026
50415.5 1.4439426385648342E-026
58264 1.4290449098796273E-026
50653 1.4240752649932671E-026
47107.7 1.4151342932622746E-026
54910.8 1.4016914156880891E-026
55952.9 1.3876998765693653E-026
38831.6 1.3830320462035558E-026
59202 1.3725378663974011E-026
41122.1 1.3602587643309659E-026
46486.7 1.3543573171015858E-026
37573.6 1.3488372008903428E-026
47806.5 1.3370602740995695E-026
47736.4 1.3269147644423920E-026
46250.3 1.3007417528498523E-026
49155.7 1.2946497047617428E-026
46932.3 1.2903865454566496E-026
53235.2 1.2763078901133558E-026
38386.6 1.2681394723622304E-026
57629.3 1.2624680373148871E-026
49777 1.2489784939620180E-026
65057.9 1.2340808621447598E-026
56691.8 1.2291643320126853E-026
51556 1.2169699803030861E-026
58015.2 1.2123113351786868E-026
68534.6 1.2078368735796519E-026
56360.8 1.1986859405316848E-026
54070.4 1.1895896736488818E-026
43426.6 1.1827399872515050E-026
77932.7 1.1777437724803363E-026
58015.9 1.1728542023987478E-026
69178.7 1.1666284039881666E-026
41128.5 1.1579156273821485E-026
61145.3 1.1521634317211627E-026
64765.1 1.1442440704828980E-026
59498.1 1.1350949087635059E-026
47173.5 1.1284717423359333E-026
55855.7 1.1240739333180720E-026
37835.9 1.1151365505096895E-026
59392.6 1.1077258117967592E-026
55668.6 1.1010553478015648E-026
32051.2 1.0880110489578575E-026
33480.1 1.0834512299236534E-026
27596.7 1.0798809691585890E-026
72997.1 1.0687120534616754E-026
72315.1 1.0573915740283610E-026
37093.6 1.0438029803104178E-026
56460.5 1.0390776191531568E-026
56109.6 1.0336808535125506E-026
71447.6 1.0282859725933513E-026
59925.5 1.0173924439514682E-026
42074.7 1.0124414908522742E-026
47090.5 1.0069261680464792E-026
35302.6 1.0002947119073121E-026
35199.6 9.9614782763044879E-027
40904.1 9.8990609652611728E-027
53575.8 9.8442938483583869E-027
54467.3 9.8198159335602035E-027
57729.8 9.7507008895433883E-027
51914.4 9.6946398247037488E-027
70568.5 9.6243333156585528E-027
43014.1 9.5786643728841526E-027
48558.7 9.4950005343469031E-027
58034.4 9.3911576357597226E-027
49542.1 9.3022430030746497E-027
56511.3 9.2135799914680568E-027
53436.8 9.1444825042552434E-027
47991.9 9.0942426880887976E-027
53912.3 9.0442292644489762E-027
45884.2 8.9899993486089590E-027
64441.9 8.9681421995300762E-027
49056.6 8.9277990034915245E-027
53715.1 8.8606615414399079E-027
62663.5 8.7783348497910476E-027
38623.8 8.6813919171019048E-027
51826.6 8.6023242057595955E-027
69221.8 8.5621356522862260E-027
55125.4 8.4831851641943131E-027
62743.4 8.4192043829473053E-027
36982.1 8.3609418446403945E-027
59863.4 8.2576015921416678E-027
44472.5 8.2104029329174331E-027
48587.6 8.1635766330170747E-027
59446.9 8.1118449535760840E-027
54510.1 8.0553561513200605E-027
44308.1 8.0071328039249067E-027
70099.8 7.9433952997358729E-027
68701 7.9066088189685225E-027
38748.4 7.8577779772640934E-027
67864.6 7.8253455749951752E-027
49838.2 7.7410522170724201E-027
56386.6 7.6923238339633218E-027
40948 7.6497565676117589E-027
42820.1 7.6110343596000610E-027
58152.3 7.5487045343299593E-027
42011.1 7.5150262579597301E-027
57926.8 7.4796335726608024E-027
67727.2 7.4478102524771648E-027
57444.8 7.4277025931795670E-027
57612.9 7.3667388247560188E-027
47318.3 7.3305722354243487E-027
42881.4 7.2590861516966332E-027
45370.9 7.2347565692826082E-027
56510.3 7.1787637125982386E-027
52671.5 7.1039776957722064E-027
58458.1 7.0154700689458410E-027
35803.5 6.9545489579641250E-027
48978.2 6.9049118195666623E-027
65536 6.8735557899087177E-027
35349.5 6.8115065628074039E-027
45271.9 6.7677859774642629E-027
