# Random field Heisenberg chain
# L=16, J=1, Delta=1, W=2.0, h_i in [-W,W]
# Cumulative distribution function (CDF) of the fitting parameter tau_max; for 10^3 realizations of the disorder
# tau_max CDF

30.852736769332044 0.00128535
34.24280694673813 0.00257069
42.53448495596677 0.00385604
50.298281349851344 0.00514139
59.145036792942925 0.00642674
65.65767154805796 0.00771208
66.1889581964945 0.00899743
74.35080555702055 0.0102828
77.50617057556163 0.0115681
89.45237715432152 0.0128535
89.97039372273409 0.0141388
91.00381640971037 0.0154242
92.35803744385417 0.0167095
99.20502595282616 0.0179949
104.38337856244266 0.0192802
105.5065612614967 0.0205656
106.91306611826298 0.0218509
110.21334823923517 0.0231362
111.37084250656874 0.0244216
113.93941659605086 0.0257069
117.37001574279402 0.0269923
119.80467322347911 0.0282776
121.55780183559094 0.029563
121.64075186841063 0.0308483
124.46465827467742 0.0321337
125.14945119131033 0.033419
127.71863957521117 0.0347044
138.72465803368635 0.0359897
141.45066500479965 0.0372751
143.07751899709203 0.0385604
144.32495318947676 0.0398458
144.67685631954473 0.0411311
148.04170958435478 0.0424165
152.6234734356675 0.0437018
156.37498588402053 0.0449871
158.5263843067176 0.0462725
160.86814478639855 0.0475578
164.3171491706403 0.0488432
165.91707251858256 0.0501285
168.74713322718767 0.0514139
170.94605480451136 0.0526992
172.94464936369005 0.0539846
173.39378148051708 0.0552699
175.5714869638459 0.0565553
176.07362533562005 0.0578406
176.85899830472064 0.059126
179.69893743600963 0.0604113
181.10318770652674 0.0616967
182.65027435511448 0.062982
183.01762442812725 0.0642674
183.87792522592753 0.0655527
185.97106866953854 0.066838
187.14147527452928 0.0681234
187.29028304671456 0.0694087
187.6277537195817 0.0706941
189.21710724969353 0.0719794
190.0983774953413 0.0732648
192.85380119356398 0.0745501
195.62273661468842 0.0758355
198.05967139150175 0.0771208
199.76191874608983 0.0784062
200.19746500772658 0.0796915
200.8473873722818 0.0809769
201.1199682058284 0.0822622
201.12904884011036 0.0835476
202.14667146522345 0.0848329
204.04069497438005 0.0861183
205.78225907386204 0.0874036
206.07093084391084 0.0886889
206.62099363302877 0.0899743
208.130380289798 0.0912596
209.13375626739276 0.092545
218.85896901370495 0.0938303
221.97348717865603 0.0951157
223.58992767057578 0.096401
225.14031763685 0.0976864
225.16921404316903 0.0989717
225.29573485956348 0.100257
228.94420782712763 0.101542
230.60126857489465 0.102828
231.8202156890054 0.104113
232.85900493362493 0.105398
233.00158947738208 0.106684
233.81901460322624 0.107969
236.1128997108864 0.109254
238.2088838091663 0.11054
240.3927034897857 0.111825
242.0121823921784 0.113111
242.30273994076342 0.114396
243.7438735365936 0.115681
243.8430145922854 0.116967
243.91513131702865 0.118252
244.7344050411549 0.119537
249.4828480027303 0.120823
249.71821660100153 0.122108
251.29050278013062 0.123393
251.3482036234259 0.124679
252.09669623012826 0.125964
252.75976627247368 0.127249
254.34695795181554 0.128535
254.57337752890174 0.12982
255.21423676873485 0.131105
255.9170089623217 0.132391
257.8066947464055 0.133676
258.4615749823102 0.134961
259.9001544843937 0.136247
260.79691425691084 0.137532
261.3838840906373 0.138817
264.5584534616851 0.140103
265.961348579905 0.141388
266.1192734332262 0.142674
269.4305686175144 0.143959
270.83074592814927 0.145244
270.9318454008237 0.14653
271.6483097170712 0.147815
271.7940668182413 0.1491
272.412037302818 0.150386
273.7344441659837 0.151671
277.47067912580223 0.152956
277.72133527245165 0.154242
279.23516125179515 0.155527
279.27065508241816 0.156812
282.218466332441 0.158098
285.28958404959087 0.159383
289.58560429540915 0.160668
289.6291240723547 0.161954
290.6768603297575 0.163239
291.23075596980516 0.164524
298.8865520916579 0.16581
300.2944356320363 0.167095
303.71157156466944 0.16838
306.36670828297827 0.169666
308.3508024696029 0.170951
309.5858286850571 0.172237
310.9073829279625 0.173522
313.04283008253924 0.174807
316.91148664264915 0.176093
320.95385316701373 0.177378
326.91605942035574 0.178663
335.3651424503232 0.179949
337.88165490255716 0.181234
338.5116764738332 0.182519
342.3053414350446 0.183805
345.35072442762714 0.18509
346.3439803179401 0.186375
347.14576989497266 0.187661
347.18402772113257 0.188946
347.55935690651046 0.190231
348.565544149039 0.191517
348.5951409270258 0.192802
348.63449750675005 0.194087
350.3712903263021 0.195373
352.84856734845386 0.196658
353.97755266355324 0.197943
354.60810550996814 0.199229
354.8443482308113 0.200514
354.91405069138006 0.201799
358.7355698913025 0.203085
361.3612199908056 0.20437
362.1417964440366 0.205656
364.2594053844984 0.206941
365.94424894067265 0.208226
366.9223111509775 0.209512
370.551130252104 0.210797
370.763998738715 0.212082
372.156392760402 0.213368
372.2318561175954 0.214653
374.8927965975643 0.215938
375.609698317648 0.217224
375.76347677449263 0.218509
376.29575108759565 0.219794
381.4108360089016 0.22108
383.55967095117535 0.222365
385.03699397664934 0.22365
385.9982638381588 0.224936
386.0360515457814 0.226221
388.144499308862 0.227506
389.5100971977763 0.228792
392.15353571152207 0.230077
394.41621576219234 0.231362
396.22369186578527 0.232648
399.19147485760254 0.233933
402.3354041644784 0.235219
404.13502856674086 0.236504
405.91859308509424 0.237789
406.17198317187797 0.239075
406.2791322000301 0.24036
406.4531790670893 0.241645
406.6735887691206 0.242931
406.6780462216296 0.244216
407.7463766658898 0.245501
407.76450283845463 0.246787
411.837591200487 0.248072
413.80366827982976 0.249357
419.8044114772556 0.250643
420.4277676330676 0.251928
423.33401903790485 0.253213
423.45075630060404 0.254499
423.71681661467386 0.255784
427.39461555831787 0.257069
428.74776880430613 0.258355
432.6862067770134 0.25964
433.5923766503642 0.260925
434.10360753243225 0.262211
434.2858871068189 0.263496
435.0504897163888 0.264781
435.7217772564039 0.266067
436.41349442639813 0.267352
446.5320206129775 0.268638
449.1857285339939 0.269923
451.1177651565012 0.271208
456.7397820417208 0.272494
458.40847622362895 0.273779
458.59978723654893 0.275064
459.05566246824526 0.27635
464.99802938621815 0.277635
465.40414523329815 0.27892
465.41388068956456 0.280206
467.28497171366513 0.281491
468.1821976421374 0.282776
471.9367605861895 0.284062
473.5092504832797 0.285347
474.8622204666082 0.286632
476.26986117515725 0.287918
478.16034718497184 0.289203
479.13359793432573 0.290488
480.44670059026066 0.291774
480.96969872946204 0.293059
482.11834721040475 0.294344
484.4519965608082 0.29563
487.32532916562826 0.296915
487.43768312255366 0.298201
489.9210764631102 0.299486
490.11950553532347 0.300771
490.65527150617623 0.302057
491.96741885575113 0.303342
492.8680905327903 0.304627
494.2989000116936 0.305913
494.9783988807624 0.307198
498.59387561703466 0.308483
502.4072624744225 0.309769
505.07395893263504 0.311054
506.41259071850135 0.312339
506.9292492892576 0.313625
521.6680255658404 0.31491
521.8297269709797 0.316195
523.3202043558451 0.317481
523.333878354423 0.318766
526.7130061327188 0.320051
529.7544918509274 0.321337
531.4997208185163 0.322622
535.4269896863987 0.323907
536.2339459630197 0.325193
538.031386668226 0.326478
538.6003793205344 0.327763
539.2722599429044 0.329049
539.6083838918134 0.330334
542.9411620513808 0.33162
542.9758269147516 0.332905
543.2343009933807 0.33419
544.1488140994794 0.335476
544.9808258207919 0.336761
547.7183146283405 0.338046
548.3090436223125 0.339332
550.0482656988461 0.340617
550.9592013002602 0.341902
557.3227443629991 0.343188
557.3624055149452 0.344473
557.3898608423241 0.345758
558.3017295416613 0.347044
559.8008029720569 0.348329
559.8049351060272 0.349614
561.2102193181742 0.3509
564.4613791618902 0.352185
567.4496659049606 0.35347
567.900212586478 0.354756
568.1036871580008 0.356041
569.2484278387276 0.357326
569.5009330633335 0.358612
570.2536907820219 0.359897
573.2200456393612 0.361183
575.1034703446694 0.362468
579.6062343639228 0.363753
582.120833500038 0.365039
582.4942639532642 0.366324
584.2423613183582 0.367609
586.8335008796728 0.368895
587.6761498607101 0.37018
588.7032963742644 0.371465
589.0508056948084 0.372751
589.7510886352788 0.374036
590.2993601627736 0.375321
591.3861498641515 0.376607
591.7703997576261 0.377892
591.9972462542806 0.379177
593.340124871743 0.380463
595.3839934874616 0.381748
597.5399603269489 0.383033
597.9063248722606 0.384319
600.5961591845997 0.385604
601.0722294453982 0.386889
601.1047302029269 0.388175
601.532694071058 0.38946
601.6736849161596 0.390746
601.6867236289117 0.392031
601.8839497381168 0.393316
602.9429743766516 0.394602
605.9456242559534 0.395887
606.4571816453573 0.397172
609.4444505527042 0.398458
613.9778733843157 0.399743
623.7474469940961 0.401028
626.2908128751369 0.402314
631.5733744775794 0.403599
633.3999166492559 0.404884
640.1224650852868 0.40617
644.1049018640825 0.407455
646.7928263798732 0.40874
646.9741520214266 0.410026
657.3647588119364 0.411311
661.2384913853492 0.412596
663.8337033100371 0.413882
664.8674968883727 0.415167
666.0859201052954 0.416452
667.3386508629941 0.417738
669.7190861470417 0.419023
669.7761788076965 0.420308
673.1820936680056 0.421594
678.0898208907512 0.422879
682.247446105078 0.424165
683.0188544757748 0.42545
684.4411573294618 0.426735
684.5763603180045 0.428021
685.7411478200278 0.429306
690.9465497242325 0.430591
691.127530326618 0.431877
693.3437358595602 0.433162
695.1230000474161 0.434447
695.1918126216066 0.435733
695.3462543254809 0.437018
697.4900420792486 0.438303
701.0372930662093 0.439589
703.5007658513756 0.440874
704.5756683281822 0.442159
705.5917550014891 0.443445
705.6105780605234 0.44473
706.0953812650795 0.446015
707.4141553217672 0.447301
707.903092467241 0.448586
707.9974049729188 0.449871
708.787287853732 0.451157
710.5405460454422 0.452442
712.0387693144106 0.453728
712.3406707002889 0.455013
714.4228207340286 0.456298
716.0169640554653 0.457584
716.0799841584958 0.458869
716.1940733958847 0.460154
718.5719673336376 0.46144
720.4679176739115 0.462725
721.2799435519657 0.46401
721.5249276706481 0.465296
722.9119445317384 0.466581
724.1821667901097 0.467866
724.5908280507065 0.469152
725.4957826641504 0.470437
725.735344408325 0.471722
727.423763760382 0.473008
732.2189265562356 0.474293
732.3054389456512 0.475578
734.216782263381 0.476864
734.8545087294284 0.478149
736.4113160885884 0.479434
736.5896082764503 0.48072
737.609143297321 0.482005
741.1337951236536 0.48329
741.6775083725922 0.484576
743.203834223109 0.485861
743.9618441375707 0.487147
746.2118642981638 0.488432
747.620166187888 0.489717
749.2729981176137 0.491003
756.2226845943956 0.492288
758.7854936260347 0.493573
759.3326791924138 0.494859
763.5273146496226 0.496144
765.8549644624518 0.497429
766.2046965930076 0.498715
771.202397033101 0.5
775.9313312708174 0.501285
778.0454811736871 0.502571
778.927783193866 0.503856
784.4904940670551 0.505141
785.695754055846 0.506427
790.2324236159177 0.507712
793.8095459549656 0.508997
796.2840832141288 0.510283
798.1172617277822 0.511568
799.9707476772217 0.512853
801.4915225405897 0.514139
802.6888138809855 0.515424
810.5647546275845 0.51671
813.2545725186742 0.517995
816.7911443888171 0.51928
820.0601949802667 0.520566
820.2989455227394 0.521851
823.709491032993 0.523136
824.6464025312247 0.524422
827.6209341705581 0.525707
831.9740644906113 0.526992
832.1917141937163 0.528278
832.9772213169788 0.529563
835.9005107059654 0.530848
836.2962878894975 0.532134
837.0879311660883 0.533419
840.2169759654803 0.534704
844.0019261240352 0.53599
847.5741313404166 0.537275
848.0824121747067 0.53856
853.2955310383369 0.539846
858.8273650819294 0.541131
859.8207637195666 0.542416
860.6433463027597 0.543702
861.590671138828 0.544987
862.2551200731846 0.546272
863.7007060602017 0.547558
865.135838332152 0.548843
866.7238392956131 0.550129
869.4334686652322 0.551414
870.0972539302725 0.552699
870.2814500020497 0.553985
870.9776586680687 0.55527
871.1400406820756 0.556555
876.2559211706257 0.557841
878.9352110023026 0.559126
880.6755240025445 0.560411
884.9982696392192 0.561697
889.4201728621293 0.562982
890.6438482609216 0.564267
891.6068501784638 0.565553
894.7881998897675 0.566838
897.9683121516383 0.568123
898.4790558373279 0.569409
898.9229991989607 0.570694
899.6910873124133 0.571979
902.4660887938206 0.573265
903.5753728003464 0.57455
905.8414308174499 0.575835
907.0854935153213 0.577121
908.405660786378 0.578406
912.1341821720846 0.579692
914.7603285029606 0.580977
915.7013134872085 0.582262
920.9559944877408 0.583548
924.2684761432208 0.584833
929.6225842913399 0.586118
933.0323513936796 0.587404
933.3621605500879 0.588689
936.5479700013808 0.589974
938.6429806685887 0.59126
943.9256455789871 0.592545
948.656876842342 0.59383
951.3710473878857 0.595116
953.0784247639045 0.596401
959.0835698155915 0.597686
971.0968459781142 0.598972
973.9782254621812 0.600257
974.6509583623581 0.601542
977.4907869682818 0.602828
979.901012323879 0.604113
980.0661155971948 0.605398
980.8933326360708 0.606684
982.374961137373 0.607969
982.5800039291615 0.609254
987.3288525153075 0.61054
992.0656913035523 0.611825
992.8654667350651 0.613111
998.315951558152 0.614396
1001.1001081039348 0.615681
1005.5030935352115 0.616967
1006.9525338891611 0.618252
1007.5521350723707 0.619537
1018.6566914319794 0.620823
1019.1026348622497 0.622108
1020.982822149896 0.623393
1022.6307020856424 0.624679
1025.2619631324903 0.625964
1026.880635651242 0.627249
1027.570082660385 0.628535
1027.8664435058504 0.62982
1028.9637219263245 0.631105
1034.460485698411 0.632391
1044.1068422598394 0.633676
1045.1600425699896 0.634961
1047.1256930339378 0.636247
1047.7110447491425 0.637532
1050.9464236333033 0.638817
1051.2353160726564 0.640103
1052.1047411714273 0.641388
1055.4339822653337 0.642674
1060.8097578816887 0.643959
1064.9973093930523 0.645244
1068.000150900508 0.64653
1070.764787293857 0.647815
1071.7553570234275 0.6491
1073.3066145923178 0.650386
1073.3595782103957 0.651671
1076.1387313026191 0.652956
1076.808738366557 0.654242
1080.5442486290851 0.655527
1081.7933554658812 0.656812
1084.7927851283243 0.658098
1088.5804442369465 0.659383
1089.0239179625773 0.660668
1089.2953014338204 0.661954
1091.9209953905772 0.663239
1092.2097144076274 0.664524
1093.8764976138152 0.66581
1098.751563948801 0.667095
1102.311979345725 0.66838
1107.2596000312735 0.669666
1109.1365107341383 0.670951
1129.2821106940933 0.672237
1134.2391821203992 0.673522
1144.5793375495782 0.674807
1146.1973711073883 0.676093
1149.7062913965399 0.677378
1151.0526248698823 0.678663
1153.2362292287842 0.679949
1153.2978433553885 0.681234
1161.0957883154365 0.682519
1164.238348765522 0.683805
1165.6114653708953 0.68509
1173.3254826605282 0.686375
1173.6336556720657 0.687661
1174.8121117841283 0.688946
1175.3102421146486 0.690231
1175.5857475110342 0.691517
1177.488690372955 0.692802
1177.6009009162979 0.694087
1177.712896246888 0.695373
1186.776726246872 0.696658
1190.9615563324762 0.697943
1191.7985990186444 0.699229
1194.452091700212 0.700514
1195.2747516566274 0.701799
1204.7424887089562 0.703085
1206.191317254475 0.70437
1214.0409180672834 0.705656
1216.8499161061438 0.706941
1223.7155268883412 0.708226
1226.3186484706998 0.709512
1232.535208117255 0.710797
1237.8508213060486 0.712082
1240.743656171561 0.713368
1249.792367418204 0.714653
1252.356376560365 0.715938
1254.5225628822718 0.717224
1258.6519643918389 0.718509
1258.9117289007152 0.719794
1268.0554641904705 0.72108
1270.6796280974277 0.722365
1277.6923574249665 0.72365
1278.3599361274528 0.724936
1284.686127640119 0.726221
1288.6154440357634 0.727506
1290.1610612405743 0.728792
1291.6868343402364 0.730077
1293.448702138863 0.731362
1295.4467282300445 0.732648
1298.9630564836918 0.733933
1300.3740678766435 0.735219
1318.6171424478573 0.736504
1318.71413031817 0.737789
1319.172721339098 0.739075
1320.0614048160649 0.74036
1320.352241685178 0.741645
1336.7580609278557 0.742931
1340.0496795431989 0.744216
1341.9050785578693 0.745501
1349.157998456057 0.746787
1349.8100488043551 0.748072
1349.928789119573 0.749357
1353.7227088636946 0.750643
1361.8190270826917 0.751928
1362.058723290019 0.753213
1368.3621072953047 0.754499
1374.1492480351717 0.755784
1381.6152859151 0.757069
1383.4404448400524 0.758355
1388.233519545447 0.75964
1389.9421384012621 0.760925
1390.4616836674065 0.762211
1391.824911843779 0.763496
1392.4255254485406 0.764781
1392.8931530126085 0.766067
1404.3412843707977 0.767352
1405.4051620676428 0.768638
1405.9339170683825 0.769923
1418.355854830403 0.771208
1419.6822234686097 0.772494
1423.4914485040426 0.773779
1427.0444356696257 0.775064
1429.7767903677411 0.77635
1434.6836859952416 0.777635
1441.5143626517724 0.77892
1441.8445654624204 0.780206
1443.1568561316544 0.781491
1444.2990096827516 0.782776
1449.8500741752794 0.784062
1451.571174314375 0.785347
1452.126857837671 0.786632
1454.319215372423 0.787918
1456.8322103351604 0.789203
1461.4718793938616 0.790488
1467.2987597312779 0.791774
1467.4932470854203 0.793059
1468.4059897236853 0.794344
1475.873215504036 0.79563
1476.5916854422599 0.796915
1489.4274999561567 0.798201
1491.057081670897 0.799486
1496.4547318310217 0.800771
1505.0397083784922 0.802057
1505.3011076407058 0.803342
1533.1650997168895 0.804627
1542.4426165863154 0.805913
1546.2382936946294 0.807198
1547.156722141615 0.808483
1554.4664684821469 0.809769
1555.253873119479 0.811054
1557.0553240601416 0.812339
1563.7110957815494 0.813625
1563.8553845960653 0.81491
1566.1409550681535 0.816195
1567.349181321192 0.817481
1569.5027663244457 0.818766
1574.0441060386424 0.820051
1586.9637585350413 0.821337
1592.4017560665445 0.822622
1613.7060745144634 0.823907
1623.4893614632076 0.825193
1628.6713535187891 0.826478
1630.7325008746618 0.827763
1644.5843541565714 0.829049
1644.921593662592 0.830334
1650.3930224995313 0.83162
1650.8553058986731 0.832905
1675.0615081236504 0.83419
1676.3986741827057 0.835476
1678.6380453724428 0.836761
1684.7598584964146 0.838046
1699.0282626441424 0.839332
1701.6235749711889 0.840617
1708.189792739797 0.841902
1709.0555315822924 0.843188
1715.1356209088167 0.844473
1727.2588815588927 0.845758
1747.3139591791098 0.847044
1755.3995276609119 0.848329
1764.2295793461756 0.849614
1765.7400530369287 0.8509
1769.1920056445642 0.852185
1769.4914532470052 0.85347
1786.2158026585785 0.854756
1790.1501836365069 0.856041
1791.5493897391002 0.857326
1793.325879952501 0.858612
1800.2040330894492 0.859897
1812.5123852424124 0.861183
1814.5531956200562 0.862468
1845.9432206952984 0.863753
1856.1611454430088 0.865039
1859.882083403886 0.866324
1860.6272577525285 0.867609
1873.4463259350712 0.868895
1895.7659776332664 0.87018
1903.4867796279052 0.871465
1922.4120367941482 0.872751
1933.0543412251532 0.874036
1934.4493710600836 0.875321
1943.5524917002467 0.876607
1952.0421513141355 0.877892
1954.324819774573 0.879177
1981.011908355233 0.880463
1988.9148729685733 0.881748
1992.3546989232004 0.883033
2002.56684862475 0.884319
2006.9463533289934 0.885604
2006.963238605809 0.886889
2023.2116089880883 0.888175
2027.721689651765 0.88946
2041.805756659157 0.890746
2081.0085612493995 0.892031
2090.446214118422 0.893316
2097.497276289944 0.894602
2103.383735577836 0.895887
2115.2929582275965 0.897172
2115.5074108229783 0.898458
2119.164972694125 0.899743
2120.56579971327 0.901028
2128.5217554901155 0.902314
2131.6300605063443 0.903599
2144.193411700709 0.904884
2159.5510325742875 0.90617
2166.558232347115 0.907455
2167.1724274292683 0.90874
2174.203817705625 0.910026
2183.139308450153 0.911311
2191.2304112153606 0.912596
2202.6313400294557 0.913882
2212.6689577145985 0.915167
2228.6789899835853 0.916452
2230.2600036475833 0.917738
2235.0252005275925 0.919023
2270.3578912983107 0.920308
2277.4423740941784 0.921594
2300.2620375673087 0.922879
2303.2148144415546 0.924165
2313.8073658647922 0.92545
2338.8572552726228 0.926735
2371.5703329571243 0.928021
2384.679814226992 0.929306
2411.7883052528014 0.930591
2413.0168688742983 0.931877
2439.8564976901243 0.933162
2453.6926817748363 0.934447
2463.5254245636584 0.935733
2490.5517051810903 0.937018
2515.6085612187376 0.938303
2522.9967931862366 0.939589
2535.018196251019 0.940874
2556.690597819564 0.942159
2562.6214171527763 0.943445
2567.9817097571986 0.94473
2610.5792951713074 0.946015
2636.6135713890862 0.947301
2639.584237582118 0.948586
2641.411664765123 0.949871
2679.4666601847043 0.951157
2680.655435881191 0.952442
2682.965762014867 0.953728
2728.447225474243 0.955013
2768.3507664731465 0.956298
2800.8840055393393 0.957584
2826.4154793730804 0.958869
2840.296655942357 0.960154
3016.9985663936463 0.96144
3034.3826477512703 0.962725
3140.6049505421092 0.96401
3150.787434014482 0.965296
3321.128403036879 0.966581
3346.0556109466265 0.967866
3383.654321389127 0.969152
3384.201590768227 0.970437
3392.2842796478208 0.971722
3435.1250532525014 0.973008
3454.0465780804984 0.974293
3517.294926955636 0.975578
3519.3853009447766 0.976864
3528.2336025315367 0.978149
3541.574131027602 0.979434
3562.7168904017685 0.98072
3758.279317500154 0.982005
3872.1706904476737 0.98329
3983.63689001177 0.984576
4008.6924253522893 0.985861
4097.044051270899 0.987147
4185.609612655676 0.988432
4279.64489962669 0.989717
4500.902698711737 0.991003
4611.368438119179 0.992288
4893.720801600903 0.993573
4902.459403554331 0.994859
5330.004181666015 0.996144
5665.965913641993 0.997429
6913.300880857328 0.998715
7443.785469136979 1
