# Long-range Heisenberg model
# L = 45, S_z^tot = -35/2, J = 1, Delta = 0.2, Alpha = 3.0
# Time dependence of velocity, i.e. time derivative of the center of mass
# time, velocity

0.10000000000000001 8.1114211005761661E-003
0.15000000000000002 1.3515874428646768E-002
0.20000000000000001 1.8915620127248900E-002
0.25000000000000000 2.4308841623357225E-002
0.29999999999999999 2.9693787711257968E-002
0.34999999999999998 3.5068789664833844E-002
0.39999999999999997 4.0432277210431522E-002
0.44999999999999996 4.5782793148552159E-002
0.49999999999999994 5.1119006435804693E-002
0.54999999999999993 5.6439723556778176E-002
0.59999999999999998 6.1743898054089641E-002
0.65000000000000002 6.7030638106206908E-002
0.70000000000000007 7.2299212077933106E-002
0.75000000000000011 7.7549052002030550E-002
0.80000000000000016 8.2779754979274145E-002
0.85000000000000020 8.7991082521226005E-002
0.90000000000000024 9.3182957885966644E-002
0.95000000000000029 9.8355461492678486E-002
1.0000000000000002 0.10350882452510923
1.0500000000000003 0.10864342085826983
1.1000000000000003 0.11375975747192513
1.1500000000000004 0.11885846352284624
1.2000000000000004 0.12394027827604681
1.2500000000000004 0.12900603809573141
1.3000000000000005 0.13405666271395944
1.3500000000000005 0.13909314099304737
1.4000000000000006 0.14411651640074297
1.4500000000000006 0.14912787241541103
1.5000000000000007 0.15412831806702165
1.5500000000000007 0.15911897381440276
1.6000000000000008 0.16410095793964352
1.6500000000000008 0.16907537363479719
1.7000000000000008 0.17404329692250364
1.7500000000000009 0.17900576554659153
1.8000000000000009 0.18396376893674571
1.8500000000000010 0.18891823933393503
1.9000000000000010 0.19387004413744080
1.9500000000000011 0.19881997951083363
2.0000000000000009 0.20376876526309040
2.0500000000000007 0.20871704099594268
2.1000000000000005 0.21366536349187726
2.1500000000000004 0.21861420528989761
2.2000000000000002 0.22356395438939636
2.2500000000000000 0.22851491499373822
2.2999999999999998 0.23346730920700054
2.3499999999999996 0.23842127956842596
2.3999999999999995 0.24337689232043935
2.4499999999999993 0.24833414128108799
2.4999999999999991 0.25329295220344328
2.5499999999999989 0.25825318749856052
2.5999999999999988 0.26321465118999576
2.6499999999999986 0.26817709399554523
2.6999999999999984 0.27314021840891378
2.7499999999999982 0.27810368368542449
2.7999999999999980 0.28306711062995760
2.8499999999999979 0.28803008610252867
2.8999999999999977 0.29299216716596632
2.9499999999999975 0.29795288481301974
2.9999999999999973 0.30291174722461456
3.0499999999999972 0.30786824251477718
3.0999999999999970 0.31282184094485466
3.1499999999999968 0.31777199658936439
3.1999999999999966 0.32271814845113767
3.2499999999999964 0.32765972104016328
3.2999999999999963 0.33259612442855691
3.3499999999999961 0.33752675381677477
3.3999999999999959 0.34245098864171375
3.4499999999999957 0.34736819127384244
3.4999999999999956 0.35227770535007252
3.5499999999999954 0.35717885379169090
3.5999999999999952 0.36207093656955180
3.6499999999999950 0.36695322826932220
3.6999999999999948 0.37182497551279781
3.7499999999999947 0.37668539429898118
3.7999999999999945 0.38153366731831007
3.8499999999999943 0.38636894129270516
3.8999999999999941 0.39119032439532297
3.9499999999999940 0.39599688380103970
3.9999999999999938 0.40078764340971240
4.0499999999999936 0.40556158178149282
4.0999999999999934 0.41031763032834512
4.1499999999999932 0.41505467178606814
4.1999999999999931 0.41977153899956043
4.2499999999999929 0.42446701404554865
4.2999999999999927 0.42913982771660031
4.3499999999999925 0.43378865936820610
4.3999999999999924 0.43841213716515171
4.4499999999999922 0.44300883870778129
4.4999999999999920 0.44757729207370645
4.5499999999999918 0.45211597724945207
4.5999999999999917 0.45662332797693495
4.6499999999999915 0.46109773399386711
4.6999999999999913 0.46553754366922107
4.7499999999999911 0.46994106703561300
4.7999999999999909 0.47430657919033337
4.8499999999999908 0.47863232407159728
4.8999999999999906 0.48291651858500373
4.9499999999999904 0.48715735707620667
4.9999999999999902 0.49135301611464399
5.0499999999999901 0.49550165958848424
5.0999999999999899 0.49960144407156903
5.1499999999999897 0.50365052446261771
5.1999999999999895 0.50764705984454039
5.2499999999999893 0.51158921954847614
5.2999999999999892 0.51547518940557424
5.3499999999999890 0.51930317813178917
5.3999999999999888 0.52307142383227756
5.4499999999999886 0.52677820058072200
5.4999999999999885 0.53042182504922764
5.5499999999999883 0.53400066312342176
5.5999999999999881 0.53751313651860144
5.6499999999999879 0.54095772929274588
5.6999999999999877 0.54433299426962733
5.7499999999999876 0.54763755931265479
5.7999999999999874 0.55087013340818558
5.8499999999999872 0.55402951252558452
5.8999999999999870 0.55711458522884172
5.9499999999999869 0.56012433797922867
5.9999999999999867 0.56305786012401882
6.0499999999999865 0.56591434852556688
6.0999999999999863 0.56869311179852389
6.1499999999999861 0.57139357415021408
6.1999999999999860 0.57401527877537717
6.2499999999999858 0.57655789081110242
6.2999999999999856 0.57902119982498945
6.3499999999999854 0.58140512180427706
6.3999999999999853 0.58370970068777339
6.4499999999999851 0.58593510937864579
6.4999999999999849 0.58808165026526638
6.5499999999999847 0.59014975525665037
6.5999999999999845 0.59213998529269674
6.6499999999999844 0.59405302940948701
6.6999999999999842 0.59588970327395074
6.7499999999999840 0.59765094728183144
6.7999999999999838 0.59933782416441872
6.8499999999999837 0.60095151618481779
6.8999999999999835 0.60249332184305615
6.9499999999999833 0.60396465222614992
6.9999999999999831 0.60536702688045452
7.0499999999999829 0.60670206937778914
7.0999999999999828 0.60797150241986841
7.1499999999999826 0.60917714266947698
7.1999999999999824 0.61032089518231913
7.2499999999999822 0.61140474755941199
7.2999999999999821 0.61243076377417438
7.3499999999999819 0.61340107771744812
7.3999999999999817 0.61431788650963881
7.4499999999999815 0.61518344351394916
7.4999999999999813 0.61600005116918766
7.5499999999999812 0.61677005360762038
7.5999999999999810 0.61749582909111922
7.6499999999999808 0.61817978228855708
7.6999999999999806 0.61882433642718837
7.7499999999999805 0.61943192534867464
7.7999999999999803 0.62000498546643357
7.8499999999999801 0.62054594772117611
7.8999999999999799 0.62105722947102038
7.9499999999999797 0.62154122646106202
7.9999999999999796 0.62200030479653279
8.0499999999999794 0.62243679307410815
8.0999999999999801 0.62285297458512190
8.1499999999999808 0.62325107972943883
8.1999999999999815 0.62363327864378704
8.2499999999999822 0.62400167407883345
8.2999999999999829 0.62435829456870096
8.3499999999999837 0.62470508795433588
8.3999999999999844 0.62504391527010483
8.4499999999999851 0.62537654505666396
8.4999999999999858 0.62570464813786586
8.5499999999999865 0.62602979284461568
8.5999999999999872 0.62635344083167510
8.6499999999999879 0.62667694337690705
8.6999999999999886 0.62700153830464345
8.7499999999999893 0.62732834747604826
8.7999999999999901 0.62765837493776289
8.8499999999999908 0.62799250564076203
8.8999999999999915 0.62833150486476086
8.9499999999999922 0.62867601824395436
8.9999999999999929 0.62902657244375604
9.0499999999999936 0.62938357648382848
9.0999999999999943 0.62974732369289299
9.1499999999999950 0.63011799424248949
9.1999999999999957 0.63049565832528742
9.2499999999999964 0.63088027984838035
9.2999999999999972 0.63127172069446402
9.3499999999999979 0.63166974550146193
9.3999999999999986 0.63207402688368219
9.4499999999999993 0.63248415108068556
9.5000000000000000 0.63289962406571476
9.5500000000000007 0.63331987790919086
9.6000000000000014 0.63374427750417794
9.6500000000000021 0.63417212752888474
9.7000000000000028 0.63460267963620254
9.7500000000000036 0.63503513975099679
9.8000000000000043 0.63546867554094888
9.8500000000000050 0.63590242390414886
9.9000000000000057 0.63633549849118509
9.9500000000000064 0.63676699718707042
10.000000000000007 0.63719600950028266
10.050000000000008 0.63762162384284338
10.100000000000009 0.63804293465391737
10.150000000000009 0.63845904926342456
10.200000000000010 0.63886909455739271
10.250000000000011 0.63927222333413525
10.300000000000011 0.63966762033507152
10.350000000000012 0.64005450792359753
10.400000000000013 0.64043215139330201
10.450000000000014 0.64079986383223542
10.500000000000014 0.64115701058494068
10.550000000000015 0.64150301323753212
10.600000000000016 0.64183735314884416
10.650000000000016 0.64215957444009319
10.700000000000017 0.64246928654995372
10.750000000000018 0.64276616620151827
10.800000000000018 0.64304995893458283
10.850000000000019 0.64332048003187481
10.900000000000020 0.64357761498918364
10.950000000000021 0.64382131941783882
11.000000000000021 0.64405161848849701
11.050000000000022 0.64426860582422307
11.100000000000023 0.64447244195566356
11.150000000000023 0.64466335227894689
11.200000000000024 0.64484162453062766
11.250000000000025 0.64500760596207130
11.300000000000026 0.64516169995602723
11.350000000000026 0.64530436237483002
11.400000000000027 0.64543609756952947
11.450000000000028 0.64555745402223863
11.500000000000028 0.64566901978675872
11.550000000000029 0.64577141765497004
11.600000000000030 0.64586530016669030
11.650000000000031 0.64595134443720781
11.700000000000031 0.64603024689748878
11.750000000000032 0.64610271798411389
11.800000000000033 0.64616947675222747
11.850000000000033 0.64623124555989619
11.900000000000034 0.64628874480664678
11.950000000000035 0.64634268772934433
12.000000000000036 0.64639377539684517
12.050000000000036 0.64644269186963754
12.100000000000037 0.64649009952930214
12.150000000000038 0.64653663470860323
12.200000000000038 0.64658290359371762
12.250000000000039 0.64662947840691487
12.300000000000040 0.64667689396337380
12.350000000000041 0.64672564455143799
12.400000000000041 0.64677618118874847
12.450000000000042 0.64682890932704851
12.500000000000043 0.64688418686550619
12.550000000000043 0.64694232264329798
12.600000000000044 0.64700357535361519
12.650000000000045 0.64706815282207231
12.700000000000045 0.64713621178032810
12.750000000000046 0.64720785794310842
12.800000000000047 0.64728314661323338
12.850000000000048 0.64736208359768455
12.900000000000048 0.64744462648576473
12.950000000000049 0.64753068638950140
13.000000000000050 0.64762012987966244
13.050000000000050 0.64771278137818911
13.100000000000051 0.64780842574997166
13.150000000000052 0.64790681117496973
13.200000000000053 0.64800765234675595
13.250000000000053 0.64811063372527400
13.300000000000054 0.64821541314024955
13.350000000000055 0.64832162537630467
13.400000000000055 0.64842888602644422
13.450000000000056 0.64853679532525632
13.500000000000057 0.64864494209672330
13.550000000000058 0.64875290765478155
13.600000000000058 0.64886026975809585
13.650000000000059 0.64896660650074267
13.700000000000060 0.64907150009645420
13.750000000000060 0.64917454060410051
13.800000000000061 0.64927532945823430
13.850000000000062 0.64937348294900943
13.900000000000063 0.64946863533808852
13.950000000000063 0.64956044197181484
14.000000000000064 0.64964858201108200
14.050000000000065 0.64973276093212462
14.100000000000065 0.64981271284008102
14.150000000000066 0.64988820239548772
14.200000000000067 0.64995902650657911
14.250000000000068 0.65002501567470006
14.300000000000068 0.65008603507628493
14.350000000000069 0.65014198524206535
14.400000000000070 0.65019280254816181
14.450000000000070 0.65023845920688217
14.500000000000071 0.65027896309953093
14.550000000000072 0.65031435723760467
14.600000000000072 0.65034471886956879
14.650000000000073 0.65037015843007140
14.700000000000074 0.65039081805849719
14.750000000000075 0.65040686997978270
14.800000000000075 0.65041851456296484
14.850000000000076 0.65042597823186554
14.900000000000077 0.65042951111614400
14.950000000000077 0.65042938452005927
15.000000000000078 0.65042588835126480
15.050000000000079 0.65041932824200899
15.100000000000080 0.65041002274757176
15.150000000000080 0.65039830039367530
15.200000000000081 0.65038449664339026
15.250000000000082 0.65036895096113767
15.300000000000082 0.65035200374982338
15.350000000000083 0.65033399345505671
15.400000000000084 0.65031525362709175
15.450000000000085 0.65029611019756572
15.500000000000085 0.65027687867171835
15.550000000000086 0.65025786172114408
15.600000000000087 0.65023934666243122
15.650000000000087 0.65022160332361523
15.700000000000088 0.65020488196836368
15.750000000000089 0.65018941150292164
15.800000000000090 0.65017539787380230
15.850000000000090 0.65016302270063164
15.900000000000091 0.65015244213853407
15.950000000000092 0.65014378603063250
16.000000000000092 0.65013715723409859
16.050000000000093 0.65013263128204102
16.100000000000094 0.65013025625667353
16.150000000000095 0.65013005290332160
16.200000000000095 0.65013201500608631
16.250000000000096 0.65013611001738525
16.300000000000097 0.65014227983336781
16.350000000000097 0.65015044191667926
16.400000000000098 0.65016049055394376
16.450000000000099 0.65017229822469602
16.500000000000099 0.65018571733098440
16.550000000000100 0.65020058190000896
16.600000000000101 0.65021670955644595
16.650000000000102 0.65023390355364086
16.700000000000102 0.65025195485162612
16.750000000000103 0.65027064447306770
16.800000000000104 0.65028974564398823
16.850000000000104 0.65030902616108222
16.900000000000105 0.65032825076904999
16.950000000000106 0.65034718339941122
17.000000000000107 0.65036558950161805
17.050000000000107 0.65038323831256406
17.100000000000108 0.65039990499570877
17.150000000000109 0.65041537273820893
17.200000000000109 0.65042943474683312
17.250000000000110 0.65044189611807468
17.300000000000111 0.65045257549154911
17.350000000000112 0.65046130672325120
17.400000000000112 0.65046794019181675
17.450000000000113 0.65047234408535104
17.500000000000114 0.65047440540727308
17.550000000000114 0.65047403087827860
17.600000000000115 0.65047114747166290
17.650000000000116 0.65046570301181106
17.700000000000117 0.65045766629967972
17.750000000000117 0.65044702720570058
17.800000000000118 0.65043379650219890
17.850000000000119 0.65041800550638129
17.900000000000119 0.65039970550198944
17.950000000000120 0.65037896708812326
18.000000000000121 0.65035587919005877
18.050000000000122 0.65033054805180512
18.100000000000122 0.65030309598565594
18.150000000000123 0.65027366004205334
18.200000000000124 0.65024239048625532
18.250000000000124 0.65020944934516933
18.300000000000125 0.65017500857983634
18.350000000000126 0.65013924845306548
18.400000000000126 0.65010235567690700
18.450000000000127 0.65006452160982775
18.500000000000128 0.65002594041924766
18.550000000000129 0.64998680718371560
18.600000000000129 0.64994731610482859
18.650000000000130 0.64990765866394185
18.700000000000131 0.64986802194106019
18.750000000000131 0.64982858684608402
18.800000000000132 0.64978952660421641
18.850000000000133 0.64975100521653673
18.900000000000134 0.64971317605007073
18.950000000000134 0.64967618059665000
19.000000000000135 0.64964014736098363
19.050000000000136 0.64960519078159251
19.100000000000136 0.64957141043151978
19.150000000000137 0.64953889036523549
19.200000000000138 0.64950769851556345
19.250000000000139 0.64947788634231784
19.300000000000139 0.64944948865310437
19.350000000000140 0.64942252350142837
19.400000000000141 0.64939699237516635
19.450000000000141 0.64937288041523544
19.500000000000142 0.64935015685403386
19.550000000000143 0.64932877559300550
19.600000000000144 0.64930867597979613
19.650000000000144 0.64928978353336220
19.700000000000145 0.64927201102808141
19.750000000000146 0.64925525949551144
19.800000000000146 0.64923941945231434
19.850000000000147 0.64922437215862772
19.900000000000148 0.64920999092624498
19.950000000000149 0.64919614252676894
20.000000000000149 0.64918268866300366
20.050000000000150 0.64916948742617109
20.100000000000151 0.64915639472204134
20.150000000000151 0.64914326585945759
20.200000000000152 0.64912995695380005
20.250000000000153 0.64911632640939132
20.300000000000153 0.64910223627784092
20.350000000000154 0.64908755369700089
20.400000000000155 0.64907215204836888
20.450000000000156 0.64905591229873494
20.500000000000156 0.64903872398112128
20.550000000000157 0.64902048631957143
20.600000000000158 0.64900110905007580
20.650000000000158 0.64898051322970218
20.700000000000159 0.64895863198611181
20.750000000000160 0.64893541093216101
20.800000000000161 0.64891080863720418
20.850000000000161 0.64888479689866330
20.900000000000162 0.64885736088189816
20.950000000000163 0.64882849910581797
21.000000000000163 0.64879822333914206
21.050000000000164 0.64876655834133601
21.100000000000165 0.64873354142278572
21.150000000000166 0.64869922204376707
21.200000000000166 0.64866366113530916
21.250000000000167 0.64862693033465035
21.300000000000168 0.64858911123835128
21.350000000000168 0.64855029447944190
21.400000000000169 0.64851057872093776
21.450000000000170 0.64847006955599085
21.500000000000171 0.64842887854339892
21.550000000000171 0.64838712185913749
21.600000000000172 0.64834491924134596
21.650000000000173 0.64830239276833623
21.700000000000173 0.64825966558448300
21.750000000000174 0.64821686075699603
21.800000000000175 0.64817410004010867
21.850000000000176 0.64813150271245235
21.900000000000176 0.64808918449948294
21.950000000000177 0.64804725637408467
22.000000000000178 0.64800582372015469
22.050000000000178 0.64796498522909474
22.100000000000179 0.64792483211942198
22.150000000000180 0.64788544730127740
22.200000000000180 0.64784690471142881
22.250000000000181 0.64780926877052281
22.300000000000182 0.64777259376018748
22.350000000000183 0.64773692358087942
22.400000000000183 0.64770229140052038
22.450000000000184 0.64766871950041605
22.500000000000185 0.64763621923194847
22.550000000000185 0.64760479107128788
22.600000000000186 0.64757442479610461
22.650000000000187 0.64754509969734642
22.700000000000188 0.64751678503913723
22.750000000000188 0.64748944045824430
22.800000000000189 0.64746301651634752
22.850000000000190 0.64743745541971265
22.900000000000190 0.64741269160506931
22.950000000000191 0.64738865265354661
23.000000000000192 0.64736526005766848
23.050000000000193 0.64734243013109705
23.100000000000193 0.64732007496569821
23.150000000000194 0.64729810336487503
23.200000000000195 0.64727642186205969
23.250000000000195 0.64725493569653736
23.300000000000196 0.64723354980365855
23.350000000000197 0.64721216988058217
23.400000000000198 0.64719070321487493
23.450000000000198 0.64716905977824979
23.500000000000199 0.64714715303836101
23.550000000000200 0.64712490078143503
23.600000000000200 0.64710222607665457
23.650000000000201 0.64707905781489217
23.700000000000202 0.64705533151119710
23.750000000000203 0.64703098989106422
23.800000000000203 0.64700598334283654
23.850000000000204 0.64698027036683925
23.900000000000205 0.64695381801747942
23.950000000000205 0.64692660199398233
24.000000000000206 0.64689860691132139
24.050000000000207 0.64686982634960088
24.100000000000207 0.64684026284410834
24.150000000000208 0.64680992771229739
24.200000000000209 0.64677884093164550
24.250000000000210 0.64674703075816353
24.300000000000210 0.64671453349745889
24.350000000000211 0.64668139286375492
24.400000000000212 0.64664765966305993
24.450000000000212 0.64661339109790106
24.500000000000213 0.64657865012407001
24.550000000000214 0.64654350480196854
24.600000000000215 0.64650802752176162
24.650000000000215 0.64647229431358255
24.700000000000216 0.64643638391586933
24.750000000000217 0.64640037706659825
24.800000000000217 0.64636435559783934
24.850000000000218 0.64632840170773420
24.900000000000219 0.64629259697156272
24.950000000000220 0.64625702176996924
25.000000000000220 0.64622175424702277
25.050000000000221 0.64618686969076577
25.100000000000222 0.64615243984363246
25.150000000000222 0.64611853214387338
25.200000000000223 0.64608520914703149
25.250000000000224 0.64605252794137868
25.300000000000225 0.64602053968897621
25.350000000000225 0.64598928911323128
25.400000000000226 0.64595881420487444
25.450000000000227 0.64592914588267547
25.500000000000227 0.64590030781104701
25.550000000000228 0.64587231616627605
25.600000000000229 0.64584517971830735
25.650000000000230 0.64581889970895645
25.700000000000230 0.64579347000659482
25.750000000000231 0.64576887726964571
25.800000000000232 0.64574510117608952
25.850000000000232 0.64572211462582629
25.900000000000233 0.64569988428914371
25.950000000000234 0.64567837086876523
26.000000000000234 0.64565752969869550
26.050000000000235 0.64563731119960721
26.100000000000236 0.64561766150546873
26.150000000000237 0.64559852301677267
26.200000000000237 0.64557983511839723
26.250000000000238 0.64556153478804390
26.300000000000239 0.64554355727928225
26.350000000000239 0.64552583690485221
26.400000000000240 0.64550830760843780
26.450000000000241 0.64549090376388563
26.500000000000242 0.64547356071862794
26.550000000000242 0.64545621562466238
26.600000000000243 0.64543880801316789
26.650000000000244 0.64542128028982404
26.700000000000244 0.64540357844499852
26.750000000000245 0.64538565252441060
26.800000000000246 0.64536745709737886
26.850000000000247 0.64534895169579443
26.900000000000247 0.64533010118189793
26.950000000000248 0.64531087605459447
27.000000000000249 0.64529125267839049
27.050000000000249 0.64527121351403594
27.100000000000250 0.64525074719874453
27.150000000000251 0.64522984861874022
27.200000000000252 0.64520851890755182
27.250000000000252 0.64518676534241592
27.300000000000253 0.64516460123059005
27.350000000000254 0.64514204569228184
27.400000000000254 0.64511912345167843
27.450000000000255 0.64509586444820854
27.500000000000256 0.64507230352724321
27.550000000000257 0.64504848007075566
27.600000000000257 0.64502443740025228
27.650000000000258 0.64500022244772026
27.700000000000259 0.64497588519017768
27.750000000000259 0.64495147806979958
27.800000000000260 0.64492705538214068
27.850000000000261 0.64490267285329139
27.900000000000261 0.64487838694837762
27.950000000000262 0.64485425425850451
28.000000000000263 0.64483033096394138
28.050000000000264 0.64480667228650645
28.100000000000264 0.64478333186173131
28.150000000000265 0.64476036124517577
28.200000000000266 0.64473780940453196
28.250000000000266 0.64471572229216179
28.300000000000267 0.64469414224681998
28.350000000000268 0.64467310775398801
28.400000000000269 0.64465265304917807
28.450000000000269 0.64463280778731757
28.500000000000270 0.64461359679818031
28.550000000000271 0.64459503986611821
28.600000000000271 0.64457715159633722
28.650000000000272 0.64455994132835315
28.700000000000273 0.64454341310145935
28.750000000000274 0.64452756560044122
28.800000000000274 0.64451239233136448
28.850000000000275 0.64449788169724798
28.900000000000276 0.64448401706854952
28.950000000000276 0.64447077724636870
29.000000000000277 0.64445813648944750
29.050000000000278 0.64444606498440749
29.100000000000279 0.64443452905884158
29.150000000000279 0.64442349176957237
29.200000000000280 0.64441291312313354
29.250000000000281 0.64440275060626107
29.300000000000281 0.64439295964412224
29.350000000000282 0.64438349415908647
29.400000000000283 0.64437430688563779
29.450000000000284 0.64436535002471373
29.500000000000284 0.64435657568928661
29.550000000000285 0.64434793644224442
29.600000000000286 0.64433938570147120
29.650000000000286 0.64433087824454560
29.700000000000287 0.64432237076204046
29.750000000000288 0.64431382212880806
29.800000000000288 0.64430519391564189
29.850000000000289 0.64429645070802621
29.900000000000290 0.64428756043142243
29.950000000000291 0.64427849474164134
30.000000000000291 0.64426922913618512
30.050000000000292 0.64425974330170277
30.100000000000293 0.64425002120373165
30.150000000000293 0.64424005117103889
30.200000000000294 0.64422982608995483
30.250000000000295 0.64421934333566355
30.300000000000296 0.64420860477120812
30.350000000000296 0.64419761666179909
30.400000000000297 0.64418638957953078
30.450000000000298 0.64417493830902117
30.500000000000298 0.64416328149597746
30.550000000000299 0.64415144160079763
30.600000000000300 0.64413944439536408
30.650000000000301 0.64412731888609187
30.700000000000301 0.64411509677839263
30.750000000000302 0.64410281228781230
30.800000000000303 0.64409050161131631
30.850000000000303 0.64407820261003224
30.900000000000304 0.64406595432707547
30.950000000000305 0.64405379664606244
31.000000000000306 0.64404176977795657
31.050000000000306 0.64402991392320530
31.100000000000307 0.64401826871481660
31.150000000000308 0.64400687292220482
31.200000000000308 0.64399576405961056
31.250000000000309 0.64398497788289433
31.300000000000310 0.64397454810162458
31.350000000000311 0.64396450605947564
31.400000000000311 0.64395488039295401
31.450000000000312 0.64394569674867341
31.500000000000313 0.64393697757630264
31.550000000000313 0.64392874181748994
31.600000000000314 0.64392100490763937
31.650000000000315 0.64391377844344788
31.700000000000315 0.64390707023321170
31.750000000000316 0.64390088423472491
31.800000000000317 0.64389522042901604
31.850000000000318 0.64389007496821193
31.900000000000318 0.64388544019429617
31.950000000000319 0.64388130477951222
32.000000000000320 0.64387765381987094
32.050000000000317 0.64387446905193713
32.100000000000314 0.64387172903252576
32.150000000000311 0.64386940944729076
32.200000000000308 0.64386748331969557
32.250000000000306 0.64386592131938869
32.300000000000303 0.64386469208294272
32.350000000000300 0.64386376259555789
32.400000000000297 0.64386309845723133
32.450000000000294 0.64386266430503269
32.500000000000291 0.64386242410527927
32.550000000000288 0.64386234166931899
32.600000000000286 0.64386238081993952
32.650000000000283 0.64386250591660144
32.700000000000280 0.64386268213660003
32.750000000000277 0.64386287581342572
32.800000000000274 0.64386305478656425
32.850000000000271 0.64386318865132353
32.900000000000269 0.64386324910209680
32.950000000000266 0.64386321019661352
33.000000000000263 0.64386304844518349
33.050000000000260 0.64386274322977499
33.100000000000257 0.64386227677260877
33.150000000000254 0.64386163437895050
33.200000000000252 0.64386080448784355
33.250000000000249 0.64385977876483480
33.300000000000246 0.64385855208520582
33.350000000000243 0.64385712254555472
33.400000000000240 0.64385549147104371
33.450000000000237 0.64385366324202664
33.500000000000234 0.64385164523812932
33.550000000000232 0.64384944765315311
33.600000000000229 0.64384708339098040
33.650000000000226 0.64384456781667154
33.700000000000223 0.64384191843700478
33.750000000000220 0.64383915481606380
33.800000000000217 0.64383629817150734
33.850000000000215 0.64383337112396077
33.900000000000212 0.64383039737094805
33.950000000000209 0.64382740138825056
34.000000000000206 0.64382440810732078
34.050000000000203 0.64382144251638351
34.100000000000200 0.64381852939312978
34.150000000000198 0.64381569293416874
34.200000000000195 0.64381295641474878
34.250000000000192 0.64381034189565867
34.300000000000189 0.64380786990540173
34.350000000000186 0.64380555914475224
34.400000000000183 0.64380342616018993
34.450000000000180 0.64380148516093527
34.500000000000178 0.64379974768300485
34.550000000000175 0.64379822247943252
34.600000000000172 0.64379691527847172
34.650000000000169 0.64379582850897066
34.700000000000166 0.64379496144695736
34.750000000000163 0.64379430981190922
34.800000000000161 0.64379386581535414
34.850000000000158 0.64379361815916525
34.900000000000155 0.64379355193715071
34.950000000000152 0.64379364867313882
35.000000000000149 0.64379388634932866
35.050000000000146 0.64379423954051163
35.100000000000144 0.64379467934102763
35.150000000000141 0.64379517369552275
35.200000000000138 0.64379568735901671
35.250000000000135 0.64379618213749268
35.300000000000132 0.64379661703078739
35.350000000000129 0.64379694847751523
35.400000000000126 0.64379713050222165
35.450000000000124 0.64379711493650404
35.500000000000121 0.64379685165704359
35.550000000000118 0.64379628875641970
35.600000000000115 0.64379537286797017
35.650000000000112 0.64379404933625040
35.700000000000109 0.64379226233256759
35.750000000000107 0.64378995524286609
35.800000000000104 0.64378707070041230
35.850000000000101 0.64378355091442074
35.900000000000098 0.64377933775212171
35.950000000000095 0.64377437285379813
36.000000000000092 0.64376859782719009
36.050000000000090 0.64376195434959982
36.100000000000087 0.64375438421528486
36.150000000000084 0.64374582938548031
36.200000000000081 0.64373623203344721
36.250000000000078 0.64372553455505965
36.300000000000075 0.64371367950563751
36.350000000000072 0.64370060949116237
36.400000000000070 0.64368626727656419
36.450000000000067 0.64367059537545401
36.500000000000064 0.64365353611862020
36.550000000000061 0.64363503142864431
36.600000000000058 0.64361502255593450
36.650000000000055 0.64359344987735767
36.700000000000053 0.64357025271505108
36.750000000000050 0.64354536890036229
36.800000000000047 0.64351873470485543
36.850000000000044 0.64349028426036625
36.900000000000041 0.64345994945917084
36.950000000000038 0.64342765947174030
37.000000000000036 0.64339334041157770
37.050000000000033 0.64335691505469583
37.100000000000030 0.64331830234920062
37.150000000000027 0.64327741715722198
37.200000000000024 0.64323416976854730
37.250000000000021 0.64318846567665844
37.300000000000018 0.64314020502628466
37.350000000000016 0.64308928246212815
37.400000000000013 0.64303558663567628
37.450000000000010 0.64297899995068519
37.500000000000007 0.64291939817159971
37.550000000000004 0.64285665021976968
37.600000000000001 0.64279061783658165
37.649999999999999 0.64272115530016549
37.699999999999996 0.64264810923873483
37.749999999999993 0.64257131839788428
37.799999999999990 0.64249061343637948
37.849999999999987 0.64240581677928787
37.899999999999984 0.64231674246023829
37.949999999999982 0.64222319600915512
37.999999999999979 0.64212497440685468
38.049999999999976 0.64202186593313115
38.099999999999973 0.64191365020178637
38.149999999999970 0.64180009816666939
38.199999999999967 0.64168097204657215
38.249999999999964 0.64155602545191925
38.299999999999962 0.64142500336501485
38.349999999999959 0.64128764224065549
38.399999999999956 0.64114367015996265
38.449999999999953 0.64099280685795179
38.499999999999950 0.64083476388283600
38.549999999999947 0.64066924474850850
38.599999999999945 0.64049594511033092
38.649999999999942 0.64031455282766103
38.699999999999939 0.64012474831478983
38.749999999999936 0.63992620454257576
38.799999999999933 0.63971858729402697
38.849999999999930 0.63950155540332787
38.899999999999928 0.63927476082213275
38.949999999999925 0.63903784893575732
38.999999999999922 0.63879045864759121
39.049999999999919 0.63853222266878618
39.099999999999916 0.63826276759449740
39.149999999999913 0.63798171412031479
39.199999999999910 0.63768867724256495
39.249999999999908 0.63738326642663878
39.299999999999905 0.63706508562432873
39.349999999999902 0.63673373368629882
39.399999999999899 0.63638880426353239
39.449999999999896 0.63602988612935007
39.499999999999893 0.63565656316491470
39.549999999999891 0.63526841461751360
39.599999999999888 0.63486501516059946
39.649999999999885 0.63444593504954128
39.699999999999882 0.63401074020745796
39.749999999999879 0.63355899247866887
39.799999999999876 0.63309024954271820
39.849999999999874 0.63260406525856183
39.899999999999871 0.63209998967209913
39.949999999999868 0.63157756921469854
39.999999999999865 0.63103634689710475
