# Long-range Heisenberg model
# L = 45, S_z^tot = -35/2, J = 1, Delta = 0.2, Alpha = 2.5
# Time dependence of velocity, i.e. time derivative of the center of mass
# time, velocity

0.10000000000000001 8.9629195665352768E-003
0.15000000000000002 1.4929415059574680E-002
0.20000000000000001 2.0882833908046905E-002
0.25000000000000000 2.6818143302538289E-002
0.29999999999999999 3.2730504770643876E-002
0.34999999999999998 3.8615324757547143E-002
0.39999999999999997 4.4468301620961270E-002
0.44999999999999996 5.0285468377060383E-002
0.49999999999999994 5.6063230610980952E-002
0.54999999999999993 6.1798399047674479E-002
0.59999999999999998 6.7488216376512256E-002
0.65000000000000002 7.3130378019383713E-002
0.70000000000000007 7.8723046637465544E-002
0.75000000000000011 8.4264860276803688E-002
0.80000000000000016 8.9754934160559685E-002
0.85000000000000020 9.5192856234547207E-002
0.90000000000000024 0.10057867667862652
0.95000000000000029 0.10591289168351281
1.0000000000000002 0.11119642188297973
1.0500000000000003 0.11643058590533606
1.1000000000000003 0.12161706957403595
1.1500000000000004 0.12675789134562798
1.2000000000000004 0.13185536461111091
1.2500000000000004 0.13691205751686475
1.3000000000000005 0.14193075098729580
1.3500000000000005 0.14691439562241726
1.4000000000000006 0.15186606814616255
1.4500000000000006 0.15678892805878419
1.5000000000000007 0.16168617511505445
1.5500000000000007 0.16656100821365705
1.6000000000000008 0.17141658622731981
1.6500000000000008 0.17625599125905111
1.7000000000000008 0.18108219473261578
1.7500000000000009 0.18589802667328570
1.8000000000000009 0.19070614845661638
1.8500000000000010 0.19550902923339386
1.9000000000000010 0.20030892616953899
1.9500000000000011 0.20510786857023788
2.0000000000000009 0.20990764588840527
2.0500000000000007 0.21470979955332758
2.1000000000000005 0.21951561850080736
2.1500000000000004 0.22432613822905623
2.2000000000000002 0.22914214315624015
2.2500000000000000 0.23396417202075526
2.2999999999999998 0.23879252603392409
2.3499999999999996 0.24362727944564178
2.3999999999999995 0.24846829221832678
2.4499999999999993 0.25331522441776499
2.4999999999999991 0.25816755200327002
2.5499999999999989 0.26302458364632741
2.5999999999999988 0.26788547823044517
2.6499999999999986 0.27274926273068267
2.6999999999999984 0.27761485012477216
2.7499999999999982 0.28248105708175153
2.7999999999999980 0.28734662114705323
2.8499999999999979 0.29221021720222673
2.8999999999999977 0.29707047299655009
2.9499999999999975 0.30192598357949407
2.9999999999999973 0.30677532449846723
3.0499999999999972 0.31161706365659292
3.0999999999999970 0.31644977176519262
3.1499999999999968 0.32127203132872317
3.1999999999999966 0.32608244417904331
3.2499999999999964 0.33087963752888250
3.2999999999999963 0.33566226861926118
3.3499999999999961 0.34042902799074959
3.3999999999999959 0.34517864145920285
3.4499999999999957 0.34990987089694947
3.4999999999999956 0.35462151388993668
3.5499999999999954 0.35931240242515372
3.5999999999999952 0.36398140068675033
3.6499999999999950 0.36862740209833156
3.6999999999999948 0.37324932575812930
3.7499999999999947 0.37784611232870802
3.7999999999999945 0.38241671957397472
3.8499999999999943 0.38696011762392679
3.8999999999999941 0.39147528406636489
3.9499999999999940 0.39596119901692539
3.9999999999999938 0.40041684022053659
4.0499999999999936 0.40484117829276300
4.0999999999999934 0.40923317220857847
4.1499999999999932 0.41359176506537310
4.1999999999999931 0.41791588022449311
4.2499999999999929 0.42220441787919505
4.2999999999999927 0.42645625207797799
4.3499999999999925 0.43067022829471391
4.3999999999999924 0.43484516149464802
4.4499999999999922 0.43897983483400793
4.4999999999999920 0.44307299889224439
4.5499999999999918 0.44712337155553783
4.5999999999999917 0.45112963847104837
4.6499999999999915 0.45509045413934857
4.6999999999999913 0.45900444358686343
4.7499999999999911 0.46287020464786721
4.7999999999999909 0.46668631079207046
4.8499999999999908 0.47045131453206324
4.8999999999999906 0.47416375133510158
4.9499999999999904 0.47782214404255896
4.9999999999999902 0.48142500773618480
5.0499999999999901 0.48497085500558867
5.0999999999999899 0.48845820165521303
5.1499999999999897 0.49188557264690402
5.1999999999999895 0.49525150838173104
5.2499999999999893 0.49855457120990820
5.2999999999999892 0.50179335206680165
5.3499999999999890 0.50496647727650057
5.3999999999999888 0.50807261535387838
5.4499999999999886 0.51111048386191626
5.4999999999999885 0.51407885617248184
5.5499999999999883 0.51697656809917447
5.5999999999999881 0.51980252440253949
5.6499999999999879 0.52255570501261062
5.6999999999999877 0.52523517097812444
5.7499999999999876 0.52784007012933287
5.7999999999999874 0.53036964228892813
5.8499999999999872 0.53282322413556571
5.8999999999999870 0.53520025356693424
5.9499999999999869 0.53750027358223207
5.9999999999999867 0.53972293568380181
6.0499999999999865 0.54186800271491364
6.0999999999999863 0.54393535116831870
6.1499999999999861 0.54592497294338571
6.1999999999999860 0.54783697653366659
6.2499999999999858 0.54967158770287128
6.2999999999999856 0.55142914954567246
6.3499999999999854 0.55311012210939481
6.3999999999999853 0.55471508140980674
6.4499999999999851 0.55624471805543863
6.4999999999999849 0.55769983529438960
6.5499999999999847 0.55908134669238052
6.5999999999999845 0.56039027343183889
6.6499999999999844 0.56162774109608904
6.6999999999999842 0.56279497624160513
6.7499999999999840 0.56389330257717418
6.7999999999999838 0.56492413684452458
6.8499999999999837 0.56588898449398073
6.8999999999999835 0.56678943502344481
6.9499999999999833 0.56762715722241452
6.9999999999999831 0.56840389413462589
7.0499999999999829 0.56912145791153890
7.0999999999999828 0.56978172447241349
7.1499999999999826 0.57038662807357809
7.1999999999999824 0.57093815573296069
7.2499999999999822 0.57143834156550000
7.2999999999999821 0.57188926102174520
7.3499999999999819 0.57229302504966384
7.3999999999999817 0.57265177416690349
7.4499999999999815 0.57296767252779546
7.4999999999999813 0.57324290184146420
7.5499999999999812 0.57347965533528722
7.5999999999999810 0.57368013165353560
7.6499999999999808 0.57384652871235176
7.6999999999999806 0.57398103763052433
7.7499999999999805 0.57408583653153045
7.7999999999999803 0.57416308452927112
7.8499999999999801 0.57421491563843574
7.8999999999999799 0.57424343282079349
7.9499999999999797 0.57425070210401330
7.9999999999999796 0.57423874677086317
8.0499999999999794 0.57420954182067163
8.0999999999999801 0.57416500844894358
8.1499999999999808 0.57410700880524246
8.1999999999999815 0.57403734101477255
8.2499999999999822 0.57395773437228570
8.2999999999999829 0.57386984494785409
8.3499999999999837 0.57377525135848373
8.3999999999999844 0.57367545106302487
8.4499999999999851 0.57357185687390455
8.4999999999999858 0.57346579398753761
8.5499999999999865 0.57335849735832056
8.5999999999999872 0.57325110956478298
8.6499999999999879 0.57314467908481603
8.6999999999999886 0.57304015903424599
8.7499999999999893 0.57293840644966565
8.7999999999999901 0.57284018193767494
8.8499999999999908 0.57274614987873562
8.8999999999999915 0.57265687906653540
8.9499999999999922 0.57257284379982565
8.9999999999999929 0.57249442546464024
9.0499999999999936 0.57242191446881918
9.0999999999999943 0.57235551267909912
9.1499999999999950 0.57229533619308270
9.1999999999999957 0.57224141849355092
9.2499999999999964 0.57219371392710272
9.2999999999999972 0.57215210152516960
9.3499999999999979 0.57211638907546103
9.3999999999999986 0.57208631747496241
9.4499999999999993 0.57206156524726381
9.5000000000000000 0.57204175333563256
9.5500000000000007 0.57202644996618091
9.6000000000000014 0.57201517571078497
9.6500000000000021 0.57200740856242049
9.7000000000000028 0.57200258918731706
9.7500000000000036 0.57200012613883189
9.8000000000000043 0.57199940106993807
9.8500000000000050 0.57199977402190072
9.9000000000000057 0.57200058854979474
9.9500000000000064 0.57200117697169262
10.000000000000007 0.57200086525105220
10.050000000000008 0.57199897812282074
10.100000000000009 0.57199484374548248
10.150000000000009 0.57198779851681536
10.200000000000010 0.57197719150849480
10.250000000000011 0.57196238876180416
10.300000000000011 0.57194277753216838
10.350000000000012 0.57191777011485811
10.400000000000013 0.57188680753974097
10.450000000000014 0.57184936308516399
10.500000000000014 0.57180494538403792
10.550000000000015 0.57175310131157175
10.600000000000016 0.57169341875574986
10.650000000000016 0.57162552876262041
10.700000000000017 0.57154910765419231
10.750000000000018 0.57146387870373516
10.800000000000018 0.57136961346955673
10.850000000000019 0.57126613290243711
10.900000000000020 0.57115330792809615
10.950000000000021 0.57103105991892278
11.000000000000021 0.57089936057746371
11.050000000000022 0.57075823165300577
11.100000000000023 0.57060774428753902
11.150000000000023 0.57044801791738209
11.200000000000024 0.57027921897349287
11.250000000000025 0.57010155924091421
11.300000000000026 0.56991529378255024
11.350000000000026 0.56972071880014852
11.400000000000027 0.56951816904861730
11.450000000000028 0.56930801499406769
11.500000000000028 0.56909065995231600
11.550000000000029 0.56886653670481735
11.600000000000030 0.56863610419094712
11.650000000000031 0.56839984396448884
11.700000000000031 0.56815825652019925
11.750000000000032 0.56791185744543782
11.800000000000033 0.56766117373602043
11.850000000000033 0.56740673987665247
11.900000000000034 0.56714909391509138
11.950000000000035 0.56688877372682356
12.000000000000036 0.56662631324297053
12.050000000000036 0.56636223869126923
12.100000000000037 0.56609706511839164
12.150000000000038 0.56583129288661382
12.200000000000038 0.56556540447754600
12.250000000000039 0.56529986142955124
12.300000000000040 0.56503510143613767
12.350000000000041 0.56477153576206973
12.400000000000041 0.56450954689822197
12.450000000000042 0.56424948640515282
12.500000000000043 0.56399167305716702
12.550000000000043 0.56373639144762677
12.600000000000044 0.56348389057820469
12.650000000000045 0.56323438302801065
12.700000000000045 0.56298804423473570
12.750000000000046 0.56274501225164641
12.800000000000047 0.56250538763592317
12.850000000000048 0.56226923379771421
12.900000000000048 0.56203657746305424
12.950000000000049 0.56180740972230581
13.000000000000050 0.56158168689616872
13.050000000000050 0.56135933220744505
13.100000000000051 0.56114023727239726
13.150000000000052 0.56092426401139761
13.200000000000053 0.56071124678279460
13.250000000000053 0.56050099470780879
13.300000000000054 0.56029329411153128
13.350000000000055 0.56008791118181023
13.400000000000055 0.55988459480371233
13.450000000000056 0.55968307933270012
13.500000000000057 0.55948308768151378
13.550000000000058 0.55928433425609825
13.600000000000058 0.55908652813041471
13.650000000000059 0.55888937606610511
13.700000000000060 0.55869258550210077
13.750000000000060 0.55849586766385073
13.800000000000061 0.55829894045714923
13.850000000000062 0.55810153129534967
13.900000000000063 0.55790337980393900
13.950000000000063 0.55770424041650557
14.000000000000064 0.55750388477186164
14.050000000000065 0.55730210387256562
14.100000000000065 0.55709871017651125
14.150000000000066 0.55689353926588581
14.200000000000067 0.55668645147662232
14.250000000000068 0.55647733305018932
14.300000000000068 0.55626609735043075
14.350000000000069 0.55605268543384767
14.400000000000070 0.55583706657706955
14.450000000000070 0.55561923850422801
14.500000000000071 0.55539922728328861
14.550000000000072 0.55517708692349288
14.600000000000072 0.55495289886888344
14.650000000000073 0.55472677098528322
14.700000000000074 0.55449883652666898
14.750000000000075 0.55426925268395877
14.800000000000075 0.55403819913415475
14.850000000000076 0.55380587611168153
14.900000000000077 0.55357250252821899
14.950000000000077 0.55333831387880394
15.000000000000078 0.55310355992109095
15.050000000000079 0.55286850226167417
15.100000000000080 0.55263341203012573
15.150000000000080 0.55239856729617287
15.200000000000081 0.55216425049735562
15.250000000000082 0.55193074583392843
15.300000000000082 0.55169833677705782
15.350000000000083 0.55146730355218665
15.400000000000084 0.55123792068584976
15.450000000000085 0.55101045457202957
15.500000000000085 0.55078516131001010
15.550000000000086 0.55056228450343525
15.600000000000087 0.55034205337321396
15.650000000000087 0.55012468085848809
15.700000000000088 0.54991036205240817
15.750000000000089 0.54969927276530939
15.800000000000090 0.54949156824445566
15.850000000000090 0.54928738231250662
15.900000000000091 0.54908682643141304
15.950000000000092 0.54888998928849020
16.000000000000092 0.54869693637627392
16.050000000000093 0.54850771001504484
16.100000000000094 0.54832232944356463
16.150000000000095 0.54814079118617798
16.200000000000095 0.54796306968185604
16.250000000000096 0.54778911814629794
16.300000000000097 0.54761886942824134
16.350000000000097 0.54745223735700677
16.400000000000098 0.54728911807231384
16.450000000000099 0.54712939153667151
16.500000000000099 0.54697292319534796
16.550000000000100 0.54681956583610969
16.600000000000101 0.54666916139744615
16.650000000000102 0.54652154304640987
16.700000000000102 0.54637653714131318
16.750000000000103 0.54623396535763646
16.800000000000104 0.54609364676515781
16.850000000000104 0.54595539993854914
16.900000000000105 0.54581904502168044
16.950000000000106 0.54568440579160438
17.000000000000107 0.54555131151580838
17.050000000000107 0.54541959897033365
17.100000000000108 0.54528911408780800
17.150000000000109 0.54515971362459226
17.200000000000109 0.54503126679680491
17.250000000000110 0.54490365643790284
17.300000000000111 0.54477678033549637
17.350000000000112 0.54465055226486925
17.400000000000112 0.54452490277672183
17.450000000000113 0.54439977980315746
17.500000000000114 0.54427514925365017
17.550000000000114 0.54415099518827503
17.600000000000115 0.54402731986925801
17.650000000000116 0.54390414371908946
17.700000000000117 0.54378150494272859
17.750000000000117 0.54365945904201851
17.800000000000118 0.54353807816529098
17.850000000000119 0.54341745027265631
17.900000000000119 0.54329767810326501
17.950000000000120 0.54317887807016518
18.000000000000121 0.54306117891936623
18.050000000000122 0.54294472055929077
18.100000000000122 0.54282965230164848
18.150000000000123 0.54271613150863374
18.200000000000124 0.54260432188875996
18.250000000000124 0.54249439189032245
18.300000000000125 0.54238651295296592
18.350000000000126 0.54228085779211455
18.400000000000126 0.54217759881503014
18.450000000000127 0.54207690636541628
18.500000000000128 0.54197894710512173
18.550000000000129 0.54188388253152198
18.600000000000129 0.54179186742913998
18.650000000000130 0.54170304843601969
18.700000000000131 0.54161756287477658
18.750000000000131 0.54153553748363947
18.800000000000132 0.54145708735703124
18.850000000000133 0.54138231511426937
18.900000000000134 0.54131131000385579
18.950000000000134 0.54124414736868687
19.000000000000135 0.54118088811346610
19.050000000000136 0.54112157840986441
19.100000000000136 0.54106624943550230
19.150000000000137 0.54101491747914565
19.200000000000138 0.54096758402842227
19.250000000000139 0.54092423598572026
19.300000000000139 0.54088484610797849
19.350000000000140 0.54084937363978014
19.400000000000141 0.54081776489013578
19.450000000000141 0.54078995408993080
19.500000000000142 0.54076586424834261
19.550000000000143 0.54074540823094708
19.600000000000144 0.54072848972921861
19.650000000000144 0.54071500452003818
19.700000000000145 0.54070484160195775
19.750000000000146 0.54069788451670320
19.800000000000146 0.54069401260505856
19.850000000000147 0.54069310227699674
19.900000000000148 0.54069502834707350
19.950000000000149 0.54069966531685054
20.000000000000149 0.54070688868645078
20.050000000000150 0.54071657613963708
20.100000000000151 0.54072860873500161
20.150000000000151 0.54074287197249049
20.200000000000152 0.54075925693201299
20.250000000000153 0.54077766120769866
20.300000000000153 0.54079798974100868
20.350000000000154 0.54082015562745056
20.400000000000155 0.54084408078381330
20.450000000000156 0.54086969652473726
20.500000000000156 0.54089694391553422
20.550000000000157 0.54092577433213052
20.600000000000158 0.54095614931490843
20.650000000000158 0.54098804100920717
20.700000000000159 0.54102143197304997
20.750000000000160 0.54105631503531981
20.800000000000161 0.54109269309240204
20.850000000000161 0.54113057874932480
20.900000000000162 0.54116999388899245
20.950000000000163 0.54121096902196797
21.000000000000163 0.54125354284362714
21.050000000000164 0.54129776136022656
21.100000000000165 0.54134367713199794
21.150000000000166 0.54139134856434623
21.200000000000166 0.54144083886200178
21.250000000000167 0.54149221526699876
21.300000000000168 0.54154554794749288
21.350000000000168 0.54160090918923487
21.400000000000169 0.54165837231494152
21.450000000000170 0.54171801082631532
21.500000000000171 0.54177989730334275
21.550000000000171 0.54184410259587423
21.600000000000172 0.54191069491654531
21.650000000000173 0.54197973893863605
21.700000000000173 0.54205129508122951
21.750000000000174 0.54212541865616970
21.800000000000175 0.54220215928360460
21.850000000000176 0.54228156027043894
21.900000000000176 0.54236365802424302
21.950000000000177 0.54244848164362480
22.000000000000178 0.54253605261131099
22.050000000000178 0.54262638432977184
22.100000000000179 0.54271948212445409
22.150000000000180 0.54281534307364154
22.200000000000180 0.54291395588183633
22.250000000000181 0.54301530107604634
22.300000000000182 0.54311935105900488
22.350000000000183 0.54322607032286641
22.400000000000183 0.54333541591258694
22.450000000000184 0.54344733760228081
22.500000000000185 0.54356177830044317
22.550000000000185 0.54367867482167043
22.600000000000186 0.54379795807609099
22.650000000000187 0.54391955397051106
22.700000000000188 0.54404338383854167
22.750000000000188 0.54416936519182002
22.800000000000189 0.54429741243474439
22.850000000000190 0.54442743748730038
22.900000000000190 0.54455935059181115
22.950000000000191 0.54469306094183878
23.000000000000192 0.54482847747625129
23.050000000000193 0.54496550958063494
23.100000000000193 0.54510406772017461
23.150000000000194 0.54524406402897796
23.200000000000195 0.54538541316354383
23.250000000000195 0.54552803263465677
23.300000000000196 0.54567184348826459
23.350000000000197 0.54581677076175339
23.400000000000198 0.54596274388060806
23.450000000000198 0.54610969714133262
23.500000000000199 0.54625756997698005
23.550000000000200 0.54640630713777227
23.600000000000200 0.54655585906086657
23.650000000000201 0.54670618190648668
23.700000000000202 0.54685723762876393
23.750000000000203 0.54700899407869485
23.800000000000203 0.54716142478405061
23.850000000000204 0.54731450906864154
23.900000000000205 0.54746823169928405
23.950000000000205 0.54762258278419296
24.000000000000206 0.54777755750713197
24.050000000000207 0.54793315566723066
24.100000000000207 0.54808938155105125
24.150000000000208 0.54824624339040895
24.200000000000209 0.54840375297899868
24.250000000000210 0.54856192525011949
24.300000000000210 0.54872077774831496
24.350000000000211 0.54888033024901972
24.400000000000212 0.54904060408155431
24.450000000000212 0.54920162184849630
24.500000000000213 0.54936340676928097
24.550000000000214 0.54952598221817084
24.600000000000215 0.54968937131238960
24.650000000000215 0.54985359628684449
24.700000000000216 0.55001867826689477
24.750000000000217 0.55018463652217520
24.800000000000217 0.55035148853093574
24.850000000000218 0.55051924915915151
24.900000000000219 0.55068793056932464
24.950000000000220 0.55085754190002945
25.000000000000220 0.55102808895171052
25.050000000000221 0.55119957410177278
25.100000000000222 0.55137199597240283
25.150000000000222 0.55154534941689093
25.200000000000223 0.55171962546197051
25.250000000000224 0.55189481110620164
25.300000000000225 0.55207088954762895
25.350000000000225 0.55224784009467953
25.400000000000226 0.55242563831946256
25.450000000000227 0.55260425612082997
25.500000000000227 0.55278366194553286
25.550000000000228 0.55296382101680308
25.600000000000229 0.55314469548523704
25.650000000000230 0.55332624480932679
25.700000000000230 0.55350842596514127
25.750000000000231 0.55369119366933006
25.800000000000232 0.55387450099221525
25.850000000000232 0.55405829934844775
25.900000000000233 0.55424253919042599
25.950000000000234 0.55442717009150044
26.000000000000234 0.55461214131931058
26.050000000000235 0.55479740204500416
26.100000000000236 0.55498290184448962
26.150000000000237 0.55516859093792448
26.200000000000237 0.55535442058861406
26.250000000000238 0.55554034347423453
26.300000000000239 0.55572631385892635
26.350000000000239 0.55591228801098680
26.400000000000240 0.55609822443251744
26.450000000000241 0.55628408405738128
26.500000000000242 0.55646983052376697
26.550000000000242 0.55665543029874698
26.600000000000243 0.55684085292860175
26.650000000000244 0.55702607101480339
26.700000000000244 0.55721106047940339
26.750000000000245 0.55739580038157044
26.800000000000246 0.55758027323065562
26.850000000000247 0.55776446478219555
26.900000000000247 0.55794836401389603
26.950000000000248 0.55813196320237068
27.000000000000249 0.55831525753568201
27.050000000000249 0.55849824535052051
27.100000000000250 0.55868092772129785
27.150000000000251 0.55886330841225629
27.200000000000252 0.55904539357200633
27.250000000000252 0.55922719165181434
27.300000000000253 0.55940871308230555
27.350000000000254 0.55958997006094080
27.400000000000254 0.55977097628215233
27.450000000000255 0.55995174671998882
27.500000000000256 0.56013229731128433
27.550000000000257 0.56031264461459784
27.600000000000257 0.56049280578875482
27.650000000000258 0.56067279801816028
27.700000000000259 0.56085263844458666
27.750000000000259 0.56103234389816237
27.800000000000260 0.56121193054011087
27.850000000000261 0.56139141384811353
27.900000000000261 0.56157080803778570
27.950000000000262 0.56175012630042431
28.000000000000263 0.56192938032005202
28.050000000000264 0.56210858023995058
28.100000000000264 0.56228773445504032
28.150000000000265 0.56246684957365289
28.200000000000266 0.56264593032103960
28.250000000000266 0.56282497934709852
28.300000000000267 0.56300399733927975
28.350000000000268 0.56318298296666569
28.400000000000269 0.56336193280110081
28.450000000000269 0.56354084148125594
28.500000000000270 0.56371970160007834
28.550000000000271 0.56389850396584507
28.600000000000271 0.56407723751107142
28.650000000000272 0.56425588954141404
28.700000000000273 0.56443444585632108
28.750000000000274 0.56461289081909172
28.800000000000274 0.56479120757529699
28.850000000000275 0.56496937825265547
28.900000000000276 0.56514738409035203
28.950000000000276 0.56532520572197598
29.000000000000277 0.56550282324394630
29.050000000000278 0.56568021652722678
29.100000000000279 0.56585736541784115
29.150000000000279 0.56603424990299800
29.200000000000280 0.56621085037505736
29.250000000000281 0.56638714773342258
29.300000000000281 0.56656312373910112
29.350000000000282 0.56673876097733000
29.400000000000283 0.56691404319792582
29.450000000000284 0.56708895554095307
29.500000000000284 0.56726348435709895
29.550000000000285 0.56743761779401325
29.600000000000286 0.56761134547407721
29.650000000000286 0.56778465894872454
29.700000000000287 0.56795755156279881
29.750000000000288 0.56813001850436251
29.800000000000288 0.56830205704102355
29.850000000000289 0.56847366631721741
29.900000000000290 0.56864484746853350
29.950000000000291 0.56881560358249317
30.000000000000291 0.56898593962969812
30.050000000000292 0.56915586253531103
30.100000000000293 0.56932538083358963
30.150000000000293 0.56949450485497266
30.200000000000294 0.56966324651376965
30.250000000000295 0.56983161905961310
30.300000000000296 0.56999963711824364
30.350000000000296 0.57016731647060226
30.400000000000297 0.57033467385927850
30.450000000000298 0.57050172692704848
30.500000000000298 0.57066849387403806
30.550000000000299 0.57083499341381128
30.600000000000300 0.57100124452496459
30.650000000000301 0.57116726633665849
30.700000000000301 0.57133307791254140
30.750000000000302 0.57149869793299501
30.800000000000303 0.57166414479709715
30.850000000000303 0.57182943616012949
30.900000000000304 0.57199458905458300
30.950000000000305 0.57215961947441940
31.000000000000306 0.57232454238594244
31.050000000000306 0.57248937168054681
31.100000000000307 0.57265411975876646
31.150000000000308 0.57281879779019107
31.200000000000308 0.57298341533851271
31.250000000000309 0.57314798048892612
31.300000000000310 0.57331249976044774
31.350000000000311 0.57347697786724439
31.400000000000311 0.57364141808129432
31.450000000000312 0.57380582186880247
31.500000000000313 0.57397018908147857
31.550000000000313 0.57413451799327220
31.600000000000314 0.57429880529227262
31.650000000000315 0.57446304614231281
31.700000000000315 0.57462723436579211
31.750000000000316 0.57479136224309002
31.800000000000317 0.57495542109052167
31.850000000000318 0.57511940086122593
31.900000000000318 0.57528329056339089
31.950000000000319 0.57544707835276654
32.000000000000320 0.57561075157842367
32.050000000000317 0.57577429690653048
32.100000000000314 0.57593770058609550
32.150000000000311 0.57610094839944281
32.200000000000308 0.57626402591516523
32.250000000000306 0.57642691867854978
32.300000000000303 0.57658961205504511
32.350000000000300 0.57675209163214447
32.400000000000297 0.57691434319373514
32.450000000000294 0.57707635287641779
32.500000000000291 0.57723810707237533
32.550000000000288 0.57739959282741893
32.600000000000286 0.57756079742851796
32.650000000000283 0.57772170899930586
32.700000000000280 0.57788231600490292
32.750000000000277 0.57804260763546722
32.800000000000274 0.57820257354805449
32.850000000000271 0.57836220400872662
32.900000000000269 0.57852148964812500
32.950000000000266 0.57868042165694078
33.000000000000263 0.57883899157744167
33.050000000000260 0.57899719101676794
33.100000000000257 0.57915501191239116
33.150000000000254 0.57931244608916188
33.200000000000252 0.57946948527401787
33.250000000000249 0.57962612082000931
33.300000000000246 0.57978234371276471
33.350000000000243 0.57993814411730682
33.400000000000240 0.58009351153835098
33.450000000000237 0.58024843428810868
33.500000000000234 0.58040289946958978
33.550000000000232 0.58055689270609889
33.600000000000229 0.58071039786774747
33.650000000000226 0.58086339698775191
33.700000000000223 0.58101586990304099
33.750000000000220 0.58116779415001929
33.800000000000217 0.58131914455337608
33.850000000000215 0.58146989332477972
33.900000000000212 0.58162000950666481
33.950000000000209 0.58176945904868660
34.000000000000206 0.58191820434664976
34.050000000000203 0.58206620433054468
34.100000000000200 0.58221341413926098
34.150000000000198 0.58235978485114970
34.200000000000195 0.58250526350924758
34.250000000000192 0.58264979296943409
34.300000000000189 0.58279331157201852
34.350000000000186 0.58293575324775304
34.400000000000183 0.58307704716341391
34.450000000000180 0.58321711788352104
34.500000000000178 0.58335588513500625
34.550000000000175 0.58349326368151821
34.600000000000172 0.58362916343654092
34.650000000000169 0.58376348920589294
34.700000000000166 0.58389614076574503
34.750000000000163 0.58402701283021941
34.800000000000161 0.58415599483907954
34.850000000000158 0.58428297127349538
34.900000000000155 0.58440782127341606
34.950000000000152 0.58453041885130119
35.000000000000149 0.58465063281325058
35.050000000000146 0.58476832667437861
35.100000000000144 0.58488335878649877
35.150000000000141 0.58499558222393944
35.200000000000138 0.58510484474680879
35.250000000000135 0.58521098892050816
35.300000000000132 0.58531385188565821
35.350000000000129 0.58541326554333750
35.400000000000126 0.58550905631598482
35.450000000000124 0.58560104534443269
35.500000000000121 0.58568904803053101
35.550000000000118 0.58577287458263072
35.600000000000115 0.58585232935747911
35.650000000000112 0.58592721114237634
35.700000000000109 0.58599731290136958
35.750000000000107 0.58606242170924361
35.800000000000104 0.58612231883238053
35.850000000000101 0.58617677929483136
35.900000000000098 0.58622557198042102
35.950000000000095 0.58626845944282024
36.000000000000092 0.58630519779370616
36.050000000000090 0.58633553656832760
36.100000000000087 0.58635921854374828
36.150000000000084 0.58637597960640164
36.200000000000081 0.58638554870320547
36.250000000000078 0.58638764750419625
36.300000000000075 0.58638199052097661
36.350000000000072 0.58636828470234548
36.400000000000070 0.58634622953420035
36.450000000000067 0.58631551674189097
36.500000000000064 0.58627583038081355
36.550000000000061 0.58622684642735123
36.600000000000058 0.58616823308398125
36.650000000000055 0.58609965036225731
36.700000000000053 0.58602075019379640
36.750000000000050 0.58593117649472504
36.800000000000047 0.58583056484451390
36.850000000000044 0.58571854289759528
36.900000000000041 0.58559473008159557
36.950000000000038 0.58545873779721092
37.000000000000036 0.58531016948194292
37.050000000000033 0.58514862083079322
37.100000000000030 0.58497367970815617
37.150000000000027 0.58478492649506109
37.200000000000024 0.58458193435036776
37.250000000000021 0.58436426920522422
37.300000000000018 0.58413149028829991
37.350000000000016 0.58388315020273751
37.400000000000013 0.58361879540782979
37.450000000000010 0.58333796652931369
37.500000000000007 0.58304019872331025
37.550000000000004 0.58272502206527577
37.600000000000001 0.58239196208972999
37.649999999999999 0.58204054028109908
37.699999999999996 0.58167027443516872
37.749999999999993 0.58128067925082405
37.799999999999990 0.58087126701742875
37.849999999999987 0.58044154798871261
37.899999999999984 0.57999103118206108
37.949999999999982 0.57951922478373774
37.999999999999979 0.57902563700295673
38.049999999999976 0.57850977664656966
38.099999999999973 0.57797115378015462
38.149999999999970 0.57740928046001727
38.199999999999967 0.57682367135022616
38.249999999999964 0.57621384456538749
38.299999999999962 0.57557932237401133
38.349999999999959 0.57491963179643335
38.399999999999956 0.57423430561094335
38.449999999999953 0.57352288277904506
38.499999999999950 0.57278490941882865
38.549999999999947 0.57201993957086472
38.599999999999945 0.57122753578781271
38.649999999999942 0.57040727000561731
38.699999999999939 0.56955872424033771
38.749999999999936 0.56868149140136381
38.799999999999933 0.56777517593232574
38.849999999999930 0.56683939467781386
38.899999999999928 0.56587377746950551
38.949999999999925 0.56487796786932165
38.999999999999922 0.56385162408552958
39.049999999999919 0.56279441938329455
39.099999999999916 0.56170604296305271
39.149999999999913 0.56058620054194819
39.199999999999910 0.55943461517465209
39.249999999999908 0.55825102770107549
39.299999999999905 0.55703519756377773
39.349999999999902 0.55578690336972159
39.399999999999899 0.55450594350006099
39.449999999999896 0.55319213670060208
39.499999999999893 0.55184532272235742
39.549999999999891 0.55046536290220160
39.599999999999888 0.54905214052759277
39.649999999999885 0.54760556166371543
39.699999999999882 0.54612555542526309
39.749999999999879 0.54461207457457306
39.799999999999876 0.54306509597559227
39.849999999999874 0.54148462102141082
39.899999999999871 0.53987067611721784
39.949999999999868 0.53822331295897641
39.999999999999865 0.53654260906476736
