# Random field Heisenberg chain
# L=14, J=1, Delta=0.4, W=1.5, h_i in [-W,W]
# Integrated spectral function of the Anderson LIOMs I_alpha
# omega I_alpha

0.000000000000000000e+00 1.004378632214344459e-03
0.000000000000000000e+00 2.073497524222456777e-03
0.000000000000000000e+00 3.143243788522701553e-03
0.000000000000000000e+00 4.078392634907717675e-03
0.000000000000000000e+00 5.095854711031251594e-03
0.000000000000000000e+00 6.131492117145855188e-03
0.000000000000000000e+00 7.059560617866864757e-03
0.000000000000000000e+00 8.002746315240703151e-03
0.000000000000000000e+00 9.130524400959018697e-03
0.000000000000000000e+00 1.001966083344476080e-02
0.000000000000000000e+00 1.102588538545616788e-02
0.000000000000000000e+00 1.216046586903975560e-02
0.000000000000000000e+00 1.302983240042720516e-02
0.000000000000000000e+00 1.408163576402526526e-02
0.000000000000000000e+00 1.500487607843546851e-02
0.000000000000000000e+00 1.612401361989327167e-02
0.000000000000000000e+00 1.701196272226879191e-02
0.000000000000000000e+00 1.804830767216709930e-02
0.000000000000000000e+00 1.901378746135275882e-02
0.000000000000000000e+00 2.007061727618763766e-02
0.000000000000000000e+00 2.103631668355044476e-02
0.000000000000000000e+00 2.201187434652242605e-02
0.000000000000000000e+00 2.311633096071090757e-02
0.000000000000000000e+00 2.404151385089493137e-02
0.000000000000000000e+00 2.501625313112669502e-02
0.000000000000000000e+00 2.620926336336875870e-02
0.000000000000000000e+00 2.711432067128847351e-02
0.000000000000000000e+00 2.807315483937000700e-02
0.000000000000000000e+00 2.906737821922977458e-02
0.000000000000000000e+00 3.010411908577796669e-02
0.000000000000000000e+00 3.105923564457647307e-02
0.000000000000000000e+00 3.201711705343436576e-02
0.000000000000000000e+00 3.305934784871839005e-02
0.000000000000000000e+00 3.401513715046939473e-02
0.000000000000000000e+00 3.501255968762709281e-02
0.000000000000000000e+00 3.609199619949562260e-02
0.000000000000000000e+00 3.703423580537477250e-02
0.000000000000000000e+00 3.807062196715049057e-02
0.000000000000000000e+00 3.900929474390487511e-02
0.000000000000000000e+00 4.002720239738210423e-02
0.000000000000000000e+00 4.101910789195457874e-02
0.000000000000000000e+00 4.209433630206518145e-02
0.000000000000000000e+00 4.300416539359539631e-02
0.000000000000000000e+00 4.400049915647420012e-02
0.000000000000000000e+00 4.502239517985981432e-02
0.000000000000000000e+00 4.610251845899198536e-02
0.000000000000000000e+00 4.700328601489058705e-02
0.000000000000000000e+00 4.819436876440641448e-02
0.000000000000000000e+00 4.918586439981705027e-02
0.000000000000000000e+00 5.008200059452869862e-02
0.000000000000000000e+00 5.104968553443568757e-02
0.000000000000000000e+00 5.215436274573753000e-02
0.000000000000000000e+00 5.304515552177008209e-02
0.000000000000000000e+00 5.400427758926745064e-02
0.000000000000000000e+00 5.506452282125699066e-02
0.000000000000000000e+00 5.601506250843645007e-02
0.000000000000000000e+00 5.706893332145535763e-02
0.000000000000000000e+00 5.800770121790196909e-02
0.000000000000000000e+00 5.920835779609501248e-02
0.000000000000000000e+00 6.001520915745222479e-02
0.000000000000000000e+00 6.114166154811788434e-02
0.000000000000000000e+00 6.209990442676029815e-02
0.000000000000000000e+00 6.302795413365809563e-02
0.000000000000000000e+00 6.405023569771892133e-02
0.000000000000000000e+00 6.514762046423033803e-02
0.000000000000000000e+00 6.600516083030615044e-02
0.000000000000000000e+00 6.706597749791091967e-02
0.000000000000000000e+00 6.800742503190970734e-02
0.000000000000000000e+00 6.900908137029539147e-02
0.000000000000000000e+00 7.001583479263977228e-02
0.000000000000000000e+00 7.100287158457940784e-02
0.000000000000000000e+00 7.200761697290251895e-02
0.000000000000000000e+00 7.302083416210516931e-02
0.000000000000000000e+00 7.419138574573194700e-02
0.000000000000000000e+00 7.502265309841815721e-02
0.000000000000000000e+00 7.607737343269395380e-02
0.000000000000000000e+00 7.703055174487984103e-02
0.000000000000000000e+00 7.807992632380432452e-02
0.000000000000000000e+00 7.909875784868342086e-02
0.000000000000000000e+00 8.000105644287452966e-02
0.000000000000000000e+00 8.105013061979242373e-02
0.000000000000000000e+00 8.210451621068726169e-02
0.000000000000000000e+00 8.301008335419779449e-02
0.000000000000000000e+00 8.403257802256018649e-02
0.000000000000000000e+00 8.513815400200588912e-02
0.000000000000000000e+00 8.602740389189358905e-02
0.000000000000000000e+00 8.716515331579614834e-02
0.000000000000000000e+00 8.802074592921592389e-02
0.000000000000000000e+00 8.913681533137511603e-02
0.000000000000000000e+00 9.001645913066855242e-02
0.000000000000000000e+00 9.114453895723584331e-02
0.000000000000000000e+00 9.201415371898408191e-02
0.000000000000000000e+00 9.301650491765091344e-02
0.000000000000000000e+00 9.401460593352529982e-02
0.000000000000000000e+00 9.504042248743080346e-02
0.000000000000000000e+00 9.604905965068377682e-02
0.000000000000000000e+00 9.701844186820357541e-02
0.000000000000000000e+00 9.801024612474473763e-02
0.000000000000000000e+00 9.914205525640695793e-02
0.000000000000000000e+00 1.000149732338557890e-01
0.000000000000000000e+00 1.011187308610993346e-01
0.000000000000000000e+00 1.020091970401320602e-01
0.000000000000000000e+00 1.030348105021924449e-01
0.000000000000000000e+00 1.040511288812729085e-01
0.000000000000000000e+00 1.050065442447754710e-01
0.000000000000000000e+00 1.060349469864271948e-01
0.000000000000000000e+00 1.071309662503356491e-01
0.000000000000000000e+00 1.080597306536855290e-01
0.000000000000000000e+00 1.091423302781762972e-01
0.000000000000000000e+00 1.101681616376075645e-01
0.000000000000000000e+00 1.110220733308158181e-01
0.000000000000000000e+00 1.120254896345369983e-01
0.000000000000000000e+00 1.130134194078722676e-01
0.000000000000000000e+00 1.142460642402542692e-01
0.000000000000000000e+00 1.151339651679849363e-01
0.000000000000000000e+00 1.161543661637901848e-01
0.000000000000000000e+00 1.170431435342350890e-01
0.000000000000000000e+00 1.180598362221781800e-01
0.000000000000000000e+00 1.190214167930978284e-01
0.000000000000000000e+00 1.200251111809944593e-01
0.000000000000000000e+00 1.210357807534824665e-01
0.000000000000000000e+00 1.220110838871049097e-01
0.000000000000000000e+00 1.230053429082130084e-01
0.000000000000000000e+00 1.240849389316498602e-01
0.000000000000000000e+00 1.251336330208705494e-01
0.000000000000000000e+00 1.260825350162545211e-01
0.000000000000000000e+00 1.270906863640400841e-01
0.000000000000000000e+00 1.281068261314485257e-01
0.000000000000000000e+00 1.291146781521028408e-01
0.000000000000000000e+00 1.300097305897085498e-01
0.000000000000000000e+00 1.310487391113601685e-01
0.000000000000000000e+00 1.320383622015597891e-01
0.000000000000000000e+00 1.330104249857012033e-01
0.000000000000000000e+00 1.340125380843988911e-01
0.000000000000000000e+00 1.351096268404755885e-01
0.000000000000000000e+00 1.360305560328850805e-01
0.000000000000000000e+00 1.370233941262146427e-01
0.000000000000000000e+00 1.380163014659223086e-01
0.000000000000000000e+00 1.391429916284684931e-01
0.000000000000000000e+00 1.400183079397613883e-01
0.000000000000000000e+00 1.410444611510605628e-01
0.000000000000000000e+00 1.421002628650860633e-01
0.000000000000000000e+00 1.430733897606231153e-01
0.000000000000000000e+00 1.440251462552268602e-01
0.000000000000000000e+00 1.450261660911497386e-01
0.000000000000000000e+00 1.460103120590442172e-01
0.000000000000000000e+00 1.472080104296744352e-01
0.000000000000000000e+00 1.480285395318945152e-01
0.000000000000000000e+00 1.490723361117329282e-01
0.000000000000000000e+00 1.501218421388618440e-01
0.000000000000000000e+00 1.510721648898550040e-01
0.000000000000000000e+00 1.520836524129443035e-01
0.000000000000000000e+00 1.530131849613501072e-01
0.000000000000000000e+00 1.540351344300983638e-01
0.000000000000000000e+00 1.550021245765517142e-01
0.000000000000000000e+00 1.560473143745604585e-01
0.000000000000000000e+00 1.570132842962847775e-01
0.000000000000000000e+00 1.580416718899545492e-01
0.000000000000000000e+00 1.590242557895130138e-01
0.000000000000000000e+00 1.600619352035888565e-01
0.000000000000000000e+00 1.610159634638948511e-01
0.000000000000000000e+00 1.620153728180248609e-01
0.000000000000000000e+00 1.630266800879433819e-01
0.000000000000000000e+00 1.642122986401213236e-01
0.000000000000000000e+00 1.650551354136521043e-01
0.000000000000000000e+00 1.660595010218601231e-01
0.000000000000000000e+00 1.670528375757747430e-01
0.000000000000000000e+00 1.680556233355726126e-01
0.000000000000000000e+00 1.691382826302192111e-01
0.000000000000000000e+00 1.700418004881389389e-01
0.000000000000000000e+00 1.710588372950413716e-01
0.000000000000000000e+00 1.722043762037916426e-01
0.000000000000000000e+00 1.730484948118290733e-01
0.000000000000000000e+00 1.740077686600019213e-01
0.000000000000000000e+00 1.750525890120472883e-01
0.000000000000000000e+00 1.760941602975034381e-01
0.000000000000000000e+00 1.771521168397575674e-01
0.000000000000000000e+00 1.781134030935299928e-01
0.000000000000000000e+00 1.791466925470341920e-01
0.000000000000000000e+00 1.800248416609063207e-01
0.000000000000000000e+00 1.811477664544292598e-01
0.000000000000000000e+00 1.821356725205729998e-01
0.000000000000000000e+00 1.830393990989592767e-01
0.000000000000000000e+00 1.842702922514159458e-01
0.000000000000000000e+00 1.851663260195513805e-01
0.000000000000000000e+00 1.860521904225644341e-01
0.000000000000000000e+00 1.870230224025170307e-01
0.000000000000000000e+00 1.880488396143764895e-01
0.000000000000000000e+00 1.890375905709736903e-01
0.000000000000000000e+00 1.900626045884307724e-01
0.000000000000000000e+00 1.910001298189398233e-01
0.000000000000000000e+00 1.920877330844119879e-01
0.000000000000000000e+00 1.931095719022329904e-01
0.000000000000000000e+00 1.940153530925461112e-01
0.000000000000000000e+00 1.950878699400650507e-01
0.000000000000000000e+00 1.960023249439976356e-01
0.000000000000000000e+00 1.970645879642337062e-01
0.000000000000000000e+00 1.980012049528665219e-01
0.000000000000000000e+00 1.991297977439819844e-01
0.000000000000000000e+00 2.001064730250390611e-01
0.000000000000000000e+00 2.010225648848775193e-01
0.000000000000000000e+00 2.020622196508810031e-01
0.000000000000000000e+00 2.031069911011385010e-01
0.000000000000000000e+00 2.040081504487687158e-01
0.000000000000000000e+00 2.050753843587677649e-01
0.000000000000000000e+00 2.060083973439403027e-01
0.000000000000000000e+00 2.070324162218817599e-01
0.000000000000000000e+00 2.080143287783847161e-01
0.000000000000000000e+00 2.090398142845517893e-01
0.000000000000000000e+00 2.100070609714218550e-01
0.000000000000000000e+00 2.111693230573551128e-01
0.000000000000000000e+00 2.120353284865880428e-01
0.000000000000000000e+00 2.131802421483215693e-01
0.000000000000000000e+00 2.140194691769434221e-01
0.000000000000000000e+00 2.150314445109549333e-01
0.000000000000000000e+00 2.160485840795921542e-01
0.000000000000000000e+00 2.171108388258247424e-01
0.000000000000000000e+00 2.180302970777609484e-01
0.000000000000000000e+00 2.190018135293785861e-01
0.000000000000000000e+00 2.200683294711595350e-01
0.000000000000000000e+00 2.211913591563991199e-01
0.000000000000000000e+00 2.220322298404801553e-01
0.000000000000000000e+00 2.231774496172389821e-01
0.000000000000000000e+00 2.240261430274140542e-01
0.000000000000000000e+00 2.250229513848568674e-01
0.000000000000000000e+00 2.260353626076149758e-01
0.000000000000000000e+00 2.271447082990400157e-01
0.000000000000000000e+00 2.281452313383369457e-01
0.000000000000000000e+00 2.290552815730449165e-01
0.000000000000000000e+00 2.301235173142124613e-01
0.000000000000000000e+00 2.310171003863765171e-01
0.000000000000000000e+00 2.320523082192959274e-01
0.000000000000000000e+00 2.330223500539528314e-01
0.000000000000000000e+00 2.340891481723907097e-01
0.000000000000000000e+00 2.350814935428454100e-01
0.000000000000000000e+00 2.360592764341068739e-01
0.000000000000000000e+00 2.370449559972274967e-01
0.000000000000000000e+00 2.380020710215357826e-01
0.000000000000000000e+00 2.391017264553125243e-01
0.000000000000000000e+00 2.400080359597411284e-01
0.000000000000000000e+00 2.411956432371855918e-01
0.000000000000000000e+00 2.420862828159617564e-01
0.000000000000000000e+00 2.430028852727118827e-01
0.000000000000000000e+00 2.440853539429441998e-01
0.000000000000000000e+00 2.450595167640025607e-01
0.000000000000000000e+00 2.460417516925621495e-01
0.000000000000000000e+00 2.470091688519871764e-01
0.000000000000000000e+00 2.480619758511312944e-01
0.000000000000000000e+00 2.490648226202120674e-01
0.000000000000000000e+00 2.500904489943445719e-01
0.000000000000000000e+00 2.510751222528534443e-01
0.000000000000000000e+00 2.520367037195351823e-01
0.000000000000000000e+00 2.530060070773260117e-01
0.000000000000000000e+00 2.540203838590530672e-01
0.000000000000000000e+00 2.550452322112428671e-01
0.000000000000000000e+00 2.560407377939744600e-01
0.000000000000000000e+00 2.570925500854575052e-01
0.000000000000000000e+00 2.580095601528204496e-01
0.000000000000000000e+00 2.591442288782122016e-01
0.000000000000000000e+00 2.600070143404419887e-01
0.000000000000000000e+00 2.610995186828828918e-01
0.000000000000000000e+00 2.620265957478487007e-01
0.000000000000000000e+00 2.630175661003704701e-01
0.000000000000000000e+00 2.640350091266826515e-01
1.439517104731002917e-04 2.650688276654604159e-01
2.022964202152977009e-04 2.660113184843909129e-01
2.604255153766388275e-04 2.671450055693592174e-01
2.909772524199993882e-04 2.680021573996055895e-01
3.348541698460216764e-04 2.691047705991730932e-01
3.731743121804242946e-04 2.700010776029882487e-01
3.992015203144738678e-04 2.710302382380180286e-01
4.144238624512741609e-04 2.721132321651419939e-01
4.444562770231641480e-04 2.730836149723696038e-01
4.933811096503593063e-04 2.740103636083358052e-01
5.248296742532687631e-04 2.750194924718928902e-01
5.585760755018043255e-04 2.760078109308097272e-01
5.878043882403538589e-04 2.770226390912387537e-01
6.034251302535764694e-04 2.780577645779097051e-01
6.250891209136355542e-04 2.791753343845934099e-01
6.510288045982193239e-04 2.800006679330852566e-01
6.692299460770989583e-04 2.810297015946758292e-01
6.976298025564986460e-04 2.820176462196122835e-01
7.324251026350758753e-04 2.830013914273384890e-01
7.560141898235173130e-04 2.840137429093117505e-01
7.807153068807304308e-04 2.850671644108629388e-01
8.036969157600992730e-04 2.860326503517180430e-01
8.249036442795620871e-04 2.870500227955417594e-01
8.471504310085808953e-04 2.880720409244294511e-01
8.707183355620706777e-04 2.890289222123277324e-01
8.950559574207872515e-04 2.900333605234323708e-01
9.076633680291656958e-04 2.910789019665220301e-01
9.359099775969603741e-04 2.921267655577582945e-01
9.534020723513947360e-04 2.930658508072988555e-01
9.744768174657636450e-04 2.940460333983743735e-01
1.001274131981588766e-03 2.950118139417548524e-01
1.013869382852305989e-03 2.960170736725193930e-01
1.026385662427742318e-03 2.970055487361601965e-01
1.065472544811152389e-03 2.980176350365905114e-01
1.095902700985806888e-03 2.990000613272347230e-01
1.112335202357206398e-03 3.000361155025603188e-01
1.133070458883889131e-03 3.010017457689372344e-01
1.145152919870717767e-03 3.021632276769776748e-01
1.158935013852557816e-03 3.030097053112643657e-01
1.176218716508969919e-03 3.040357300310302935e-01
1.184100019161360429e-03 3.050431551947604403e-01
1.197920457355339252e-03 3.060141929812442707e-01
1.225368851799579772e-03 3.070101769704246530e-01
1.245158846232996552e-03 3.080649414780372020e-01
1.267631829616533423e-03 3.090548663577969979e-01
1.281298335096714425e-03 3.100996040082442118e-01
1.304095750034317547e-03 3.110134107286845473e-01
1.328123028585981302e-03 3.120020948884040246e-01
1.350457245759925651e-03 3.130040870216357352e-01
1.372906119878170017e-03 3.140240130720241551e-01
1.402400006015547262e-03 3.150849829585180562e-01
1.414705920064207589e-03 3.160607045406992888e-01
1.438688287737299731e-03 3.170131656393911923e-01
1.469944204149031819e-03 3.180037857604446905e-01
1.480587429181223769e-03 3.190005232480937480e-01
1.506087678101009075e-03 3.200009681974510523e-01
1.520047371399435576e-03 3.210676944847700720e-01
1.527949524393612535e-03 3.220003816754094528e-01
1.552447159704595236e-03 3.230349465869307157e-01
1.570895513758774342e-03 3.240091617749810693e-01
1.597435361238019880e-03 3.250011126987020771e-01
1.622360788058774261e-03 3.261052783093554841e-01
1.631604699267708014e-03 3.270082139150574663e-01
1.657969338015874428e-03 3.280173383663748665e-01
1.685030132648979162e-03 3.290471499507819364e-01
1.707947360325867692e-03 3.300623826419710194e-01
1.740483399024550515e-03 3.310137290347467953e-01
1.756883004539133708e-03 3.320136351771452721e-01
1.765404312999763192e-03 3.330243918310615281e-01
1.781583039826895032e-03 3.340558121171438577e-01
1.794170478893075682e-03 3.350135609085405641e-01
1.817984189220883673e-03 3.360039209928365467e-01
1.834382132960499234e-03 3.370042483943594958e-01
1.865221052376409006e-03 3.380090328504380959e-01
1.898610573137116120e-03 3.390184140210260044e-01
1.922022061104922130e-03 3.400345519237888969e-01
1.946368603621184690e-03 3.410214542299288554e-01
1.957050744120891750e-03 3.420190745928594622e-01
1.982386973551797382e-03 3.430191942862630405e-01
2.010610134244306124e-03 3.440167064429788812e-01
2.042045814449666707e-03 3.450082301856092770e-01
2.058907674990617664e-03 3.460331093059069718e-01
2.079452050667007779e-03 3.470098276556782269e-01
2.104833662971650199e-03 3.480384151462686537e-01
2.137617349923459642e-03 3.490104359986795912e-01
2.173431909402445683e-03 3.500001293593376084e-01
2.196483524437020662e-03 3.510258668178500296e-01
2.218282673644544900e-03 3.520022775390612702e-01
2.248544647849293199e-03 3.530280992738472068e-01
2.276364352058468654e-03 3.540313116241776137e-01
2.298467537743764666e-03 3.550621841870190698e-01
2.312224541190843752e-03 3.560001744834008774e-01
2.341769356548617509e-03 3.570267281092405764e-01
2.353855723101316855e-03 3.580361874377027132e-01
2.373145351048933094e-03 3.590243083520680556e-01
2.399106591598254568e-03 3.600104051856665710e-01
2.422678958667212612e-03 3.610664054472780271e-01
2.444735260960673173e-03 3.620062812664122665e-01
2.461634434071768851e-03 3.630138405089295417e-01
2.485499979141714277e-03 3.640367061827537443e-01
2.508044242571561000e-03 3.650191942393954947e-01
2.525406220392767409e-03 3.660476378895092808e-01
2.536910171167416905e-03 3.670131592660918485e-01
2.578415340594997218e-03 3.680038088220686787e-01
2.612718403226299557e-03 3.690052498441912521e-01
2.639311535158839206e-03 3.700049504874205475e-01
2.657159036281164788e-03 3.710104271097854900e-01
2.694068087337825324e-03 3.720080586061568773e-01
2.714125579572179703e-03 3.730031208612358262e-01
2.735143887756308345e-03 3.740483415188607386e-01
2.769940598508657814e-03 3.750070903388021404e-01
2.795220099640616240e-03 3.760469585128716208e-01
2.826651532433110958e-03 3.770145442448045725e-01
2.843753453781683316e-03 3.780012892982139161e-01
2.863981337561050111e-03 3.790333855448553835e-01
2.878081115965158698e-03 3.800720486767790174e-01
2.899513077389448412e-03 3.810246011588060422e-01
2.941973936236630394e-03 3.820338313096885985e-01
2.964856466196152951e-03 3.830011100602627727e-01
2.995020677129631159e-03 3.840240252084526351e-01
3.024400128084137052e-03 3.850070091386781357e-01
3.063195387461359331e-03 3.860102212916212694e-01
3.080564391017226455e-03 3.870596854441495371e-01
3.096545599806432847e-03 3.880133829472038332e-01
3.134067134991536108e-03 3.890189634407852926e-01
3.163902169846855017e-03 3.900038011049682396e-01
3.209294454970951227e-03 3.910191652513564375e-01
3.240448599832301824e-03 3.920552527096436424e-01
3.274450215296376143e-03 3.930286717124130136e-01
3.297134439265825279e-03 3.941103877474123607e-01
3.327313692214728391e-03 3.950098117284648880e-01
3.353086002496397100e-03 3.960092375633242900e-01
3.375665181977183238e-03 3.970002739890761134e-01
3.420000985631332924e-03 3.980105456523089225e-01
3.458907251726817123e-03 3.990181240235848303e-01
3.488849981975850056e-03 4.000098856650821100e-01
3.512247627658116045e-03 4.010102072214019042e-01
3.552273984813503205e-03 4.020034089171707903e-01
3.594970313017586960e-03 4.030013829534464520e-01
3.646508459029806914e-03 4.040079401321979846e-01
3.673194106177390950e-03 4.051341546794311466e-01
3.682992747057856064e-03 4.060460701740703504e-01
3.702559859510401452e-03 4.070414385362237653e-01
3.733707294736987592e-03 4.080005080580742516e-01
3.779296580782798287e-03 4.090018482902524344e-01
3.813842758908336794e-03 4.100311079066560893e-01
3.829856764557160176e-03 4.111553805276264573e-01
3.878672191176768536e-03 4.120552783651519890e-01
3.904032997209289091e-03 4.130473424453937614e-01
3.925821191998579707e-03 4.140112768191419601e-01
3.960917297267219084e-03 4.150079219287849952e-01
3.987472730909713547e-03 4.160223110698035853e-01
4.013172757256100454e-03 4.170011901970384072e-01
4.058551801028431605e-03 4.180033736214289197e-01
4.100018055940068962e-03 4.190211077389048855e-01
4.139058577658616400e-03 4.201294140391277354e-01
4.156820045829512367e-03 4.210809432858878543e-01
4.184834236522050332e-03 4.220080056697019799e-01
4.216373902464098933e-03 4.230475724912503566e-01
4.231345279476883547e-03 4.240143607487654176e-01
4.260670059038518254e-03 4.250010357338850908e-01
4.295599929794668981e-03 4.260001962563000899e-01
4.325496429928854525e-03 4.270406954015419920e-01
4.359676225094921698e-03 4.280042237623222223e-01
4.388916057441960561e-03 4.290038802786391159e-01
4.420543456429060214e-03 4.300074736828676802e-01
4.441987243910539007e-03 4.310824365745252185e-01
4.474560052568854474e-03 4.320024817825006136e-01
4.499435989475664144e-03 4.330339033178213781e-01
4.550338276215981637e-03 4.340394337426531912e-01
4.583534861087423806e-03 4.350112573129944482e-01
4.619485376802900944e-03 4.360060370206075842e-01
4.640147044912890095e-03 4.370419735836978958e-01
4.675553387509356895e-03 4.380391987655996022e-01
4.710304373314322390e-03 4.390694171033769910e-01
4.752411706672621250e-03 4.400354550939170051e-01
4.800688430605548618e-03 4.410570654115755773e-01
4.848980418062254216e-03 4.420503908616026933e-01
4.879773345578541921e-03 4.430001179430534397e-01
4.935470997827096085e-03 4.440242150318451375e-01
4.964173234882629515e-03 4.450674140280913571e-01
5.009646387896193875e-03 4.460122994692699572e-01
5.044063645105234528e-03 4.470555408932796460e-01
5.076809365942125396e-03 4.480018722729572356e-01
5.110734299248020918e-03 4.490612680168832305e-01
5.146565717847551014e-03 4.500395434343743006e-01
5.189878678397263911e-03 4.510484589706643122e-01
5.226940606865682071e-03 4.520078602537559442e-01
5.281741705783549179e-03 4.530533870311231892e-01
5.324204456450765122e-03 4.540131047081168991e-01
5.369003964085683478e-03 4.550018523905658974e-01
5.412565920678513720e-03 4.560097368784816196e-01
5.455702300620313139e-03 4.570012340474786661e-01
5.494697895705946689e-03 4.580057358014809621e-01
5.542007243424684759e-03 4.590331485932132582e-01
5.567851405881230065e-03 4.600001247801782656e-01
5.624146187312106804e-03 4.610061942882889285e-01
5.639096904223706019e-03 4.620063322184105870e-01
5.681997641334923799e-03 4.630085321451781755e-01
5.736363870554539446e-03 4.640059302087183868e-01
5.781943275475320831e-03 4.651196933424357471e-01
5.802026069825272359e-03 4.660186044629132107e-01
5.834679357417105194e-03 4.670022560633616537e-01
5.882221447829363847e-03 4.680563712059180315e-01
5.914993996873316000e-03 4.690003057887044413e-01
5.940127168344133679e-03 4.700003013208973179e-01
5.974422971595227949e-03 4.710036038053194707e-01
6.015924691590290863e-03 4.720025596545897040e-01
6.041929323594708023e-03 4.730005980559277567e-01
6.096603089273511245e-03 4.740351563366325127e-01
6.135458107797475691e-03 4.750019236674990486e-01
6.163981403299878536e-03 4.760114214224358542e-01
6.192071293062983983e-03 4.770022446997593812e-01
6.222884769675030014e-03 4.780467451172796256e-01
6.271845351844440586e-03 4.790007039666686062e-01
6.320040174948360345e-03 4.800215170589118285e-01
6.356562746697047572e-03 4.810104779263582597e-01
6.396083824982135013e-03 4.820305687078408896e-01
6.440563433161905493e-03 4.830270331036025655e-01
6.506164102974665298e-03 4.840033022452862044e-01
6.569907532294472219e-03 4.850327127187379905e-01
6.604628348205604516e-03 4.860188424267339879e-01
6.647182636642878784e-03 4.870020603602561726e-01
6.694644178704356463e-03 4.880029155103636218e-01
6.732519913933643352e-03 4.890353035570509932e-01
6.773374579921664917e-03 4.900023374136713294e-01
6.825601525834001926e-03 4.910014802703544512e-01
6.894849582675277588e-03 4.920008192289547222e-01
6.917707405492468098e-03 4.930017786430988536e-01
6.975503519908166083e-03 4.940122951733511569e-01
7.001121358308548537e-03 4.950947389300853207e-01
7.038585565681820810e-03 4.960736574649245445e-01
7.079068574767699573e-03 4.970202357062878940e-01
7.120173695066567277e-03 4.980107610700991172e-01
7.159568010599581811e-03 4.990005917401577618e-01
7.219748670123760093e-03 5.000007490572856428e-01
7.277562550861205182e-03 5.010061718913950690e-01
7.338606328704866399e-03 5.020105121600114684e-01
7.383353326284591844e-03 5.030180565660301584e-01
7.441310285645208467e-03 5.040304609688056603e-01
7.477697151370144013e-03 5.050016628630528137e-01
7.564200270690601968e-03 5.060002172710927892e-01
7.622551819084222302e-03 5.071141822072553484e-01
7.678859875085652931e-03 5.080154476341806058e-01
7.752327369261013956e-03 5.090084022972440891e-01
7.834337715224570786e-03 5.100006216709030982e-01
7.889250303489969696e-03 5.110133477061548080e-01
7.953565794757366803e-03 5.120129134960095252e-01
8.008545798529942417e-03 5.130048271033227358e-01
8.068254250116702053e-03 5.140100164875284205e-01
8.109074494888623974e-03 5.150206257961827960e-01
8.192684690219387278e-03 5.160208346273807978e-01
8.257108883973351965e-03 5.170126636241959561e-01
8.321510900660300525e-03 5.180632834622794780e-01
8.381229281467561520e-03 5.190271061673249475e-01
8.435038459170041136e-03 5.200021941126284908e-01
8.499731041125002662e-03 5.210204113360658029e-01
8.579884429408712876e-03 5.220006909965136943e-01
8.655137854987282608e-03 5.230108452074869740e-01
8.702259285652491627e-03 5.240441643082954792e-01
8.753325020666391509e-03 5.250161841603514512e-01
8.845775476346524890e-03 5.260751244592923870e-01
8.920356450647703994e-03 5.270049687577479380e-01
8.986211924906006843e-03 5.280162474957151852e-01
9.053976491333437515e-03 5.290415031786426248e-01
9.111592027419845863e-03 5.300009572867842023e-01
9.172291435579627006e-03 5.310362197912270599e-01
9.244739234704368869e-03 5.320411692081068455e-01
9.313467705724498558e-03 5.330134194565827599e-01
9.378207773401481262e-03 5.340078460374159119e-01
9.457177965781937701e-03 5.350021013681239834e-01
9.507140682527559505e-03 5.360010672338636484e-01
9.567591458032764784e-03 5.370000156696280724e-01
9.630101345614150432e-03 5.380019394204337280e-01
9.738270087624734117e-03 5.390086686469263144e-01
9.819318318490033448e-03 5.400070994907314459e-01
9.910270503018292487e-03 5.410159122310905788e-01
9.984158831139122725e-03 5.420004562243306845e-01
1.006227788270841472e-02 5.430392276940690932e-01
1.016193690915667691e-02 5.440757022813826893e-01
1.024400050334339785e-02 5.450291408569430951e-01
1.030376827425216746e-02 5.460164975938821552e-01
1.038533358257209827e-02 5.470091808107188092e-01
1.043636170799100427e-02 5.480064009964903393e-01
1.049363132016950528e-02 5.490345016388641364e-01
1.058327908386980098e-02 5.500086364874008371e-01
1.065604829834909673e-02 5.510011987169993741e-01
1.074678628768488409e-02 5.520004875866343363e-01
1.083084732109407256e-02 5.530019566308933543e-01
1.090711908952013420e-02 5.540182456304492131e-01
1.098276325016422916e-02 5.550009042975508899e-01
1.105616259505026733e-02 5.560081741362118413e-01
1.112085952346486550e-02 5.570343452853884214e-01
1.118472406722936796e-02 5.580145673033158893e-01
1.128323306859080333e-02 5.590046708167769607e-01
1.137518268187492909e-02 5.600010472280815277e-01
1.145203779629433427e-02 5.610240027818976793e-01
1.152163561914884560e-02 5.620095557760754756e-01
1.159499134131336540e-02 5.630021217357544794e-01
1.169471832701240999e-02 5.640035581525492114e-01
1.178364485650518212e-02 5.650100462392863010e-01
1.185228304375529618e-02 5.660022760702528855e-01
1.190890664121901921e-02 5.670549165868850050e-01
1.197836789272166413e-02 5.680068913909691597e-01
1.207001540718621868e-02 5.690124254882482635e-01
1.213915264913989489e-02 5.700484178214508812e-01
1.218265380493921413e-02 5.710035140282411215e-01
1.228490609085308716e-02 5.720437767093270454e-01
1.236483749556199774e-02 5.730031849929607679e-01
1.248253449750036381e-02 5.740300843063576020e-01
1.254666961494632638e-02 5.750087475536996839e-01
1.261845494748214946e-02 5.760002181994313686e-01
1.270197662648797632e-02 5.770132505426052161e-01
1.278639809458415044e-02 5.780015585999808136e-01
1.289631510833544326e-02 5.790035371050318291e-01
1.297285003614545573e-02 5.800016054288615885e-01
1.306163185881847877e-02 5.810052159407922412e-01
1.317762601999983296e-02 5.820001526576924489e-01
1.325333442284493124e-02 5.830029973773395158e-01
1.334486701135342845e-02 5.840099470574370288e-01
1.343179683936446267e-02 5.850003997468057326e-01
1.351062750838638582e-02 5.860176725614966164e-01
1.356756423705585135e-02 5.870000090541529492e-01
1.366242955092378253e-02 5.880015062729722075e-01
1.379107040669147466e-02 5.890032852779777395e-01
1.386228895639640690e-02 5.900137962358572574e-01
1.397588910520397576e-02 5.910002202542882221e-01
1.409651920750754073e-02 5.920022620040524819e-01
1.422273054077605181e-02 5.930004282609114830e-01
1.433144085759119335e-02 5.940085607996773431e-01
1.442069488830236001e-02 5.950025115024748512e-01
1.453870534370960144e-02 5.960540369499877089e-01
1.461945562356747885e-02 5.970074793472699426e-01
1.470109891100879196e-02 5.980184154530492346e-01
1.482597128383034146e-02 5.990233059856547859e-01
1.494519645080760739e-02 6.000306896543106117e-01
1.504865483900230672e-02 6.010012305312419922e-01
1.512631361459526591e-02 6.020008894403482413e-01
1.524526440660989302e-02 6.030019602550473756e-01
1.536477466264773994e-02 6.040062229912888103e-01
1.543250687951935873e-02 6.050099415211093179e-01
1.554246791367797087e-02 6.060023234957080396e-01
1.567992977699006474e-02 6.070001277425509656e-01
1.578193358590862516e-02 6.080231770507243949e-01
1.587243873057797572e-02 6.090059315326058487e-01
1.594001074886908231e-02 6.100034830874877523e-01
1.605939941191802944e-02 6.110015599217523130e-01
1.619354751437684925e-02 6.120015708457755554e-01
1.630411593654024216e-02 6.130011744537147145e-01
1.643467567676326624e-02 6.140139378480359289e-01
1.657504916496110869e-02 6.150017963064315918e-01
1.668590619353693683e-02 6.160015823639076737e-01
1.680747700007545475e-02 6.170065179475471284e-01
1.693550728455983645e-02 6.180444673440715908e-01
1.703305839899371676e-02 6.190008801154011087e-01
1.717016289745831870e-02 6.200026437289202219e-01
1.729785590576371490e-02 6.210029350041800233e-01
1.745380099022764142e-02 6.220345076019063724e-01
1.760847741756066398e-02 6.230004496158273453e-01
1.771853236164044887e-02 6.240076703915016232e-01
1.786093691478729539e-02 6.250054970032229429e-01
1.797205393053813438e-02 6.260012815623516857e-01
1.811273573453009433e-02 6.270051872992623565e-01
1.827833062603456682e-02 6.280027252163076223e-01
1.848040846970144813e-02 6.290002016294753417e-01
1.861043067887857561e-02 6.300086476484135778e-01
1.874977608905137316e-02 6.310187977840592266e-01
1.890847670671025327e-02 6.320184174133849364e-01
1.904917514292137071e-02 6.330012699740004134e-01
1.922810423089460485e-02 6.340047834874944499e-01
1.933835688945229059e-02 6.350020454302540696e-01
1.952682574359432266e-02 6.360068017484601377e-01
1.963032916617524215e-02 6.370262163209923223e-01
1.970206046576095105e-02 6.380408403371127246e-01
1.983573306094665867e-02 6.390002718282218330e-01
2.001265173520394569e-02 6.400241057847331216e-01
2.017580787851791513e-02 6.410695541383932827e-01
2.029559512579659497e-02 6.420000739308890925e-01
2.042478706287953472e-02 6.430053160689032099e-01
2.057751467439394855e-02 6.440001228993237348e-01
2.069455190448654669e-02 6.450022782708402236e-01
2.083629924951291290e-02 6.460022512065924927e-01
2.101681391611331939e-02 6.470266595788563002e-01
2.115837194971259549e-02 6.480033170300480982e-01
2.132789274744273378e-02 6.490025679070714482e-01
2.149354995798091750e-02 6.500005085867064381e-01
2.167637582663584084e-02 6.510147082442110378e-01
2.184446596021205611e-02 6.520057394922987859e-01
2.200768906115113666e-02 6.530008276409073886e-01
2.220612771300078947e-02 6.540005056228344049e-01
2.239688207296985922e-02 6.550000510373756857e-01
2.255406816262883751e-02 6.560003429605559822e-01
2.276746385891548208e-02 6.570004178244759352e-01
2.294050480489173705e-02 6.580094509657763435e-01
2.309975166759015153e-02 6.590019057897288368e-01
2.318973311209582278e-02 6.600194221577770914e-01
2.341998499636321895e-02 6.610000583292992005e-01
2.364756625792852063e-02 6.620023927337104208e-01
2.383758154142956442e-02 6.630049162979416710e-01
2.402119654127421455e-02 6.640003023277663008e-01
2.420049144918889894e-02 6.650003444007774878e-01
2.445168331831593100e-02 6.660099822959018034e-01
2.467473131219666271e-02 6.670005058366608175e-01
2.489768170541628578e-02 6.680025875356568887e-01
2.508772266799441653e-02 6.690006276957964904e-01
2.522880418831929816e-02 6.700024643034396821e-01
2.543115482296232077e-02 6.710392959244841915e-01
2.570413974060925533e-02 6.720386871287851172e-01
2.585579951519156872e-02 6.730042155601987375e-01
2.599947254812384756e-02 6.740087265405658723e-01
2.623336233255013639e-02 6.750027001193548148e-01
2.646408723197879453e-02 6.760005459101551262e-01
2.666734086867794673e-02 6.770025993242718698e-01
2.687738065895151074e-02 6.780005473652901404e-01
2.703757017235752791e-02 6.790360899526499683e-01
2.729009656937275707e-02 6.800022400166264580e-01
2.756690290291974321e-02 6.810002487603045163e-01
2.776178613412971785e-02 6.820167300527792964e-01
2.803330448051521984e-02 6.830208238853687774e-01
2.826469278612031566e-02 6.840014569450225679e-01
2.845124968244494568e-02 6.850012265185136950e-01
2.868032680385571020e-02 6.860013550504148183e-01
2.896058420739366923e-02 6.870008949327148784e-01
2.921364913664592500e-02 6.880618728162624098e-01
2.938221270260399365e-02 6.890014170004967742e-01
2.965515698619192175e-02 6.900001228110816953e-01
2.987564341344106644e-02 6.910329462956212865e-01
3.012862436802876687e-02 6.920429729286865506e-01
3.037667200635196796e-02 6.930064523826104939e-01
3.060115839071286814e-02 6.940222585999205052e-01
3.079844906172923835e-02 6.950031128246252354e-01
3.099374244605224149e-02 6.960001320926845203e-01
3.117541422027958475e-02 6.970002457709366661e-01
3.144701957794948655e-02 6.980000731717158624e-01
3.172508929914386044e-02 6.990042986848278295e-01
3.211770314267248239e-02 7.000000171423574891e-01
3.242952307672142265e-02 7.010074869009863541e-01
3.274840388233535293e-02 7.020009013802473996e-01
3.301193495090792851e-02 7.030036211276288194e-01
3.325988031390902933e-02 7.040014912770475863e-01
3.349742560952329029e-02 7.050143992616275668e-01
3.373928924702651599e-02 7.060000021631149814e-01
3.393498894967716950e-02 7.070027200207795737e-01
3.431609861390597094e-02 7.080001817796364172e-01
3.459985238526908091e-02 7.090019239420256580e-01
3.484957237097141558e-02 7.100052029637647921e-01
3.516698652856575791e-02 7.110037177540240450e-01
3.535868267304320689e-02 7.120054787159700860e-01
3.564527644656606542e-02 7.130003138050058364e-01
3.599813481128077974e-02 7.140051937988173281e-01
3.627850289239420434e-02 7.150003815761369896e-01
3.664891444298223888e-02 7.160002588006550983e-01
3.692558337724594075e-02 7.170043472756302272e-01
3.730210642059095250e-02 7.180221184726305328e-01
3.764490498665695739e-02 7.190029744173633830e-01
3.811746908116697696e-02 7.200018181124638872e-01
3.853124921867667751e-02 7.210003493990280177e-01
3.891290518799594977e-02 7.220029654129893615e-01
3.918399286801366177e-02 7.230024472931884105e-01
3.953827020702371797e-02 7.240011396954054712e-01
3.994101672604188913e-02 7.250031561082305176e-01
4.024702742321739635e-02 7.260003652946331876e-01
4.065626966307600565e-02 7.270041688157016235e-01
4.101978951744683632e-02 7.280159306211214654e-01
4.132115252994417176e-02 7.290027653636246274e-01
4.173820460941746191e-02 7.300008501062800192e-01
4.208792729962518298e-02 7.310000094993256425e-01
4.240746232099912305e-02 7.320000984474501760e-01
4.291098800102277622e-02 7.330012848406817216e-01
4.337130452569204486e-02 7.340047966689629000e-01
4.384950268151843744e-02 7.350005414872193832e-01
4.427581029305316385e-02 7.360033423152421150e-01
4.476192086661123781e-02 7.371094780284451753e-01
4.506426139264951836e-02 7.380009884278875276e-01
4.561565361431130228e-02 7.390010407491116595e-01
4.617028235548636950e-02 7.400008277293342873e-01
4.662405572193550896e-02 7.410007990403679745e-01
4.708339086168278342e-02 7.420000863878655206e-01
4.766580325526348361e-02 7.430003402423699388e-01
4.812240384529653525e-02 7.440018328538862136e-01
4.859560119594785732e-02 7.450017009832066162e-01
4.904734465572446744e-02 7.460027379469531539e-01
4.953579747518732646e-02 7.470001921261575362e-01
5.013631554232898802e-02 7.480020627744570216e-01
5.066427964992392674e-02 7.490010510405925581e-01
5.116612106545442851e-02 7.500000907808610506e-01
5.180017974646355938e-02 7.510028504402186389e-01
5.237982418414466323e-02 7.520003454301593671e-01
5.275527428055104551e-02 7.530001262263537054e-01
5.338916814305783021e-02 7.540032235869149613e-01
5.401670003134784181e-02 7.550084521049795772e-01
5.465401659720736660e-02 7.560002612437231040e-01
5.533815632659555561e-02 7.570000087539592304e-01
5.589126025622226379e-02 7.580129236679549187e-01
5.651305789320870687e-02 7.590028681219418427e-01
5.720447613522083863e-02 7.600016220582508364e-01
5.774661412678966377e-02 7.610067327181544439e-01
5.833368231563929029e-02 7.620041789162004253e-01
5.905074679047550568e-02 7.630016994052519763e-01
5.969335683564480632e-02 7.640001380138352616e-01
6.040698606563621453e-02 7.650008555197144178e-01
6.111111027866400480e-02 7.660004323441703677e-01
6.180824457228828450e-02 7.670016145653955064e-01
6.239261238159121703e-02 7.680002623039203780e-01
6.309763595467199337e-02 7.690010166277436721e-01
6.395377439683860854e-02 7.700011459019520110e-01
6.463585837835683634e-02 7.710010072567291539e-01
6.544781724524861843e-02 7.720000422791030159e-01
6.601967844588838008e-02 7.730080469851983160e-01
6.676692367779857307e-02 7.740008094981722930e-01
6.745021658584615665e-02 7.750009375429998126e-01
6.822076053457382105e-02 7.760030309527188308e-01
6.905919640275071103e-02 7.770096821863305969e-01
6.974236062214789200e-02 7.780001506646148091e-01
7.054871323351363799e-02 7.790101346520900139e-01
7.133972854062076152e-02 7.800003251691273176e-01
7.231996923528050125e-02 7.810013878140611432e-01
7.328002160965119138e-02 7.820030274797172831e-01
7.418346607195269726e-02 7.830032956161308011e-01
7.505449772999139846e-02 7.840003236934676156e-01
7.614508509766904076e-02 7.850008624442297300e-01
7.723232361674858826e-02 7.860005855772326244e-01
7.797459145436258510e-02 7.870041594005268148e-01
7.900061438428895855e-02 7.880004959896954597e-01
8.000825571773706457e-02 7.890001259243377696e-01
8.101118950970587207e-02 7.900003536226718470e-01
8.210945390348323158e-02 7.910005926874026372e-01
8.294008341281022822e-02 7.920007568946630938e-01
8.400814433989411967e-02 7.930003261488378641e-01
8.520275862208404050e-02 7.940003337091767754e-01
8.649814985251058630e-02 7.950006380292611308e-01
8.762374238177184083e-02 7.960005186606591288e-01
8.876542481144289454e-02 7.970000685737834711e-01
8.998757386624323118e-02 7.980006727350563711e-01
9.136217507536872895e-02 7.990011599961011068e-01
9.257877743908515811e-02 8.000022153231995947e-01
9.399283957876373996e-02 8.010045451652954007e-01
9.542213864009330138e-02 8.020036521881761526e-01
9.690316243451091438e-02 8.030018885137364393e-01
9.839471947618882997e-02 8.040000630884818200e-01
9.988097957508695890e-02 8.050004034505686690e-01
1.012706052063199191e-01 8.060029101405811192e-01
1.027883547151486887e-01 8.070022523732260922e-01
1.043588221465645560e-01 8.080002729250569393e-01
1.058748265737041727e-01 8.090019173574810596e-01
1.075315469712618821e-01 8.100009596641450926e-01
1.090578409942342120e-01 8.110054225211071888e-01
1.105539883434767390e-01 8.120006219150446292e-01
1.120671221872715506e-01 8.130000578054172866e-01
1.134692012136351291e-01 8.140001488589734269e-01
1.150860839863044882e-01 8.150003145506086177e-01
1.166545798926303945e-01 8.160001470233803067e-01
1.182437796534467900e-01 8.170000678653206450e-01
1.197384466617679166e-01 8.180002168669262552e-01
1.215636235923927000e-01 8.190001689483910052e-01
1.233035844171297413e-01 8.200012826623105378e-01
1.247475277007706329e-01 8.210004037709273117e-01
1.264597114970351655e-01 8.220001003398802464e-01
1.277379021257445402e-01 8.230000596798874302e-01
1.292721949947424065e-01 8.240005417587090708e-01
1.312062301119856222e-01 8.250016918519893494e-01
1.330324369109056604e-01 8.260010559370742911e-01
1.347199336857782814e-01 8.270007751709308463e-01
1.366610455222980747e-01 8.280003177860435493e-01
1.382724165209827660e-01 8.290026092320116335e-01
1.402563636592155660e-01 8.300005243097522412e-01
1.422562458726812640e-01 8.310004851806034321e-01
1.442380068672202142e-01 8.320001306175982547e-01
1.460518030023358893e-01 8.330003491743276367e-01
1.480331073600424929e-01 8.340096298031202116e-01
1.502629301751161606e-01 8.350001738258777673e-01
1.523424450894692583e-01 8.360002212662879240e-01
1.545078266721358062e-01 8.370005078590166958e-01
1.564953113276210672e-01 8.380024148063042189e-01
1.584826692754368604e-01 8.390004181416975682e-01
1.607021464294493551e-01 8.400055195007912756e-01
1.632034924203544790e-01 8.410019937465295081e-01
1.653847016278691129e-01 8.420017749037621568e-01
1.678556730262674712e-01 8.430001697120631521e-01
1.700246784372536624e-01 8.440000408910838248e-01
1.725181847043871231e-01 8.450044286487893297e-01
1.747106949181866931e-01 8.460010447317412030e-01
1.762020723521606769e-01 8.470043604279273719e-01
1.787269892487568512e-01 8.480012611044118742e-01
1.808100252929039087e-01 8.490050912589692800e-01
1.833420781034407199e-01 8.500000627762607230e-01
1.861122831724282278e-01 8.510001818204708801e-01
1.886079068377677359e-01 8.520059028131625745e-01
1.908672295049467227e-01 8.530002670437115686e-01
1.937324725010980409e-01 8.540001358956288424e-01
1.965742343292693484e-01 8.550001212690956365e-01
1.992994367762003227e-01 8.560088391450368928e-01
2.018809499730410684e-01 8.570013612772686695e-01
2.046183643317693313e-01 8.580004091499299212e-01
2.073441131602105081e-01 8.590000267706487946e-01
2.102699926815336795e-01 8.600007536876732583e-01
2.131052727739621844e-01 8.610119159471526507e-01
2.162116686876389693e-01 8.620000457298507834e-01
2.194243695796735949e-01 8.630000446362311450e-01
2.228991581520407550e-01 8.640003961652164000e-01
2.263484424758221425e-01 8.650001322059179820e-01
2.299859384627958026e-01 8.660000814269601666e-01
2.333944979921023233e-01 8.670004463688498753e-01
2.369671962947910715e-01 8.680000883849732229e-01
2.408514740921936514e-01 8.690000566499156420e-01
2.448193533774469799e-01 8.700002548674083958e-01
2.489657218158924934e-01 8.710003302415959547e-01
2.526754901422869626e-01 8.720000278641856228e-01
2.566961457755389531e-01 8.730012304812018176e-01
2.602457691889688007e-01 8.740002365060804967e-01
2.641450305785687513e-01 8.750078772341360889e-01
2.685420872580861484e-01 8.760000158262567505e-01
2.724506056032591772e-01 8.770007178086419719e-01
2.760634257978473727e-01 8.780004221863402236e-01
2.802026480421089261e-01 8.790001192176463141e-01
2.845060974422275457e-01 8.800000084744742379e-01
2.888232969289470375e-01 8.810000275422840144e-01
2.928054369138290980e-01 8.820003251120325238e-01
2.966931541918481630e-01 8.830000764505140376e-01
3.009448499630063001e-01 8.840018798647096832e-01
3.050574124068252679e-01 8.850014321411514562e-01
3.089106751560669606e-01 8.860021411194662910e-01
3.130054157549804206e-01 8.870008077063000762e-01
3.175478460352918475e-01 8.880002009452332423e-01
3.218089287426273426e-01 8.890000342903261465e-01
3.262835809219080119e-01 8.900030723594787307e-01
3.309029709294999400e-01 8.910000595617411090e-01
3.353960636545556540e-01 8.920002886479481141e-01
3.401782017998871144e-01 8.930000172410379466e-01
3.453616783212473118e-01 8.940000869850324161e-01
3.506890880775888064e-01 8.950001218133956105e-01
3.566309443762441522e-01 8.960000497046716195e-01
3.616397217589479851e-01 8.970012041161299354e-01
3.671802878819971916e-01 8.980003091233295098e-01
3.724528299653486751e-01 8.990001873781989783e-01
3.775317174978178869e-01 9.000003451952751643e-01
3.820700453098426763e-01 9.010005205326774291e-01
3.866573849145256148e-01 9.020000460462667125e-01
3.903602533415684306e-01 9.030000169839966784e-01
3.940042634534797195e-01 9.040000746274654553e-01
3.979710518574059996e-01 9.050001197021124710e-01
4.014315317438056363e-01 9.060033050749285444e-01
4.047928406177877525e-01 9.070000348240889743e-01
4.080605764911509614e-01 9.080000247184205620e-01
4.100607133571099183e-01 9.090185577231406633e-01
4.129184841155935648e-01 9.100007742271685185e-01
4.155220633998397695e-01 9.110001009668123872e-01
4.176076310247647250e-01 9.120000514421271465e-01
4.200951985010241696e-01 9.130000315183899318e-01
4.223610457056530265e-01 9.140017121517372001e-01
4.246379550989082263e-01 9.150044986942151848e-01
4.269712685869873070e-01 9.160014844864470263e-01
4.287963470550435474e-01 9.170046315269788639e-01
4.310688032742467923e-01 9.180089376657725175e-01
4.333310824603860412e-01 9.190019855345701316e-01
4.359874404287873428e-01 9.200001959180599265e-01
4.379659661453902952e-01 9.210000065107367684e-01
4.399139766877073754e-01 9.220041404292851350e-01
4.428100273574553380e-01 9.230009952133513274e-01
4.457000289812350635e-01 9.240003315912277415e-01
4.483843592452254612e-01 9.250000382083346517e-01
4.507383233970010394e-01 9.260014238098385198e-01
4.535861013066986303e-01 9.270015822939159378e-01
4.557823122251258852e-01 9.280001539567634961e-01
4.579567791194518733e-01 9.290099730617846774e-01
4.606779929640207882e-01 9.300056177760016585e-01
4.630514591981196304e-01 9.310066893466693028e-01
4.656383217482700232e-01 9.320003059729631278e-01
4.679624989013184688e-01 9.330026821551524741e-01
4.710097813584579463e-01 9.340000289504949427e-01
4.737104353046946992e-01 9.350000075901356844e-01
4.774634504862271811e-01 9.360000284593524844e-01
4.812191707976816168e-01 9.370004510931024821e-01
4.848744977684935620e-01 9.380022458525748563e-01
4.893979261332264130e-01 9.390000938574011302e-01
4.936286843217296827e-01 9.400000147862662692e-01
4.985235447676847897e-01 9.410000748248977809e-01
5.033461693757237398e-01 9.420002290957166791e-01
5.080673291850335005e-01 9.430134539705140595e-01
5.136242405837256886e-01 9.440000037595104310e-01
5.185325822124644546e-01 9.450020311154335717e-01
5.248264594808423888e-01 9.460000371453790580e-01
5.310439387086415275e-01 9.470005268389182218e-01
5.359641542709594475e-01 9.480009041645699464e-01
5.411209913963492824e-01 9.490423588521724740e-01
5.476725258169325983e-01 9.500001999417578835e-01
5.539007904682600181e-01 9.510000057392631323e-01
5.600018756388760455e-01 9.520000090457682029e-01
5.661926143070210582e-01 9.530000023113428531e-01
5.731655886799382760e-01 9.540002751832420413e-01
5.797183365006945976e-01 9.550023457059048093e-01
5.874083063984869568e-01 9.560126112425247902e-01
5.943519388387348279e-01 9.570001756144052019e-01
6.047425633515830512e-01 9.580021479196835221e-01
6.140186842496682118e-01 9.590008905200325673e-01
6.261366990861754189e-01 9.600000026340241854e-01
6.395304759355555646e-01 9.610000038607130479e-01
6.520744679864349802e-01 9.620000013881974121e-01
6.664172809486075266e-01 9.630003352840033060e-01
6.823188322351723123e-01 9.640000012636219529e-01
7.020252773163502269e-01 9.650002371544832425e-01
7.220843176246982686e-01 9.660000045928796020e-01
7.426156348685490904e-01 9.670000022408911100e-01
7.667340446128649845e-01 9.680000028212419894e-01
7.949769319568400494e-01 9.690000039503363638e-01
8.267210948067873488e-01 9.700000021300616559e-01
8.616672565995338040e-01 9.710000222446181217e-01
8.971351051955960276e-01 9.720000890156290652e-01
9.288970044810698212e-01 9.730002814197099559e-01
9.549110406165275400e-01 9.740001538445830498e-01
9.757783233517911547e-01 9.750000019439306609e-01
9.936511901688647175e-01 9.760000126482148985e-01
1.009704239385470270e+00 9.770000170620323221e-01
1.024000468791034457e+00 9.780000077823106652e-01
1.036938769870995536e+00 9.790001792868950892e-01
1.049537432920908397e+00 9.800000008704319310e-01
1.060606776083035108e+00 9.810002749987257742e-01
1.072081730452505433e+00 9.820000674750699599e-01
1.084808674423500374e+00 9.830002491433843526e-01
1.100163911308958298e+00 9.840013548153729861e-01
1.118984634635669106e+00 9.850000163840797462e-01
1.140892803166400959e+00 9.860003663937180196e-01
1.162432320210903924e+00 9.870000039192527996e-01
1.184372124961646566e+00 9.880000024347540544e-01
1.208051471556320422e+00 9.890000031862162810e-01
1.238038745702220833e+00 9.900001129135157507e-01
1.274742042812905929e+00 9.910000800688882894e-01
1.334425555017128007e+00 9.920000115410624320e-01
1.404989063046629738e+00 9.930000001169870805e-01
1.491593063406484898e+00 9.940000054124688011e-01
1.579566850619175788e+00 9.950000426243732488e-01
1.641359613758067937e+00 9.960000180178272267e-01
1.781562414215618340e+00 9.970000141223931411e-01
1.959528352340879298e+00 9.980000101053584372e-01
2.280427540661218888e+00 9.990000005501307179e-01
1.441611251056126441e+01 9.999999999982842613e-01
