# Random field Heisenberg chain
# L=14, J=1, Delta=0.0, W=1.5, h_i in [-W,W]
# Integrated spectral function of the Anderson LIOMs I_alpha
# omega I_alpha

0.000000000000000000e+00 1.165501165501166368e-03
0.000000000000000000e+00 2.039627039627033012e-03
0.000000000000000000e+00 3.205128205128198078e-03
0.000000000000000000e+00 4.079254079254067758e-03
0.000000000000000000e+00 5.244755244755233692e-03
0.000000000000000000e+00 6.118881118881105106e-03
0.000000000000000000e+00 7.284382284382266703e-03
0.000000000000000000e+00 8.158508158508145924e-03
0.000000000000000000e+00 9.032634032634016472e-03
0.000000000000000000e+00 1.019813519813517894e-02
0.000000000000000000e+00 1.107226107226105295e-02
0.000000000000000000e+00 1.223776223776221715e-02
0.000000000000000000e+00 1.311188811188808770e-02
0.000000000000000000e+00 1.427738927738925190e-02
0.000000000000000000e+00 1.515151515151512938e-02
0.000000000000000000e+00 1.602564102564100340e-02
0.000000000000000000e+00 1.719114219114216760e-02
0.000000000000000000e+00 1.806526806526803988e-02
0.000000000000000000e+00 1.923076923076920755e-02
0.000000000000000000e+00 2.010489510489508677e-02
0.000000000000000000e+00 2.127039627039625444e-02
0.000000000000000000e+00 2.214452214452213019e-02
0.000000000000000000e+00 2.301864801864800247e-02
0.000000000000000000e+00 2.418414918414917014e-02
0.000000000000000000e+00 2.505827505827503895e-02
0.000000000000000000e+00 2.622377622377620315e-02
0.000000000000000000e+00 2.709790209790208237e-02
0.000000000000000000e+00 2.826340326340324657e-02
0.000000000000000000e+00 2.913752913752911539e-02
0.000000000000000000e+00 3.001165501165498420e-02
0.000000000000000000e+00 3.117715617715614146e-02
0.000000000000000000e+00 3.205128205128201374e-02
0.000000000000000000e+00 3.321678321678317447e-02
0.000000000000000000e+00 3.409090909090905369e-02
0.000000000000000000e+00 3.525641025641022136e-02
0.000000000000000000e+00 3.613053613053609364e-02
0.000000000000000000e+00 3.700466200466196592e-02
0.000000000000000000e+00 3.817016317016313359e-02
0.000000000000000000e+00 3.904428904428900587e-02
0.000000000000000000e+00 4.020979020979015967e-02
0.000000000000000000e+00 4.108391608391603889e-02
0.000000000000000000e+00 4.224941724941719962e-02
0.000000000000000000e+00 4.312354312354307190e-02
0.000000000000000000e+00 4.428904428904422569e-02
0.000000000000000000e+00 4.516317016317009797e-02
0.000000000000000000e+00 4.603729603729597719e-02
0.000000000000000000e+00 4.720279720279713792e-02
0.000000000000000000e+00 4.807692307692300326e-02
0.000000000000000000e+00 4.924242424242417787e-02
0.000000000000000000e+00 5.011655011655005015e-02
0.000000000000000000e+00 5.128205128205121088e-02
0.000000000000000000e+00 5.215617715617709704e-02
0.000000000000000000e+00 5.303030303030296932e-02
0.000000000000000000e+00 5.419580419580413005e-02
0.000000000000000000e+00 5.506993006993000234e-02
0.000000000000000000e+00 5.623543123543117694e-02
0.000000000000000000e+00 5.710955710955704923e-02
0.000000000000000000e+00 5.827505827505820302e-02
0.000000000000000000e+00 5.914918414918407530e-02
0.000000000000000000e+00 6.002331002330994758e-02
0.000000000000000000e+00 6.118881118881110137e-02
0.000000000000000000e+00 6.206293706293696671e-02
0.000000000000000000e+00 6.322843822843814132e-02
0.000000000000000000e+00 6.410256410256402748e-02
0.000000000000000000e+00 6.526806526806520903e-02
0.000000000000000000e+00 6.614219114219109519e-02
0.000000000000000000e+00 6.701631701631696747e-02
0.000000000000000000e+00 6.818181818181813514e-02
0.000000000000000000e+00 6.905594405594402130e-02
0.000000000000000000e+00 7.022144522144520284e-02
0.000000000000000000e+00 7.109557109557106125e-02
0.000000000000000000e+00 7.226107226107222892e-02
0.000000000000000000e+00 7.313519813519811508e-02
0.000000000000000000e+00 7.400932400932398736e-02
0.000000000000000000e+00 7.517482517482516891e-02
0.000000000000000000e+00 7.604895104895105507e-02
0.000000000000000000e+00 7.721445221445223661e-02
0.000000000000000000e+00 7.808857808857812277e-02
0.000000000000000000e+00 7.925407925407930432e-02
0.000000000000000000e+00 8.012820512820519048e-02
0.000000000000000000e+00 8.100233100233107664e-02
0.000000000000000000e+00 8.216783216783224431e-02
0.000000000000000000e+00 8.304195804195813047e-02
0.000000000000000000e+00 8.420745920745931201e-02
0.000000000000000000e+00 8.508158508158519817e-02
0.000000000000000000e+00 8.624708624708637972e-02
0.000000000000000000e+00 8.712121212121226588e-02
0.000000000000000000e+00 8.828671328671340579e-02
0.000000000000000000e+00 8.916083916083927807e-02
0.000000000000000000e+00 9.003496503496515035e-02
0.000000000000000000e+00 9.120046620046633190e-02
0.000000000000000000e+00 9.207459207459221806e-02
0.000000000000000000e+00 9.324009324009338573e-02
0.000000000000000000e+00 9.411421911421927189e-02
0.000000000000000000e+00 9.527972027972045344e-02
0.000000000000000000e+00 9.615384615384632572e-02
0.000000000000000000e+00 9.702797202797221188e-02
0.000000000000000000e+00 9.819347319347339342e-02
0.000000000000000000e+00 9.906759906759927958e-02
0.000000000000000000e+00 1.002331002331004611e-01
0.000000000000000000e+00 1.011072261072263473e-01
0.000000000000000000e+00 1.022727272727275288e-01
0.000000000000000000e+00 1.031468531468534150e-01
0.000000000000000000e+00 1.040209790209793012e-01
0.000000000000000000e+00 1.051864801864804827e-01
0.000000000000000000e+00 1.060606060606063689e-01
0.000000000000000000e+00 1.072261072261075504e-01
0.000000000000000000e+00 1.081002331002334366e-01
0.000000000000000000e+00 1.092657342657346181e-01
0.000000000000000000e+00 1.101398601398604904e-01
0.000000000000000000e+00 1.110139860139863766e-01
0.000000000000000000e+00 1.121794871794875581e-01
0.000000000000000000e+00 1.130536130536134443e-01
0.000000000000000000e+00 1.142191142191146258e-01
0.000000000000000000e+00 1.150932400932405120e-01
0.000000000000000000e+00 1.162587412587416796e-01
0.000000000000000000e+00 1.171328671328675658e-01
0.000000000000000000e+00 1.180069930069934520e-01
0.000000000000000000e+00 1.191724941724946335e-01
0.000000000000000000e+00 1.200466200466205197e-01
0.000000000000000000e+00 1.212121212121217012e-01
0.000000000000000000e+00 1.220862470862475874e-01
0.000000000000000000e+00 1.232517482517487689e-01
0.000000000000000000e+00 1.241258741258746551e-01
0.000000000000000000e+00 1.250000000000005274e-01
0.000000000000000000e+00 1.261655011655017089e-01
0.000000000000000000e+00 1.270396270396275951e-01
0.000000000000000000e+00 1.282051282051287766e-01
0.000000000000000000e+00 1.290792540792546628e-01
0.000000000000000000e+00 1.302447552447558443e-01
0.000000000000000000e+00 1.311188811188817305e-01
0.000000000000000000e+00 1.322843822843829120e-01
0.000000000000000000e+00 1.331585081585087982e-01
0.000000000000000000e+00 1.340326340326346843e-01
0.000000000000000000e+00 1.351981351981358659e-01
0.000000000000000000e+00 1.360722610722617520e-01
0.000000000000000000e+00 1.372377622377629336e-01
0.000000000000000000e+00 1.381118881118888198e-01
0.000000000000000000e+00 1.392773892773900013e-01
0.000000000000000000e+00 1.401515151515158875e-01
0.000000000000000000e+00 1.410256410256417736e-01
0.000000000000000000e+00 1.421911421911429552e-01
0.000000000000000000e+00 1.430652680652688413e-01
0.000000000000000000e+00 1.442307692307700229e-01
0.000000000000000000e+00 1.451048951048959090e-01
0.000000000000000000e+00 1.462703962703970906e-01
0.000000000000000000e+00 1.471445221445229767e-01
0.000000000000000000e+00 1.480186480186488629e-01
0.000000000000000000e+00 1.491841491841500444e-01
0.000000000000000000e+00 1.500582750582759306e-01
0.000000000000000000e+00 1.512237762237771121e-01
0.000000000000000000e+00 1.520979020979029983e-01
0.000000000000000000e+00 1.532634032634041799e-01
0.000000000000000000e+00 1.541375291375300660e-01
0.000000000000000000e+00 1.550116550116559522e-01
0.000000000000000000e+00 1.561771561771571337e-01
0.000000000000000000e+00 1.570512820512830199e-01
0.000000000000000000e+00 1.582167832167842014e-01
0.000000000000000000e+00 1.590909090909100876e-01
0.000000000000000000e+00 1.602564102564112691e-01
0.000000000000000000e+00 1.611305361305371553e-01
0.000000000000000000e+00 1.620046620046630415e-01
0.000000000000000000e+00 1.631701631701642230e-01
0.000000000000000000e+00 1.640442890442901092e-01
0.000000000000000000e+00 1.652097902097912907e-01
0.000000000000000000e+00 1.660839160839171769e-01
0.000000000000000000e+00 1.672494172494183584e-01
0.000000000000000000e+00 1.681235431235442446e-01
0.000000000000000000e+00 1.692890442890454261e-01
0.000000000000000000e+00 1.701631701631713123e-01
0.000000000000000000e+00 1.710372960372971984e-01
0.000000000000000000e+00 1.722027972027983800e-01
0.000000000000000000e+00 1.730769230769242661e-01
0.000000000000000000e+00 1.742424242424254477e-01
0.000000000000000000e+00 1.751165501165513338e-01
0.000000000000000000e+00 1.762820512820525154e-01
0.000000000000000000e+00 1.771561771561784016e-01
0.000000000000000000e+00 1.780303030303042877e-01
0.000000000000000000e+00 1.791958041958054693e-01
0.000000000000000000e+00 1.800699300699313554e-01
0.000000000000000000e+00 1.812354312354325370e-01
0.000000000000000000e+00 1.821095571095584231e-01
0.000000000000000000e+00 1.832750582750596047e-01
0.000000000000000000e+00 1.841491841491854908e-01
0.000000000000000000e+00 1.850233100233113770e-01
0.000000000000000000e+00 1.861888111888125585e-01
0.000000000000000000e+00 1.870629370629384447e-01
0.000000000000000000e+00 1.882284382284396262e-01
0.000000000000000000e+00 1.891025641025655124e-01
0.000000000000000000e+00 1.902680652680666940e-01
0.000000000000000000e+00 1.911421911421925801e-01
0.000000000000000000e+00 1.920163170163184663e-01
0.000000000000000000e+00 1.931818181818196478e-01
0.000000000000000000e+00 1.940559440559455340e-01
0.000000000000000000e+00 1.952214452214467155e-01
0.000000000000000000e+00 1.960955710955726017e-01
0.000000000000000000e+00 1.972610722610737832e-01
0.000000000000000000e+00 1.981351981351996694e-01
0.000000000000000000e+00 1.990093240093255555e-01
0.000000000000000000e+00 2.001748251748267371e-01
0.000000000000000000e+00 2.010489510489526233e-01
0.000000000000000000e+00 2.022144522144538048e-01
0.000000000000000000e+00 2.030885780885796910e-01
0.000000000000000000e+00 2.042540792540808725e-01
0.000000000000000000e+00 2.051282051282067587e-01
0.000000000000000000e+00 2.060023310023326448e-01
0.000000000000000000e+00 2.071678321678338264e-01
0.000000000000000000e+00 2.080419580419597125e-01
0.000000000000000000e+00 2.092074592074608941e-01
0.000000000000000000e+00 2.100815850815867802e-01
0.000000000000000000e+00 2.112470862470879618e-01
0.000000000000000000e+00 2.121212121212138479e-01
0.000000000000000000e+00 2.132867132867150295e-01
0.000000000000000000e+00 2.141608391608409157e-01
0.000000000000000000e+00 2.150349650349668018e-01
0.000000000000000000e+00 2.162004662004679834e-01
0.000000000000000000e+00 2.170745920745938695e-01
0.000000000000000000e+00 2.182400932400950511e-01
0.000000000000000000e+00 2.191142191142209372e-01
0.000000000000000000e+00 2.202797202797221188e-01
0.000000000000000000e+00 2.211538461538480049e-01
0.000000000000000000e+00 2.220279720279738911e-01
0.000000000000000000e+00 2.231934731934750726e-01
0.000000000000000000e+00 2.240675990676009588e-01
0.000000000000000000e+00 2.252331002331021403e-01
0.000000000000000000e+00 2.261072261072280265e-01
0.000000000000000000e+00 2.272727272727292080e-01
0.000000000000000000e+00 2.281468531468550942e-01
0.000000000000000000e+00 2.290209790209809804e-01
0.000000000000000000e+00 2.301864801864821619e-01
0.000000000000000000e+00 2.310606060606080481e-01
0.000000000000000000e+00 2.322261072261092296e-01
0.000000000000000000e+00 2.331002331002351158e-01
0.000000000000000000e+00 2.342657342657362973e-01
0.000000000000000000e+00 2.351398601398621835e-01
0.000000000000000000e+00 2.360139860139880696e-01
0.000000000000000000e+00 2.371794871794892512e-01
0.000000000000000000e+00 2.380536130536151374e-01
0.000000000000000000e+00 2.392191142191163189e-01
0.000000000000000000e+00 2.400932400932422051e-01
0.000000000000000000e+00 2.412587412587433866e-01
0.000000000000000000e+00 2.421328671328692728e-01
0.000000000000000000e+00 2.430069930069951589e-01
0.000000000000000000e+00 2.441724941724963405e-01
0.000000000000000000e+00 2.450466200466222266e-01
0.000000000000000000e+00 2.462121212121234082e-01
0.000000000000000000e+00 2.470862470862492943e-01
0.000000000000000000e+00 2.482517482517504759e-01
0.000000000000000000e+00 2.491258741258763620e-01
0.000000000000000000e+00 2.500000000000022204e-01
0.000000000000000000e+00 2.511655011655034020e-01
0.000000000000000000e+00 2.520396270396292882e-01
0.000000000000000000e+00 2.532051282051304697e-01
0.000000000000000000e+00 2.540792540792563559e-01
0.000000000000000000e+00 2.552447552447575374e-01
0.000000000000000000e+00 2.561188811188834236e-01
0.000000000000000000e+00 2.572843822843846051e-01
0.000000000000000000e+00 2.581585081585104913e-01
0.000000000000000000e+00 2.590326340326363774e-01
0.000000000000000000e+00 2.601981351981375590e-01
0.000000000000000000e+00 2.610722610722634451e-01
0.000000000000000000e+00 2.622377622377646267e-01
0.000000000000000000e+00 2.631118881118905128e-01
0.000000000000000000e+00 2.642773892773916944e-01
0.000000000000000000e+00 2.651515151515175805e-01
0.000000000000000000e+00 2.660256410256434667e-01
0.000000000000000000e+00 2.671911421911446483e-01
0.000000000000000000e+00 2.680652680652705344e-01
0.000000000000000000e+00 2.692307692307717160e-01
0.000000000000000000e+00 2.701048951048976021e-01
0.000000000000000000e+00 2.712703962703987837e-01
0.000000000000000000e+00 2.721445221445246698e-01
0.000000000000000000e+00 2.730186480186505560e-01
0.000000000000000000e+00 2.741841491841517375e-01
0.000000000000000000e+00 2.750582750582776237e-01
0.000000000000000000e+00 2.762237762237788052e-01
0.000000000000000000e+00 2.770979020979046914e-01
0.000000000000000000e+00 2.782634032634058729e-01
0.000000000000000000e+00 2.791375291375317591e-01
0.000000000000000000e+00 2.800116550116576453e-01
0.000000000000000000e+00 2.811771561771588268e-01
0.000000000000000000e+00 2.820512820512847130e-01
0.000000000000000000e+00 2.832167832167858945e-01
0.000000000000000000e+00 2.840909090909117807e-01
0.000000000000000000e+00 2.852564102564129622e-01
0.000000000000000000e+00 2.861305361305388484e-01
0.000000000000000000e+00 2.870046620046647345e-01
0.000000000000000000e+00 2.881701631701659161e-01
0.000000000000000000e+00 2.890442890442918022e-01
0.000000000000000000e+00 2.902097902097929838e-01
0.000000000000000000e+00 2.910839160839188700e-01
0.000000000000000000e+00 2.922494172494200515e-01
0.000000000000000000e+00 2.931235431235459377e-01
0.000000000000000000e+00 2.942890442890471192e-01
0.000000000000000000e+00 2.951631701631730054e-01
0.000000000000000000e+00 2.960372960372988915e-01
0.000000000000000000e+00 2.972027972028000731e-01
0.000000000000000000e+00 2.980769230769259592e-01
0.000000000000000000e+00 2.992424242424271408e-01
0.000000000000000000e+00 3.001165501165530269e-01
0.000000000000000000e+00 3.012820512820542085e-01
0.000000000000000000e+00 3.021561771561800946e-01
0.000000000000000000e+00 3.030303030303059808e-01
0.000000000000000000e+00 3.041958041958071624e-01
0.000000000000000000e+00 3.050699300699330485e-01
0.000000000000000000e+00 3.062354312354342301e-01
0.000000000000000000e+00 3.071095571095601162e-01
0.000000000000000000e+00 3.082750582750612978e-01
0.000000000000000000e+00 3.091491841491871839e-01
0.000000000000000000e+00 3.100233100233130701e-01
0.000000000000000000e+00 3.111888111888142516e-01
0.000000000000000000e+00 3.120629370629401378e-01
0.000000000000000000e+00 3.132284382284413193e-01
0.000000000000000000e+00 3.141025641025672055e-01
0.000000000000000000e+00 3.152680652680683870e-01
0.000000000000000000e+00 3.161421911421942732e-01
0.000000000000000000e+00 3.170163170163201594e-01
0.000000000000000000e+00 3.181818181818213409e-01
0.000000000000000000e+00 3.190559440559472271e-01
0.000000000000000000e+00 3.202214452214484086e-01
0.000000000000000000e+00 3.210955710955742948e-01
0.000000000000000000e+00 3.222610722610754763e-01
0.000000000000000000e+00 3.231351981352013625e-01
0.000000000000000000e+00 3.240093240093272486e-01
0.000000000000000000e+00 3.251748251748284302e-01
0.000000000000000000e+00 3.260489510489543163e-01
0.000000000000000000e+00 3.272144522144554979e-01
0.000000000000000000e+00 3.280885780885813841e-01
0.000000000000000000e+00 3.292540792540825656e-01
0.000000000000000000e+00 3.301282051282084518e-01
0.000000000000000000e+00 3.310023310023343379e-01
0.000000000000000000e+00 3.321678321678355195e-01
0.000000000000000000e+00 3.330419580419614056e-01
0.000000000000000000e+00 3.342074592074625872e-01
0.000000000000000000e+00 3.350815850815884733e-01
0.000000000000000000e+00 3.362470862470896549e-01
0.000000000000000000e+00 3.371212121212155410e-01
0.000000000000000000e+00 3.382867132867167226e-01
0.000000000000000000e+00 3.391608391608426087e-01
0.000000000000000000e+00 3.400349650349684949e-01
0.000000000000000000e+00 3.412004662004696764e-01
0.000000000000000000e+00 3.420745920745955626e-01
0.000000000000000000e+00 3.432400932400967442e-01
0.000000000000000000e+00 3.441142191142226303e-01
0.000000000000000000e+00 3.452797202797238119e-01
0.000000000000000000e+00 3.461538461538496980e-01
0.000000000000000000e+00 3.470279720279755842e-01
0.000000000000000000e+00 3.481934731934767657e-01
0.000000000000000000e+00 3.490675990676026519e-01
0.000000000000000000e+00 3.502331002331038334e-01
0.000000000000000000e+00 3.511072261072297196e-01
0.000000000000000000e+00 3.522727272727309011e-01
0.000000000000000000e+00 3.531468531468567873e-01
0.000000000000000000e+00 3.540209790209826735e-01
0.000000000000000000e+00 3.551864801864838550e-01
0.000000000000000000e+00 3.560606060606097412e-01
0.000000000000000000e+00 3.572261072261109227e-01
0.000000000000000000e+00 3.581002331002368089e-01
0.000000000000000000e+00 3.592657342657379904e-01
0.000000000000000000e+00 3.601398601398638766e-01
0.000000000000000000e+00 3.610139860139897627e-01
0.000000000000000000e+00 3.621794871794909443e-01
0.000000000000000000e+00 3.630536130536168304e-01
0.000000000000000000e+00 3.642191142191180120e-01
0.000000000000000000e+00 3.650932400932438981e-01
0.000000000000000000e+00 3.662587412587450797e-01
0.000000000000000000e+00 3.671328671328709659e-01
0.000000000000000000e+00 3.680069930069968520e-01
0.000000000000000000e+00 3.691724941724980336e-01
0.000000000000000000e+00 3.700466200466239197e-01
0.000000000000000000e+00 3.712121212121251013e-01
0.000000000000000000e+00 3.720862470862509874e-01
0.000000000000000000e+00 3.732517482517521690e-01
0.000000000000000000e+00 3.741258741258780551e-01
0.000000000000000000e+00 3.750000000000039413e-01
0.000000000000000000e+00 3.761655011655051228e-01
0.000000000000000000e+00 3.770396270396310090e-01
0.000000000000000000e+00 3.782051282051321905e-01
0.000000000000000000e+00 3.790792540792580767e-01
0.000000000000000000e+00 3.802447552447592583e-01
0.000000000000000000e+00 3.811188811188851444e-01
0.000000000000000000e+00 3.822843822843863260e-01
0.000000000000000000e+00 3.831585081585122121e-01
0.000000000000000000e+00 3.840326340326380983e-01
0.000000000000000000e+00 3.851981351981392798e-01
0.000000000000000000e+00 3.860722610722651660e-01
0.000000000000000000e+00 3.872377622377663475e-01
0.000000000000000000e+00 3.881118881118922337e-01
0.000000000000000000e+00 3.892773892773934152e-01
0.000000000000000000e+00 3.901515151515193014e-01
0.000000000000000000e+00 3.910256410256451876e-01
0.000000000000000000e+00 3.921911421911463691e-01
0.000000000000000000e+00 3.930652680652722553e-01
0.000000000000000000e+00 3.942307692307734368e-01
0.000000000000000000e+00 3.951048951048993230e-01
0.000000000000000000e+00 3.962703962704005045e-01
0.000000000000000000e+00 3.971445221445263907e-01
0.000000000000000000e+00 3.980186480186522768e-01
0.000000000000000000e+00 3.991841491841534584e-01
0.000000000000000000e+00 4.000582750582793445e-01
0.000000000000000000e+00 4.012237762237805261e-01
0.000000000000000000e+00 4.020979020979064122e-01
0.000000000000000000e+00 4.032634032634075938e-01
0.000000000000000000e+00 4.041375291375334800e-01
0.000000000000000000e+00 4.050116550116593661e-01
0.000000000000000000e+00 4.061771561771605477e-01
0.000000000000000000e+00 4.070512820512864338e-01
0.000000000000000000e+00 4.082167832167876154e-01
0.000000000000000000e+00 4.090909090909135015e-01
0.000000000000000000e+00 4.102564102564146831e-01
0.000000000000000000e+00 4.111305361305405692e-01
0.000000000000000000e+00 4.120046620046664554e-01
0.000000000000000000e+00 4.131701631701676369e-01
0.000000000000000000e+00 4.140442890442935231e-01
0.000000000000000000e+00 4.152097902097947046e-01
0.000000000000000000e+00 4.160839160839205908e-01
0.000000000000000000e+00 4.172494172494217723e-01
0.000000000000000000e+00 4.181235431235476585e-01
0.000000000000000000e+00 4.192890442890488401e-01
0.000000000000000000e+00 4.201631701631747262e-01
0.000000000000000000e+00 4.210372960373006124e-01
0.000000000000000000e+00 4.222027972028017939e-01
0.000000000000000000e+00 4.230769230769276801e-01
0.000000000000000000e+00 4.242424242424288616e-01
0.000000000000000000e+00 4.251165501165547478e-01
0.000000000000000000e+00 4.262820512820559293e-01
0.000000000000000000e+00 4.271561771561818155e-01
0.000000000000000000e+00 4.280303030303077017e-01
0.000000000000000000e+00 4.291958041958088832e-01
0.000000000000000000e+00 4.300699300699347694e-01
0.000000000000000000e+00 4.312354312354359509e-01
0.000000000000000000e+00 4.321095571095618371e-01
0.000000000000000000e+00 4.332750582750630186e-01
0.000000000000000000e+00 4.341491841491889048e-01
0.000000000000000000e+00 4.350233100233147909e-01
0.000000000000000000e+00 4.361888111888159725e-01
0.000000000000000000e+00 4.370629370629418586e-01
0.000000000000000000e+00 4.382284382284430402e-01
0.000000000000000000e+00 4.391025641025689263e-01
0.000000000000000000e+00 4.402680652680701079e-01
0.000000000000000000e+00 4.411421911421959940e-01
0.000000000000000000e+00 4.420163170163218802e-01
0.000000000000000000e+00 4.431818181818230618e-01
0.000000000000000000e+00 4.440559440559489479e-01
0.000000000000000000e+00 4.452214452214501295e-01
0.000000000000000000e+00 4.460955710955760156e-01
0.000000000000000000e+00 4.472610722610771972e-01
0.000000000000000000e+00 4.481351981352030833e-01
0.000000000000000000e+00 4.490093240093289695e-01
0.000000000000000000e+00 4.501748251748301510e-01
0.000000000000000000e+00 4.510489510489560372e-01
0.000000000000000000e+00 4.522144522144572187e-01
0.000000000000000000e+00 4.530885780885831049e-01
0.000000000000000000e+00 4.542540792540842864e-01
0.000000000000000000e+00 4.551282051282101726e-01
0.000000000000000000e+00 4.560023310023360588e-01
0.000000000000000000e+00 4.571678321678372403e-01
0.000000000000000000e+00 4.580419580419631265e-01
0.000000000000000000e+00 4.592074592074643080e-01
0.000000000000000000e+00 4.600815850815901942e-01
0.000000000000000000e+00 4.612470862470913757e-01
0.000000000000000000e+00 4.621212121212172619e-01
0.000000000000000000e+00 4.632867132867184434e-01
0.000000000000000000e+00 4.641608391608443296e-01
0.000000000000000000e+00 4.650349650349702157e-01
0.000000000000000000e+00 4.662004662004713973e-01
0.000000000000000000e+00 4.670745920745972835e-01
0.000000000000000000e+00 4.682400932400984650e-01
0.000000000000000000e+00 4.691142191142243512e-01
0.000000000000000000e+00 4.702797202797255327e-01
0.000000000000000000e+00 4.711538461538514189e-01
0.000000000000000000e+00 4.720279720279773050e-01
0.000000000000000000e+00 4.731934731934784866e-01
0.000000000000000000e+00 4.740675990676043727e-01
0.000000000000000000e+00 4.752331002331055543e-01
0.000000000000000000e+00 4.761072261072314404e-01
0.000000000000000000e+00 4.772727272727326220e-01
0.000000000000000000e+00 4.781468531468585081e-01
0.000000000000000000e+00 4.790209790209843943e-01
0.000000000000000000e+00 4.801864801864855758e-01
0.000000000000000000e+00 4.810606060606114620e-01
0.000000000000000000e+00 4.822261072261126436e-01
0.000000000000000000e+00 4.831002331002385297e-01
0.000000000000000000e+00 4.842657342657397113e-01
0.000000000000000000e+00 4.851398601398655974e-01
0.000000000000000000e+00 4.860139860139914836e-01
0.000000000000000000e+00 4.871794871794926651e-01
0.000000000000000000e+00 4.880536130536185513e-01
0.000000000000000000e+00 4.892191142191197328e-01
0.000000000000000000e+00 4.900932400932456190e-01
0.000000000000000000e+00 4.912587412587468005e-01
0.000000000000000000e+00 4.921328671328726867e-01
0.000000000000000000e+00 4.930069930069985729e-01
0.000000000000000000e+00 4.941724941724997544e-01
0.000000000000000000e+00 4.950466200466256406e-01
0.000000000000000000e+00 4.962121212121268221e-01
0.000000000000000000e+00 4.970862470862527083e-01
0.000000000000000000e+00 4.982517482517538898e-01
0.000000000000000000e+00 4.991258741258797760e-01
0.000000000000000000e+00 5.000000000000056621e-01
0.000000000000000000e+00 5.011655011655066216e-01
0.000000000000000000e+00 5.020396270396323413e-01
0.000000000000000000e+00 5.032051282051333008e-01
0.000000000000000000e+00 5.040792540792590204e-01
0.000000000000000000e+00 5.052447552447599799e-01
0.000000000000000000e+00 5.061188811188856995e-01
0.000000000000000000e+00 5.072843822843866590e-01
0.000000000000000000e+00 5.081585081585123786e-01
0.000000000000000000e+00 5.090326340326380983e-01
0.000000000000000000e+00 5.101981351981390578e-01
0.000000000000000000e+00 5.110722610722648884e-01
0.000000000000000000e+00 5.122377622377658479e-01
0.000000000000000000e+00 5.131118881118915676e-01
0.000000000000000000e+00 5.142773892773925271e-01
0.000000000000000000e+00 5.151515151515182467e-01
0.000000000000000000e+00 5.160256410256439663e-01
0.000000000000000000e+00 5.171911421911449258e-01
0.000000000000000000e+00 5.180652680652706454e-01
0.000000000000000000e+00 5.192307692307716049e-01
0.000000000000000000e+00 5.201048951048973246e-01
0.000000000000000000e+00 5.212703962703982841e-01
0.000000000000000000e+00 5.221445221445240037e-01
0.000000000000000000e+00 5.230186480186497233e-01
0.000000000000000000e+00 5.241841491841506828e-01
0.000000000000000000e+00 5.250582750582764024e-01
0.000000000000000000e+00 5.262237762237773619e-01
0.000000000000000000e+00 5.270979020979030816e-01
0.000000000000000000e+00 5.282634032634040411e-01
0.000000000000000000e+00 5.291375291375297607e-01
0.000000000000000000e+00 5.300116550116554803e-01
0.000000000000000000e+00 5.311771561771564398e-01
0.000000000000000000e+00 5.320512820512821595e-01
0.000000000000000000e+00 5.332167832167831190e-01
0.000000000000000000e+00 5.340909090909089496e-01
0.000000000000000000e+00 5.352564102564099091e-01
0.000000000000000000e+00 5.361305361305356287e-01
0.000000000000000000e+00 5.370046620046613484e-01
0.000000000000000000e+00 5.381701631701623079e-01
0.000000000000000000e+00 5.390442890442880275e-01
0.000000000000000000e+00 5.402097902097889870e-01
0.000000000000000000e+00 5.410839160839147066e-01
0.000000000000000000e+00 5.422494172494156661e-01
0.000000000000000000e+00 5.431235431235414968e-01
0.000000000000000000e+00 5.442890442890424563e-01
0.000000000000000000e+00 5.451631701631681759e-01
0.000000000000000000e+00 5.460372960372938955e-01
0.000000000000000000e+00 5.472027972027948550e-01
0.000000000000000000e+00 5.480769230769205747e-01
0.000000000000000000e+00 5.492424242424215342e-01
0.000000000000000000e+00 5.501165501165472538e-01
0.000000000000000000e+00 5.512820512820482133e-01
0.000000000000000000e+00 5.521561771561739329e-01
0.000000000000000000e+00 5.530303030302996525e-01
0.000000000000000000e+00 5.541958041958006120e-01
0.000000000000000000e+00 5.550699300699263317e-01
0.000000000000000000e+00 5.562354312354272912e-01
0.000000000000000000e+00 5.571095571095530108e-01
0.000000000000000000e+00 5.582750582750539703e-01
0.000000000000000000e+00 5.591491841491796899e-01
0.000000000000000000e+00 5.600233100233055206e-01
0.000000000000000000e+00 5.611888111888064801e-01
0.000000000000000000e+00 5.620629370629321997e-01
0.000000000000000000e+00 5.632284382284331592e-01
0.000000000000000000e+00 5.641025641025588788e-01
0.000000000000000000e+00 5.652680652680598383e-01
0.000000000000000000e+00 5.661421911421855580e-01
0.000000000000000000e+00 5.670163170163112776e-01
0.000000000000000000e+00 5.681818181818122371e-01
0.000000000000000000e+00 5.690559440559379567e-01
0.000000000000000000e+00 5.702214452214389162e-01
0.000000000000000000e+00 5.710955710955647469e-01
0.000000000000000000e+00 5.722610722610657064e-01
0.000000000000000000e+00 5.731351981351914260e-01
0.000000000000000000e+00 5.740093240093172566e-01
0.000000000000000000e+00 5.751748251748182161e-01
0.000000000000000000e+00 5.760489510489439358e-01
0.000000000000000000e+00 5.772144522144448953e-01
0.000000000000000000e+00 5.780885780885706149e-01
0.000000000000000000e+00 5.792540792540715744e-01
0.000000000000000000e+00 5.801282051281972940e-01
0.000000000000000000e+00 5.810023310023230136e-01
0.000000000000000000e+00 5.821678321678239731e-01
0.000000000000000000e+00 5.830419580419496928e-01
0.000000000000000000e+00 5.842074592074506523e-01
0.000000000000000000e+00 5.850815850815763719e-01
0.000000000000000000e+00 5.862470862470773314e-01
0.000000000000000000e+00 5.871212121212030510e-01
0.000000000000000000e+00 5.882867132867040105e-01
0.000000000000000000e+00 5.891608391608297302e-01
0.000000000000000000e+00 5.900349650349554498e-01
0.000000000000000000e+00 5.912004662004564093e-01
0.000000000000000000e+00 5.920745920745822399e-01
0.000000000000000000e+00 5.932400932400831994e-01
0.000000000000000000e+00 5.941142191142089191e-01
0.000000000000000000e+00 5.952797202797099896e-01
0.000000000000000000e+00 5.961538461538357092e-01
0.000000000000000000e+00 5.970279720279614288e-01
0.000000000000000000e+00 5.981934731934623883e-01
0.000000000000000000e+00 5.990675990675881080e-01
0.000000000000000000e+00 6.002331002330890675e-01
0.000000000000000000e+00 6.011072261072147871e-01
0.000000000000000000e+00 6.022727272727157466e-01
0.000000000000000000e+00 6.031468531468414662e-01
0.000000000000000000e+00 6.040209790209671858e-01
0.000000000000000000e+00 6.051864801864681453e-01
0.000000000000000000e+00 6.060606060605938650e-01
0.000000000000000000e+00 6.072261072260948245e-01
0.000000000000000000e+00 6.081002331002205441e-01
0.000000000000000000e+00 6.092657342657215036e-01
0.000000000000000000e+00 6.101398601398473343e-01
0.000000000000000000e+00 6.110139860139730539e-01
0.000000000000000000e+00 6.121794871794740134e-01
0.000000000000000000e+00 6.130536130535997330e-01
0.000000000000000000e+00 6.142191142191006925e-01
0.000000000000000000e+00 6.150932400932264121e-01
0.000000000000000000e+00 6.162587412587273716e-01
0.000000000000000000e+00 6.171328671328532023e-01
0.000000000000000000e+00 6.180069930069789219e-01
0.000000000000000000e+00 6.191724941724798814e-01
0.000000000000000000e+00 6.200466200466056010e-01
0.000000000000000000e+00 6.212121212121065605e-01
0.000000000000000000e+00 6.220862470862322802e-01
0.000000000000000000e+00 6.232517482517332397e-01
0.000000000000000000e+00 6.241258741258589593e-01
0.000000000000000000e+00 6.252913752913599188e-01
0.000000000000000000e+00 6.261655011654856384e-01
0.000000000000000000e+00 6.270396270396113581e-01
0.000000000000000000e+00 6.282051282051123176e-01
0.000000000000000000e+00 6.290792540792380372e-01
0.000000000000000000e+00 6.302447552447389967e-01
0.000000000000000000e+00 6.311188811188647163e-01
0.000000000000000000e+00 6.322843822843657868e-01
0.000000000000000000e+00 6.331585081584916175e-01
0.000000000000000000e+00 6.340326340326173371e-01
0.000000000000000000e+00 6.351981351981182966e-01
0.000000000000000000e+00 6.360722610722441273e-01
0.000000000000000000e+00 6.372377622377451978e-01
0.000000000000000000e+00 6.381118881118709174e-01
0.000000000000000000e+00 6.392773892773718769e-01
0.000000000000000000e+00 6.401515151514975965e-01
0.000000000000000000e+00 6.410256410256234272e-01
0.000000000000000000e+00 6.421911421911243867e-01
0.000000000000000000e+00 6.430652680652501063e-01
0.000000000000000000e+00 6.442307692307510658e-01
0.000000000000000000e+00 6.451048951048767854e-01
0.000000000000000000e+00 6.462703962703777449e-01
0.000000000000000000e+00 6.471445221445034646e-01
0.000000000000000000e+00 6.480186480186291842e-01
0.000000000000000000e+00 6.491841491841301437e-01
0.000000000000000000e+00 6.500582750582558633e-01
0.000000000000000000e+00 6.512237762237568228e-01
0.000000000000000000e+00 6.520979020978825424e-01
0.000000000000000000e+00 6.532634032633835020e-01
0.000000000000000000e+00 6.541375291375093326e-01
0.000000000000000000e+00 6.550116550116350522e-01
0.000000000000000000e+00 6.561771561771360117e-01
0.000000000000000000e+00 6.570512820512617314e-01
0.000000000000000000e+00 6.582167832167626909e-01
0.000000000000000000e+00 6.590909090908884105e-01
0.000000000000000000e+00 6.602564102563893700e-01
0.000000000000000000e+00 6.611305361305150896e-01
0.000000000000000000e+00 6.620046620046408092e-01
0.000000000000000000e+00 6.631701631701417687e-01
0.000000000000000000e+00 6.640442890442674884e-01
0.000000000000000000e+00 6.652097902097684479e-01
0.000000000000000000e+00 6.660839160838941675e-01
0.000000000000000000e+00 6.672494172493951270e-01
0.000000000000000000e+00 6.681235431235208466e-01
0.000000000000000000e+00 6.692890442890218061e-01
0.000000000000000000e+00 6.701631701631475257e-01
0.000000000000000000e+00 6.710372960372732454e-01
0.000000000000000000e+00 6.722027972027742049e-01
0.000000000000000000e+00 6.730769230768999245e-01
0.000000000000000000e+00 6.742424242424011060e-01
0.000000000000000000e+00 6.751165501165268257e-01
0.000000000000000000e+00 6.762820512820277852e-01
0.000000000000000000e+00 6.771561771561535048e-01
0.000000000000000000e+00 6.780303030302792244e-01
0.000000000000000000e+00 6.791958041957801839e-01
0.000000000000000000e+00 6.800699300699059036e-01
0.000000000000000000e+00 6.812354312354068631e-01
0.000000000000000000e+00 6.821095571095325827e-01
0.000000000000000000e+00 6.832750582750335422e-01
0.000000000000000000e+00 6.841491841491592618e-01
0.000000000000000000e+00 6.850233100232849814e-01
0.000000000000000000e+00 6.861888111887859409e-01
0.000000000000000000e+00 6.870629370629116606e-01
0.000000000000000000e+00 6.882284382284126201e-01
0.000000000000000000e+00 6.891025641025383397e-01
0.000000000000000000e+00 6.902680652680392992e-01
0.000000000000000000e+00 6.911421911421650188e-01
0.000000000000000000e+00 6.920163170162907385e-01
0.000000000000000000e+00 6.931818181817916980e-01
0.000000000000000000e+00 6.940559440559174176e-01
0.000000000000000000e+00 6.952214452214184881e-01
0.000000000000000000e+00 6.960955710955442077e-01
0.000000000000000000e+00 6.972610722610452783e-01
0.000000000000000000e+00 6.981351981351709979e-01
0.000000000000000000e+00 6.990093240092967175e-01
0.000000000000000000e+00 7.001748251747976770e-01
0.000000000000000000e+00 7.010489510489233966e-01
0.000000000000000000e+00 7.022144522144243561e-01
0.000000000000000000e+00 7.030885780885500758e-01
0.000000000000000000e+00 7.042540792540510353e-01
0.000000000000000000e+00 7.051282051281767549e-01
0.000000000000000000e+00 7.060023310023024745e-01
0.000000000000000000e+00 7.071678321678034340e-01
0.000000000000000000e+00 7.080419580419291536e-01
0.000000000000000000e+00 7.092074592074301131e-01
0.000000000000000000e+00 7.100815850815558328e-01
0.000000000000000000e+00 7.112470862470567923e-01
0.000000000000000000e+00 7.121212121211825119e-01
0.000000000000000000e+00 7.132867132866834714e-01
0.000000000000000000e+00 7.141608391608091910e-01
0.000000000000000000e+00 7.150349650349349107e-01
0.000000000000000000e+00 7.162004662004358702e-01
0.000000000000000000e+00 7.170745920745615898e-01
0.000000000000000000e+00 7.182400932400625493e-01
0.000000000000000000e+00 7.191142191141882689e-01
0.000000000000000000e+00 7.202797202796892284e-01
0.000000000000000000e+00 7.211538461538149480e-01
0.000000000000000000e+00 7.220279720279406677e-01
0.000000000000000000e+00 7.231934731934417382e-01
0.000000000000000000e+00 7.240675990675674578e-01
0.000000000000000000e+00 7.252331002330684173e-01
0.000000000000000000e+00 7.261072261071941369e-01
0.000000000000000000e+00 7.272727272726952075e-01
0.000000000000000000e+00 7.281468531468209271e-01
0.000000000000000000e+00 7.290209790209466467e-01
0.000000000000000000e+00 7.301864801864476062e-01
0.000000000000000000e+00 7.310606060605734369e-01
0.000000000000000000e+00 7.322261072260743964e-01
0.000000000000000000e+00 7.331002331002002270e-01
0.000000000000000000e+00 7.342657342657011865e-01
0.000000000000000000e+00 7.351398601398269061e-01
0.000000000000000000e+00 7.360139860139526258e-01
0.000000000000000000e+00 7.371794871794535853e-01
0.000000000000000000e+00 7.380536130535793049e-01
0.000000000000000000e+00 7.392191142190802644e-01
0.000000000000000000e+00 7.400932400932059840e-01
0.000000000000000000e+00 7.412587412587069435e-01
0.000000000000000000e+00 7.421328671328326632e-01
0.000000000000000000e+00 7.430069930069583828e-01
0.000000000000000000e+00 7.441724941724594533e-01
0.000000000000000000e+00 7.450466200465851729e-01
0.000000000000000000e+00 7.462121212120861324e-01
0.000000000000000000e+00 7.470862470862119631e-01
0.000000000000000000e+00 7.482517482517129226e-01
0.000000000000000000e+00 7.491258741258386422e-01
0.000000000000000000e+00 7.502913752913396017e-01
0.000000000000000000e+00 7.511655011654653213e-01
0.000000000000000000e+00 7.520396270395910410e-01
0.000000000000000000e+00 7.532051282050921115e-01
0.000000000000000000e+00 7.540792540792178311e-01
0.000000000000000000e+00 7.552447552447189016e-01
0.000000000000000000e+00 7.561188811188446213e-01
0.000000000000000000e+00 7.572843822843456918e-01
0.000000000000000000e+00 7.581585081584714114e-01
0.000000000000000000e+00 7.590326340325971310e-01
0.000000000000000000e+00 7.601981351980980905e-01
0.000000000000000000e+00 7.610722610722238102e-01
0.000000000000000000e+00 7.622377622377247697e-01
0.000000000000000000e+00 7.631118881118504893e-01
0.000000000000000000e+00 7.642773892773514488e-01
0.000000000000000000e+00 7.651515151514771684e-01
0.000000000000000000e+00 7.660256410256028881e-01
0.000000000000000000e+00 7.671911421911038476e-01
0.000000000000000000e+00 7.680652680652295672e-01
0.000000000000000000e+00 7.692307692307305267e-01
0.000000000000000000e+00 7.701048951048562463e-01
0.000000000000000000e+00 7.712703962703572058e-01
0.000000000000000000e+00 7.721445221444829254e-01
0.000000000000000000e+00 7.730186480186086451e-01
0.000000000000000000e+00 7.741841491841096046e-01
0.000000000000000000e+00 7.750582750582353242e-01
0.000000000000000000e+00 7.762237762237362837e-01
0.000000000000000000e+00 7.770979020978620033e-01
0.000000000000000000e+00 7.782634032633629628e-01
0.000000000000000000e+00 7.791375291374886825e-01
0.000000000000000000e+00 7.800116550116144021e-01
0.000000000000000000e+00 7.811771561771153616e-01
0.000000000000000000e+00 7.820512820512410812e-01
0.000000000000000000e+00 7.832167832167420407e-01
0.000000000000000000e+00 7.840909090908677603e-01
0.000000000000000000e+00 7.852564102563687198e-01
0.000000000000000000e+00 7.861305361304944395e-01
0.000000000000000000e+00 7.870046620046201591e-01
0.000000000000000000e+00 7.881701631701212296e-01
0.000000000000000000e+00 7.890442890442469492e-01
0.000000000000000000e+00 7.902097902097479087e-01
0.000000000000000000e+00 7.910839160838736284e-01
0.000000000000000000e+00 7.922494172493745879e-01
0.000000000000000000e+00 7.931235431235003075e-01
0.000000000000000000e+00 7.942890442890012670e-01
0.000000000000000000e+00 7.951631701631269866e-01
0.000000000000000000e+00 7.960372960372527062e-01
0.000000000000000000e+00 7.972027972027536658e-01
0.000000000000000000e+00 7.980769230768793854e-01
0.000000000000000000e+00 7.992424242423803449e-01
0.000000000000000000e+00 8.001165501165060645e-01
0.000000000000000000e+00 8.012820512820070240e-01
0.000000000000000000e+00 8.021561771561327436e-01
0.000000000000000000e+00 8.030303030302584633e-01
0.000000000000000000e+00 8.041958041957595338e-01
0.000000000000000000e+00 8.050699300698852534e-01
0.000000000000000000e+00 8.062354312353862129e-01
0.000000000000000000e+00 8.071095571095120436e-01
0.000000000000000000e+00 8.082750582750130031e-01
0.000000000000000000e+00 8.091491841491387227e-01
0.000000000000000000e+00 8.100233100232644423e-01
0.000000000000000000e+00 8.111888111887655128e-01
0.000000000000000000e+00 8.120629370628912325e-01
0.000000000000000000e+00 8.132284382283921920e-01
0.000000000000000000e+00 8.141025641025179116e-01
0.000000000000000000e+00 8.152680652680188711e-01
0.000000000000000000e+00 8.161421911421445907e-01
0.000000000000000000e+00 8.170163170162703103e-01
0.000000000000000000e+00 8.181818181817712698e-01
0.000000000000000000e+00 8.190559440558969895e-01
0.000000000000000000e+00 8.202214452213979490e-01
0.000000000000000000e+00 8.210955710955236686e-01
0.000000000000000000e+00 8.222610722610246281e-01
0.000000000000000000e+00 8.231351981351503477e-01
0.000000000000000000e+00 8.240093240092760674e-01
0.000000000000000000e+00 8.251748251747771379e-01
0.000000000000000000e+00 8.260489510489028575e-01
0.000000000000000000e+00 8.272144522144038170e-01
0.000000000000000000e+00 8.280885780885295366e-01
0.000000000000000000e+00 8.292540792540304961e-01
0.000000000000000000e+00 8.301282051281562158e-01
0.000000000000000000e+00 8.310023310022819354e-01
0.000000000000000000e+00 8.321678321677828949e-01
0.000000000000000000e+00 8.330419580419087255e-01
0.000000000000000000e+00 8.342074592074096850e-01
0.000000000000000000e+00 8.350815850815354047e-01
0.000000000000000000e+00 8.362470862470363642e-01
0.000000000000000000e+00 8.371212121211620838e-01
0.000000000000000000e+00 8.382867132866630433e-01
0.000000000000000000e+00 8.391608391607888739e-01
0.000000000000000000e+00 8.400349650349145936e-01
0.000000000000000000e+00 8.412004662004155531e-01
0.000000000000000000e+00 8.420745920745412727e-01
0.000000000000000000e+00 8.432400932400422322e-01
0.000000000000000000e+00 8.441142191141679518e-01
0.000000000000000000e+00 8.452797202796690224e-01
0.000000000000000000e+00 8.461538461537947420e-01
0.000000000000000000e+00 8.470279720279204616e-01
0.000000000000000000e+00 8.481934731934214211e-01
0.000000000000000000e+00 8.490675990675471407e-01
0.000000000000000000e+00 8.502331002330481002e-01
0.000000000000000000e+00 8.511072261071738199e-01
0.000000000000000000e+00 8.522727272726747794e-01
0.000000000000000000e+00 8.531468531468004990e-01
0.000000000000000000e+00 8.540209790209262186e-01
0.000000000000000000e+00 8.551864801864271781e-01
0.000000000000000000e+00 8.560606060605528977e-01
0.000000000000000000e+00 8.572261072260538572e-01
0.000000000000000000e+00 8.581002331001795769e-01
0.000000000000000000e+00 8.592657342656806474e-01
0.000000000000000000e+00 8.601398601398063670e-01
0.000000000000000000e+00 8.610139860139320866e-01
0.000000000000000000e+00 8.621794871794330462e-01
0.000000000000000000e+00 8.630536130535587658e-01
0.000000000000000000e+00 8.642191142190597253e-01
0.000000000000000000e+00 8.650932400931854449e-01
0.000000000000000000e+00 8.662587412586864044e-01
0.000000000000000000e+00 8.671328671328121240e-01
0.000000000000000000e+00 8.680069930069378437e-01
0.000000000000000000e+00 8.691724941724388032e-01
0.000000000000000000e+00 8.700466200465646338e-01
0.000000000000000000e+00 8.712121212120655933e-01
0.000000000000000000e+00 8.720862470861913129e-01
0.000000000000000000e+00 8.732517482516923835e-01
0.000000000000000000e+00 8.741258741258181031e-01
0.000000000000000000e+00 8.752913752913190626e-01
0.000000000000000000e+00 8.761655011654447822e-01
0.000000000000000000e+00 8.770396270395705018e-01
0.000000000000000000e+00 8.782051282050714613e-01
0.000000000000000000e+00 8.790792540791971810e-01
0.000000000000000000e+00 8.802447552446981405e-01
0.000000000000000000e+00 8.811188811188238601e-01
0.000000000000000000e+00 8.822843822843248196e-01
0.000000000000000000e+00 8.831585081584505392e-01
0.000000000000000000e+00 8.840326340325763699e-01
0.000000000000000000e+00 8.851981351980773294e-01
0.000000000000000000e+00 8.860722610722030490e-01
0.000000000000000000e+00 8.872377622377040085e-01
0.000000000000000000e+00 8.881118881118297281e-01
0.000000000000000000e+00 8.892773892773306876e-01
0.000000000000000000e+00 8.901515151514564073e-01
0.000000000000000000e+00 8.910256410255821269e-01
0.000000000000000000e+00 8.921911421910830864e-01
0.000000000000000000e+00 8.930652680652088060e-01
0.000000000000000000e+00 8.942307692307097655e-01
0.000000000000000000e+00 8.951048951048354851e-01
0.000000000000000000e+00 8.962703962703364446e-01
0.000000000000000000e+00 8.971445221444621643e-01
0.000000000000000000e+00 8.980186480185878839e-01
0.000000000000000000e+00 8.991841491840888434e-01
0.000000000000000000e+00 9.000582750582145630e-01
0.000000000000000000e+00 9.012237762237155225e-01
0.000000000000000000e+00 9.020979020978412422e-01
0.000000000000000000e+00 9.032634032633422017e-01
0.000000000000000000e+00 9.041375291374679213e-01
0.000000000000000000e+00 9.050116550115937519e-01
0.000000000000000000e+00 9.061771561770947114e-01
0.000000000000000000e+00 9.070512820512204311e-01
0.000000000000000000e+00 9.082167832167213906e-01
0.000000000000000000e+00 9.090909090908471102e-01
0.000000000000000000e+00 9.102564102563480697e-01
0.000000000000000000e+00 9.111305361304737893e-01
0.000000000000000000e+00 9.120046620045995089e-01
0.000000000000000000e+00 9.131701631701004684e-01
0.000000000000000000e+00 9.140442890442261881e-01
0.000000000000000000e+00 9.152097902097271476e-01
0.000000000000000000e+00 9.160839160838528672e-01
0.000000000000000000e+00 9.172494172493538267e-01
0.000000000000000000e+00 9.181235431234795463e-01
0.000000000000000000e+00 9.192890442889805058e-01
0.000000000000000000e+00 9.201631701631062255e-01
0.000000000000000000e+00 9.210372960372319451e-01
0.000000000000000000e+00 9.222027972027329046e-01
0.000000000000000000e+00 9.230769230768586242e-01
0.000000000000000000e+00 9.242424242423595837e-01
0.000000000000000000e+00 9.251165501164853033e-01
0.000000000000000000e+00 9.262820512819862628e-01
0.000000000000000000e+00 9.271561771561119825e-01
0.000000000000000000e+00 9.280303030302377021e-01
0.000000000000000000e+00 9.291958041957386616e-01
0.000000000000000000e+00 9.300699300698643812e-01
0.000000000000000000e+00 9.312354312353653407e-01
0.000000000000000000e+00 9.321095571094910603e-01
0.000000000000000000e+00 9.332750582749920198e-01
0.000000000000000000e+00 9.341491841491177395e-01
0.000000000000000000e+00 9.350233100232434591e-01
0.000000000000000000e+00 9.361888111887444186e-01
0.000000000000000000e+00 9.370629370628701382e-01
0.000000000000000000e+00 9.382284382283712088e-01
0.000000000000000000e+00 9.391025641024969284e-01
0.000000000000000000e+00 9.402680652679978879e-01
0.000000000000000000e+00 9.411421911421236075e-01
0.000000000000000000e+00 9.420163170162493271e-01
0.000000000000000000e+00 9.431818181817502866e-01
0.000000000000000000e+00 9.440559440558760063e-01
0.000000000000000000e+00 9.452214452213769658e-01
0.000000000000000000e+00 9.460955710955027964e-01
0.000000000000000000e+00 9.472610722610037559e-01
0.000000000000000000e+00 9.481351981351294755e-01
0.000000000000000000e+00 9.490093240092551952e-01
0.000000000000000000e+00 9.501748251747561547e-01
0.000000000000000000e+00 9.510489510488818743e-01
0.000000000000000000e+00 9.522144522143828338e-01
0.000000000000000000e+00 9.530885780885085534e-01
0.000000000000000000e+00 9.542540792540095129e-01
0.000000000000000000e+00 9.551282051281352325e-01
0.000000000000000000e+00 9.560023310022609522e-01
0.000000000000000000e+00 9.571678321677619117e-01
0.000000000000000000e+00 9.580419580418876313e-01
0.000000000000000000e+00 9.592074592073885908e-01
0.000000000000000000e+00 9.600815850815143104e-01
0.000000000000000000e+00 9.612470862470152699e-01
0.000000000000000000e+00 9.621212121211409896e-01
0.000000000000000000e+00 9.632867132866419491e-01
0.000000000000000000e+00 9.641608391607677797e-01
0.000000000000000000e+00 9.650349650348934993e-01
0.000000000000000000e+00 9.662004662003944588e-01
0.000000000000000000e+00 9.670745920745201785e-01
0.000000000000000000e+00 9.682400932400211380e-01
0.000000000000000000e+00 9.691142191141468576e-01
0.000000000000000000e+00 9.702797202796478171e-01
0.000000000000000000e+00 9.711538461537735367e-01
0.000000000000000000e+00 9.720279720278992563e-01
0.000000000000000000e+00 9.731934731934002158e-01
0.000000000000000000e+00 9.740675990675259355e-01
0.000000000000000000e+00 9.752331002330268950e-01
0.000000000000000000e+00 9.761072261071526146e-01
0.000000000000000000e+00 9.772727272726535741e-01
0.000000000000000000e+00 9.781468531467792937e-01
0.000000000000000000e+00 9.790209790209050134e-01
0.000000000000000000e+00 9.801864801864059729e-01
0.000000000000000000e+00 9.810606060605316925e-01
0.000000000000000000e+00 9.822261072260326520e-01
0.000000000000000000e+00 9.831002331001583716e-01
0.000000000000000000e+00 9.842657342656593311e-01
0.000000000000000000e+00 9.851398601397850507e-01
0.000000000000000000e+00 9.860139860139107704e-01
0.000000000000000000e+00 9.871794871794117299e-01
0.000000000000000000e+00 9.880536130535374495e-01
0.000000000000000000e+00 9.892191142190384090e-01
0.000000000000000000e+00 9.900932400931641286e-01
0.000000000000000000e+00 9.912587412586650881e-01
0.000000000000000000e+00 9.921328671327908078e-01
0.000000000000000000e+00 9.930069930069165274e-01
0.000000000000000000e+00 9.941724941724174869e-01
0.000000000000000000e+00 9.950466200465432065e-01
0.000000000000000000e+00 9.962121212120441660e-01
0.000000000000000000e+00 9.970862470861698856e-01
0.000000000000000000e+00 9.982517482516708451e-01
0.000000000000000000e+00 9.991258741257965648e-01
1.424425529443205996e+01 9.999999999999222844e-01
