# Random field Heisenberg chain
# L=14, J=1, Delta=0.5, W=1.5, h_i in [-W,W]
# Integrated spectral function of the Anderson LIOMs I_alpha
# omega I_alpha

0.000000000000000000e+00 1.076220175486542960e-03
0.000000000000000000e+00 2.050598747375625627e-03
0.000000000000000000e+00 3.008308672988384540e-03
0.000000000000000000e+00 4.030596656784528678e-03
0.000000000000000000e+00 5.072654052023715422e-03
0.000000000000000000e+00 6.089505734790666945e-03
0.000000000000000000e+00 7.005587097550831747e-03
0.000000000000000000e+00 8.089383619330026837e-03
0.000000000000000000e+00 9.077430359217092751e-03
0.000000000000000000e+00 1.012791908102729163e-02
0.000000000000000000e+00 1.104385876122201786e-02
0.000000000000000000e+00 1.202913970252740723e-02
0.000000000000000000e+00 1.309539543746149337e-02
0.000000000000000000e+00 1.405692130252005588e-02
0.000000000000000000e+00 1.503415530537256968e-02
0.000000000000000000e+00 1.605774217761035336e-02
0.000000000000000000e+00 1.704151908320975656e-02
0.000000000000000000e+00 1.801801463722247157e-02
0.000000000000000000e+00 1.912875148023445576e-02
0.000000000000000000e+00 2.005299248135566231e-02
0.000000000000000000e+00 2.120407710928116571e-02
0.000000000000000000e+00 2.206869887213176382e-02
0.000000000000000000e+00 2.304442512495163617e-02
0.000000000000000000e+00 2.422063377785676000e-02
0.000000000000000000e+00 2.500240607758189709e-02
0.000000000000000000e+00 2.606965132896457010e-02
0.000000000000000000e+00 2.701245565607532026e-02
0.000000000000000000e+00 2.800508195856848612e-02
0.000000000000000000e+00 2.905062655044580652e-02
0.000000000000000000e+00 3.002106355567206453e-02
0.000000000000000000e+00 3.102203823180719328e-02
0.000000000000000000e+00 3.201890012277257280e-02
0.000000000000000000e+00 3.309592140855558556e-02
0.000000000000000000e+00 3.400834389315973011e-02
0.000000000000000000e+00 3.501560133339277903e-02
0.000000000000000000e+00 3.610865878813896562e-02
0.000000000000000000e+00 3.703588457374925452e-02
0.000000000000000000e+00 3.807297550303617717e-02
0.000000000000000000e+00 3.900178217871484027e-02
0.000000000000000000e+00 4.017564708161991405e-02
0.000000000000000000e+00 4.107898437961864796e-02
0.000000000000000000e+00 4.208698474627462632e-02
0.000000000000000000e+00 4.304847760394939216e-02
0.000000000000000000e+00 4.402734884962203332e-02
0.000000000000000000e+00 4.500007083085801746e-02
0.000000000000000000e+00 4.603882065495149695e-02
0.000000000000000000e+00 4.715583910685869351e-02
0.000000000000000000e+00 4.800081848254179884e-02
0.000000000000000000e+00 4.907434182403297429e-02
0.000000000000000000e+00 5.001448485193632498e-02
0.000000000000000000e+00 5.114696677383141071e-02
0.000000000000000000e+00 5.213379803549852282e-02
0.000000000000000000e+00 5.311752435914134790e-02
0.000000000000000000e+00 5.403200622038251133e-02
0.000000000000000000e+00 5.500960235503193907e-02
0.000000000000000000e+00 5.614653585777508449e-02
0.000000000000000000e+00 5.701087808852757510e-02
0.000000000000000000e+00 5.810676008560952677e-02
0.000000000000000000e+00 5.900948095559950535e-02
0.000000000000000000e+00 6.019844868903683616e-02
0.000000000000000000e+00 6.100730110342240248e-02
0.000000000000000000e+00 6.216470674825027437e-02
0.000000000000000000e+00 6.309646815445467405e-02
0.000000000000000000e+00 6.407274591376334316e-02
0.000000000000000000e+00 6.502732892630729011e-02
0.000000000000000000e+00 6.601129854823026277e-02
0.000000000000000000e+00 6.706753762416924058e-02
0.000000000000000000e+00 6.800039555685935544e-02
0.000000000000000000e+00 6.900786942472636465e-02
0.000000000000000000e+00 7.014268275955688747e-02
0.000000000000000000e+00 7.102308910516433316e-02
0.000000000000000000e+00 7.216010628493942092e-02
0.000000000000000000e+00 7.315709734622535820e-02
0.000000000000000000e+00 7.405839270745102898e-02
0.000000000000000000e+00 7.502752529015084548e-02
0.000000000000000000e+00 7.605127683148263373e-02
0.000000000000000000e+00 7.715592081152974901e-02
0.000000000000000000e+00 7.805491783929230376e-02
0.000000000000000000e+00 7.900624915436404994e-02
0.000000000000000000e+00 8.003173120369060090e-02
0.000000000000000000e+00 8.100727076321646847e-02
0.000000000000000000e+00 8.202653127567155478e-02
0.000000000000000000e+00 8.303066287249891153e-02
0.000000000000000000e+00 8.407672100183277708e-02
0.000000000000000000e+00 8.500868320780334553e-02
0.000000000000000000e+00 8.611681255823404324e-02
0.000000000000000000e+00 8.706205865479427208e-02
0.000000000000000000e+00 8.802209429267350560e-02
0.000000000000000000e+00 8.908344352228102225e-02
0.000000000000000000e+00 9.005902548380127770e-02
0.000000000000000000e+00 9.103328688653250511e-02
0.000000000000000000e+00 9.211425727257652185e-02
0.000000000000000000e+00 9.301198083028021368e-02
0.000000000000000000e+00 9.412444558934797423e-02
0.000000000000000000e+00 9.503135857012035004e-02
0.000000000000000000e+00 9.603841766536469482e-02
0.000000000000000000e+00 9.700958277215114556e-02
0.000000000000000000e+00 9.801082399217536656e-02
0.000000000000000000e+00 9.912904059118085587e-02
0.000000000000000000e+00 1.000144144847524841e-01
0.000000000000000000e+00 1.010162895063889121e-01
0.000000000000000000e+00 1.020240894856248026e-01
0.000000000000000000e+00 1.030895928266385292e-01
0.000000000000000000e+00 1.040816706715953222e-01
0.000000000000000000e+00 1.051042285154654560e-01
0.000000000000000000e+00 1.060100026233987969e-01
0.000000000000000000e+00 1.070192245285429278e-01
0.000000000000000000e+00 1.081252744842943342e-01
0.000000000000000000e+00 1.090108655708472291e-01
0.000000000000000000e+00 1.101110144059681828e-01
0.000000000000000000e+00 1.110125336640785942e-01
0.000000000000000000e+00 1.120385758447696861e-01
0.000000000000000000e+00 1.130299259747322982e-01
0.000000000000000000e+00 1.140004289965786122e-01
0.000000000000000000e+00 1.150458624881045416e-01
0.000000000000000000e+00 1.160809493853037361e-01
0.000000000000000000e+00 1.170120070587107458e-01
0.000000000000000000e+00 1.180674403981885195e-01
0.000000000000000000e+00 1.190898636826140111e-01
0.000000000000000000e+00 1.200267779830054421e-01
0.000000000000000000e+00 1.211712924472612835e-01
0.000000000000000000e+00 1.220887170648026765e-01
0.000000000000000000e+00 1.230391377581079027e-01
0.000000000000000000e+00 1.240273343519866789e-01
0.000000000000000000e+00 1.251137352773863121e-01
0.000000000000000000e+00 1.260360155304220409e-01
0.000000000000000000e+00 1.270492743639008715e-01
0.000000000000000000e+00 1.281012461341606568e-01
0.000000000000000000e+00 1.290126577528283303e-01
0.000000000000000000e+00 1.301282478657399266e-01
0.000000000000000000e+00 1.310049781626162202e-01
0.000000000000000000e+00 1.320636210608549521e-01
0.000000000000000000e+00 1.330004821976338847e-01
0.000000000000000000e+00 1.340410133951310256e-01
0.000000000000000000e+00 1.350571404632459338e-01
0.000000000000000000e+00 1.360188156055864850e-01
0.000000000000000000e+00 1.371089335174959511e-01
0.000000000000000000e+00 1.380208387475083953e-01
0.000000000000000000e+00 1.390114490598840513e-01
0.000000000000000000e+00 1.400644484882755392e-01
0.000000000000000000e+00 1.412027426825157583e-01
0.000000000000000000e+00 1.420556352210720630e-01
0.000000000000000000e+00 1.430145093868218087e-01
0.000000000000000000e+00 1.440047108550640276e-01
0.000000000000000000e+00 1.450903465691058825e-01
0.000000000000000000e+00 1.460023420674545769e-01
0.000000000000000000e+00 1.471219133247980426e-01
0.000000000000000000e+00 1.480012539744239297e-01
0.000000000000000000e+00 1.490319426780795653e-01
0.000000000000000000e+00 1.500267959287236441e-01
0.000000000000000000e+00 1.510265206531235527e-01
0.000000000000000000e+00 1.520141942480878749e-01
0.000000000000000000e+00 1.530306474700467156e-01
0.000000000000000000e+00 1.541128328478390264e-01
0.000000000000000000e+00 1.550329415780656583e-01
0.000000000000000000e+00 1.560077412869562974e-01
0.000000000000000000e+00 1.570397352679973879e-01
0.000000000000000000e+00 1.580191645206033002e-01
0.000000000000000000e+00 1.590469292717824612e-01
0.000000000000000000e+00 1.601975260051876071e-01
0.000000000000000000e+00 1.610027265765616167e-01
0.000000000000000000e+00 1.621034749202288350e-01
0.000000000000000000e+00 1.631626995823265702e-01
0.000000000000000000e+00 1.640698047738712029e-01
0.000000000000000000e+00 1.650049055329363135e-01
0.000000000000000000e+00 1.660556067336190211e-01
0.000000000000000000e+00 1.670822910025544505e-01
0.000000000000000000e+00 1.680048043703879779e-01
0.000000000000000000e+00 1.690368005000551788e-01
0.000000000000000000e+00 1.700159390197118203e-01
0.000000000000000000e+00 1.711755591058230774e-01
0.000000000000000000e+00 1.720297908928545838e-01
0.000000000000000000e+00 1.730134688849676028e-01
0.000000000000000000e+00 1.741220102697349781e-01
0.000000000000000000e+00 1.750101424284284113e-01
0.000000000000000000e+00 1.760342383014089351e-01
0.000000000000000000e+00 1.770068966151132073e-01
0.000000000000000000e+00 1.780128337425324614e-01
0.000000000000000000e+00 1.790487855364887859e-01
0.000000000000000000e+00 1.800918783078782615e-01
0.000000000000000000e+00 1.810209514489097282e-01
0.000000000000000000e+00 1.820743279069624021e-01
0.000000000000000000e+00 1.830221253502574419e-01
0.000000000000000000e+00 1.840246250910877734e-01
1.486211730208353288e-04 1.850156429599829622e-01
2.150111785774733164e-04 1.860540270877540370e-01
2.955155684443155906e-04 1.870147381895012617e-01
3.624205774359623433e-04 1.880039763883190607e-01
4.143379919199219330e-04 1.890944142165784658e-01
4.578430698254365439e-04 1.900080751143748692e-01
5.121148737936564999e-04 1.910003719669900735e-01
5.632629287939394658e-04 1.920400589218387022e-01
6.026286212246212415e-04 1.930628757273106233e-01
6.471621652650583201e-04 1.940263990111196768e-01
6.897046733929101947e-04 1.950638675762388363e-01
7.230239207460797957e-04 1.960528464791129744e-01
7.480653636529055461e-04 1.970091722613614704e-01
7.712242281057157811e-04 1.980067090142849651e-01
8.140477855103078753e-04 1.990136104660488736e-01
8.513264106628781747e-04 2.000256662903314164e-01
8.846033709630773956e-04 2.010688614772946359e-01
9.160118169071473915e-04 2.020520634875686561e-01
9.542773879527288727e-04 2.030426705082247207e-01
9.827169298448623636e-04 2.040027603437227777e-01
1.011890898403144945e-03 2.050064188679783794e-01
1.046363019295171171e-03 2.060198490137401250e-01
1.087636768802191511e-03 2.070496885365323003e-01
1.123570220701086697e-03 2.080246719151216395e-01
1.170335014065715384e-03 2.090305288002038964e-01
1.221929723645320820e-03 2.100112031156013415e-01
1.254501222847315134e-03 2.110164666512400200e-01
1.287590376185976382e-03 2.120373807140083500e-01
1.310253325655263978e-03 2.130583855483586531e-01
1.333646432519763891e-03 2.140458373488056121e-01
1.379455057885170532e-03 2.150057767525896946e-01
1.417304905378724555e-03 2.160162200307244040e-01
1.454126915886533311e-03 2.170069109454355605e-01
1.493995511906653917e-03 2.180353899186189826e-01
1.525845230480271653e-03 2.190013613502463374e-01
1.545172143985418245e-03 2.200602696944577441e-01
1.555385303153578036e-03 2.210668784055243585e-01
1.594377096654664427e-03 2.220044520089627382e-01
1.624612635733768684e-03 2.230495421483565943e-01
1.650211597853612489e-03 2.240007471986795173e-01
1.685811199765741009e-03 2.250150026496752775e-01
1.699168711506215956e-03 2.260403793695981434e-01
1.728942963713731018e-03 2.270001242846504119e-01
1.758740508699452310e-03 2.280119187594087660e-01
1.782305159659935967e-03 2.290011451494790018e-01
1.817102266534753596e-03 2.301218202315443162e-01
1.864527111324232322e-03 2.310408535054913060e-01
1.898723947669100909e-03 2.320001977640014368e-01
1.929454462645807666e-03 2.330850102364858123e-01
1.949591820769036588e-03 2.340030953133183655e-01
1.983674736916851700e-03 2.350004458048349232e-01
2.014377552776558389e-03 2.360487590153710347e-01
2.042972520168939710e-03 2.370231815328153191e-01
2.085401507302186985e-03 2.380053654308412203e-01
2.117327382605171948e-03 2.390156570714278006e-01
2.133022434767317677e-03 2.400212944234582924e-01
2.151998023698920015e-03 2.410131311939536225e-01
2.183987985228341699e-03 2.420690779857838648e-01
2.227180152716723427e-03 2.430132036961808739e-01
2.251805213798974137e-03 2.440114141561792460e-01
2.292490790428813874e-03 2.450039810302986343e-01
2.327992759080466101e-03 2.460080429230186438e-01
2.347056545948633666e-03 2.470761480606220029e-01
2.365390451455340326e-03 2.480151822122629302e-01
2.387044005879968012e-03 2.490001451556746181e-01
2.409931420081834474e-03 2.500022325422077696e-01
2.449649615325233398e-03 2.510012334825351132e-01
2.464925159162412172e-03 2.520024392956965453e-01
2.483075255019784322e-03 2.530007964628593342e-01
2.503595377987721804e-03 2.540076268267668080e-01
2.509590574986897415e-03 2.550248773724129170e-01
2.526823830056201814e-03 2.560519383052949349e-01
2.560731564597240606e-03 2.570480703038017789e-01
2.585628478189327950e-03 2.580055741725234553e-01
2.624560845496670680e-03 2.590420283638142918e-01
2.649749133528667144e-03 2.600054711078393366e-01
2.683240831699462703e-03 2.610097731611500382e-01
2.722053053382911258e-03 2.620012336988162271e-01
2.744168086704412701e-03 2.630013159613089901e-01
2.770305191743815953e-03 2.640315734001233983e-01
2.802073990626374744e-03 2.650006904666483143e-01
2.849878816109985280e-03 2.660559940801445755e-01
2.865883975554650576e-03 2.670275578070879785e-01
2.893288031615981470e-03 2.680031967718931596e-01
2.937589262216544483e-03 2.690025274816038037e-01
2.964455703500457062e-03 2.700058959967829297e-01
2.999864252521633468e-03 2.710018152549404924e-01
3.025734181114521359e-03 2.720869420150638929e-01
3.064222872753319393e-03 2.730709990396461562e-01
3.096034900265998147e-03 2.740023705038619473e-01
3.138437868856591706e-03 2.750137250034353498e-01
3.163638238356192289e-03 2.760737572842940080e-01
3.187455733749899878e-03 2.770199651484671621e-01
3.215455929670429924e-03 2.780779616561077638e-01
3.250829116452802481e-03 2.790061023247029093e-01
3.275125328631389721e-03 2.800058477069138352e-01
3.312102017614781957e-03 2.810567025879062708e-01
3.348375941181203075e-03 2.820202503614323009e-01
3.381657412917071781e-03 2.830164178930468788e-01
3.413680288142595387e-03 2.840157807509327004e-01
3.449387956299787561e-03 2.850191663741907799e-01
3.478725505474677959e-03 2.860105239117660680e-01
3.524140043922541210e-03 2.870601919887925124e-01
3.554943361644857802e-03 2.880017997831328946e-01
3.591270853632089199e-03 2.890030086465343873e-01
3.625485105303027922e-03 2.900258478105174342e-01
3.652778999704953122e-03 2.910093546079512983e-01
3.684198215330614090e-03 2.920015971456516590e-01
3.719821997134609148e-03 2.930070742319063060e-01
3.752308114984170828e-03 2.940056818891988444e-01
3.804026818910344332e-03 2.950056666761995405e-01
3.827621908674139206e-03 2.960029129909328427e-01
3.866926776700863044e-03 2.970386957069838241e-01
3.902523342425912034e-03 2.980089350595051534e-01
3.939442075524546283e-03 2.990092478629666761e-01
3.973165389015598237e-03 3.000997189589283409e-01
4.008499362057271753e-03 3.010256493999560745e-01
4.051844075789734489e-03 3.020003054678399579e-01
4.083405019812517966e-03 3.030396491946938387e-01
4.131459414568716682e-03 3.040126404456726661e-01
4.162863279255191173e-03 3.050628782356407664e-01
4.205511019872432144e-03 3.060451543783830330e-01
4.242306684002938866e-03 3.070030480502888848e-01
4.269942400084048018e-03 3.081000453717354648e-01
4.300837660617506941e-03 3.090171725269483249e-01
4.339061869950144867e-03 3.100003185207319545e-01
4.375075896276392484e-03 3.110034681432625181e-01
4.407164064482049781e-03 3.120067098230219216e-01
4.444178258383058022e-03 3.130189079488240322e-01
4.470205320956210926e-03 3.140116112486273092e-01
4.503154246833451779e-03 3.150004866958093785e-01
4.545770993283237971e-03 3.160029436175096906e-01
4.581145192692481771e-03 3.170301476974616839e-01
4.604326986883400252e-03 3.180078741157068567e-01
4.630182433746465875e-03 3.190019068050945483e-01
4.673740965317085827e-03 3.200380614938768131e-01
4.713270917000911275e-03 3.210016446218653119e-01
4.747430976737909702e-03 3.220216449740789244e-01
4.785951475928751364e-03 3.230006045665000936e-01
4.862402178494429350e-03 3.240011590989889667e-01
4.889706300313267917e-03 3.250048405772615889e-01
4.932263537629655303e-03 3.260018759237097163e-01
4.960240160925111219e-03 3.270078391513926430e-01
5.019742395682591507e-03 3.280155899512510187e-01
5.072114904607349928e-03 3.290046519736476993e-01
5.108152414624811399e-03 3.300304817460857354e-01
5.130105669922890854e-03 3.310199560146068753e-01
5.173426460038932362e-03 3.320048548387202203e-01
5.231575843628988309e-03 3.330257041520625627e-01
5.267834789240311011e-03 3.340030968616074514e-01
5.324418419986542972e-03 3.350027747584368720e-01
5.376285694751015143e-03 3.360130067232102169e-01
5.439524953405605601e-03 3.370024194130806228e-01
5.487882352297024369e-03 3.380057736305135951e-01
5.521747290815781639e-03 3.390014873047609845e-01
5.557618952664711287e-03 3.400016959351707113e-01
5.589885947423933743e-03 3.410160293934799691e-01
5.629886332933264903e-03 3.420879300433943837e-01
5.667333254425976907e-03 3.430014415374718073e-01
5.706598685237374013e-03 3.440032061130558483e-01
5.767274280999323821e-03 3.450015559186079273e-01
5.822645065281406573e-03 3.460072214890318465e-01
5.878676369950763814e-03 3.470003510042314887e-01
5.960590795877074299e-03 3.480009319864132422e-01
5.987740778208738845e-03 3.490077498815438717e-01
6.027437872079044467e-03 3.500050524335869273e-01
6.080425076159912123e-03 3.510070747031159843e-01
6.118889762726342774e-03 3.520331721637542932e-01
6.166298016624160994e-03 3.530041914819344595e-01
6.223107870028776745e-03 3.540153386364906507e-01
6.287026168015685812e-03 3.550078493080290332e-01
6.317976813959624849e-03 3.560012494444892428e-01
6.360465497408984703e-03 3.570138055341832706e-01
6.394243483777373172e-03 3.580165782572808930e-01
6.450021072485156992e-03 3.590071440161690108e-01
6.502543316300624099e-03 3.600022910747361915e-01
6.552877688148495139e-03 3.610064686831435110e-01
6.624709942707696086e-03 3.620310765893350324e-01
6.659474153965838639e-03 3.630130296501570819e-01
6.700295520853494224e-03 3.640331887601169214e-01
6.743412251882796582e-03 3.650329881045181746e-01
6.804753188379475404e-03 3.660016073942929382e-01
6.838988370775567205e-03 3.670016026404031573e-01
6.886613288666576516e-03 3.680457086383692733e-01
6.953886593695071672e-03 3.690129528974332995e-01
6.981673704290924931e-03 3.700199358793380133e-01
7.011963667725940041e-03 3.710063483392602168e-01
7.052199375708945173e-03 3.720147060915931503e-01
7.109688035997763222e-03 3.730047154466116233e-01
7.152469348326917498e-03 3.740094277591968774e-01
7.175345358752416303e-03 3.750155787912718974e-01
7.258287555863773832e-03 3.760096948223877744e-01
7.322276430876684117e-03 3.770201391383765088e-01
7.366164135302444294e-03 3.780214606419944889e-01
7.416885657199667747e-03 3.790018152107469396e-01
7.450261119133827492e-03 3.800088005466932817e-01
7.510142488385884718e-03 3.810028869543798935e-01
7.584160960942831764e-03 3.820104207107524186e-01
7.639891351342575909e-03 3.830185173313093716e-01
7.689072988660505814e-03 3.840000722868141536e-01
7.738274978180026409e-03 3.850078116255961636e-01
7.809977571506809824e-03 3.860007211138618555e-01
7.861447351467099054e-03 3.870075197080030671e-01
7.895461752850607695e-03 3.880204156550198791e-01
7.965951030592832716e-03 3.890024177879169431e-01
8.052605942856949639e-03 3.900091737332820330e-01
8.087772177092666936e-03 3.910009497928114697e-01
8.152673103012098021e-03 3.920152320032421200e-01
8.212056604897099987e-03 3.930094568971836400e-01
8.262988523004999308e-03 3.940029058783354743e-01
8.322426640468449932e-03 3.950030176778997482e-01
8.369644453243729743e-03 3.960400413027463373e-01
8.418077797009537733e-03 3.970549920099120667e-01
8.471664869722950186e-03 3.980575856692158965e-01
8.537176074365548928e-03 3.990017179055554419e-01
8.583356516582041351e-03 4.000009400412212757e-01
8.632654851650656269e-03 4.010023663722493414e-01
8.685026543536089605e-03 4.020292472092292235e-01
8.731928451000570135e-03 4.030026278699320175e-01
8.793987117089674399e-03 4.040157884675846245e-01
8.858276031837863940e-03 4.050107268117966730e-01
8.928523190985693248e-03 4.060028317461945591e-01
8.999020815654290573e-03 4.070059863424806967e-01
9.084197786447978373e-03 4.080046070170999517e-01
9.154733916226120982e-03 4.090074213759867794e-01
9.197836318050711668e-03 4.100234939534804224e-01
9.253738466890704117e-03 4.110035165341676677e-01
9.318176117191434571e-03 4.120109283801834943e-01
9.371649948245686090e-03 4.130103321226075153e-01
9.431778029855619749e-03 4.140000726344369997e-01
9.490231755639122468e-03 4.150244895455624805e-01
9.577563739552985567e-03 4.160149623169107636e-01
9.650834183071665962e-03 4.170019184603803719e-01
9.713466492232702976e-03 4.180203071656924396e-01
9.773194113723349119e-03 4.190268083968946566e-01
9.832106346736591007e-03 4.200067283875744129e-01
9.901385590393330105e-03 4.210194291664705046e-01
9.989700608135171356e-03 4.220002942400769008e-01
1.008509789779754584e-02 4.230021076395855673e-01
1.017178796014928110e-02 4.240299730197294448e-01
1.025770054250796370e-02 4.250037544985122984e-01
1.033965778838408234e-02 4.260244728144627624e-01
1.042576128445715788e-02 4.270067776652252123e-01
1.050192057136811741e-02 4.280129904149480025e-01
1.057650730553039153e-02 4.290482273661722079e-01
1.063798723155873205e-02 4.300007484292139859e-01
1.069567568286933223e-02 4.310050315129452247e-01
1.075184157491126946e-02 4.320051331161365304e-01
1.081726769028767965e-02 4.330163643363680870e-01
1.089626242564656344e-02 4.340018856898072430e-01
1.095407682880811251e-02 4.350041953620518709e-01
1.102598113424158033e-02 4.360077385157006269e-01
1.110484487887664073e-02 4.370415836532725029e-01
1.117554663707220897e-02 4.380000130114842793e-01
1.126816818664444497e-02 4.390000459921327147e-01
1.135113281614152925e-02 4.400266330974366147e-01
1.143449358719605957e-02 4.410119538012360341e-01
1.152411880953918555e-02 4.420427186014094234e-01
1.161785599467712871e-02 4.430039427701933930e-01
1.170217262921768864e-02 4.440080020557982676e-01
1.178356236776911814e-02 4.450024401601715418e-01
1.185915015552385654e-02 4.460012262496324542e-01
1.194719689528592199e-02 4.470041730724889639e-01
1.203458954258085356e-02 4.480018962640162083e-01
1.210930562672762889e-02 4.490108265471184912e-01
1.219150267475077598e-02 4.500132013826020905e-01
1.225104894885276074e-02 4.510292182537316563e-01
1.232931510217483151e-02 4.520237221545825301e-01
1.239660796161690115e-02 4.530002340159594576e-01
1.247152045692789812e-02 4.540167919083520354e-01
1.257013649929467070e-02 4.550151478797931359e-01
1.266210730105021831e-02 4.560287532151069412e-01
1.271311395650798204e-02 4.570274931766240556e-01
1.278165776562856237e-02 4.580032565209921636e-01
1.284623746287572033e-02 4.590014846866155018e-01
1.290982993169631499e-02 4.600092042084275024e-01
1.301064017155795227e-02 4.610002382466130699e-01
1.308530477445176560e-02 4.620079090364773711e-01
1.313396830096991152e-02 4.630145681588314632e-01
1.322177366834820234e-02 4.640141202655700958e-01
1.331505160750168226e-02 4.650444493691856529e-01
1.339809579013095941e-02 4.660080864396543010e-01
1.347918179012586037e-02 4.670041847633246146e-01
1.355183174239726895e-02 4.680244446955251769e-01
1.363560443755884588e-02 4.690612114781058661e-01
1.371944403121627687e-02 4.700049596973928101e-01
1.378624766541847180e-02 4.710003608414558007e-01
1.388331939349751742e-02 4.720039049277229282e-01
1.400102215823917362e-02 4.730008921797356214e-01
1.411743879977089833e-02 4.740099157060073121e-01
1.421396848531553125e-02 4.750084670239411722e-01
1.433749942204176619e-02 4.760002309558180045e-01
1.447526929952225316e-02 4.770049385933966546e-01
1.457945151761030900e-02 4.780070737426651561e-01
1.468390703604083303e-02 4.790034772658153805e-01
1.476941110177065752e-02 4.800337067049313955e-01
1.485243621272180903e-02 4.810060330273809304e-01
1.495928620759601202e-02 4.820004482198498308e-01
1.506820718735824016e-02 4.830058027214554350e-01
1.516847780658192590e-02 4.840114042698732133e-01
1.532257054966912335e-02 4.850051153890255762e-01
1.541696896428401686e-02 4.860006295450990388e-01
1.550549360020014866e-02 4.870043304980739562e-01
1.564222889434452313e-02 4.880055570848648716e-01
1.573548463354468296e-02 4.890047186842035321e-01
1.584514040037010574e-02 4.900046770927000139e-01
1.595641581992857105e-02 4.911113117295133890e-01
1.602698196783514106e-02 4.920052998520176857e-01
1.614796476918392565e-02 4.930337707010533088e-01
1.625592128607178388e-02 4.940268508646825651e-01
1.636580131863096810e-02 4.950078643756010144e-01
1.646417414128631407e-02 4.960159063023105164e-01
1.655618117618511131e-02 4.970045326296566590e-01
1.663942415829122723e-02 4.980014381961419545e-01
1.675438368480242080e-02 4.990026270786626639e-01
1.687351475662701716e-02 5.000043928180639696e-01
1.698937490907370673e-02 5.010044489945060242e-01
1.713730338603869363e-02 5.020002577777702424e-01
1.726751660807090971e-02 5.030188869715452871e-01
1.735910122042838566e-02 5.040088621776847022e-01
1.748428597579110289e-02 5.050023325600090374e-01
1.762056490976671164e-02 5.060043279554706785e-01
1.774870462979127872e-02 5.070167028773696627e-01
1.789181481372636995e-02 5.080000835139193427e-01
1.799593345839856084e-02 5.090046445821161392e-01
1.814425319821877380e-02 5.100018318640573423e-01
1.828614005963857814e-02 5.110072558748257610e-01
1.841073929580838708e-02 5.120036432233840973e-01
1.855539343337131442e-02 5.130034761627317863e-01
1.866089055475250724e-02 5.140146056288465992e-01
1.877899300172547470e-02 5.150117478677941341e-01
1.889021024863346554e-02 5.160000556002088956e-01
1.904107413920907987e-02 5.170039901317664555e-01
1.911336264536744878e-02 5.180025795244269649e-01
1.921598661114920503e-02 5.190073595127422390e-01
1.935460486163975702e-02 5.200014183938930223e-01
1.952879439923815852e-02 5.210007540039943708e-01
1.969988274371536896e-02 5.220039059094413458e-01
1.983037893475358970e-02 5.230027958674532407e-01
1.997936094131613771e-02 5.240006597264392774e-01
2.011058491661099623e-02 5.250073329250255494e-01
2.029295836959499333e-02 5.260027031976696188e-01
2.045277058837946527e-02 5.270002279730452432e-01
2.063050721016357336e-02 5.280048699954515978e-01
2.077993842082648257e-02 5.290011858983375559e-01
2.093284549888352331e-02 5.300026675746427607e-01
2.108291592291600125e-02 5.310044800749218474e-01
2.122406757450379100e-02 5.320055670462178199e-01
2.137197071834995299e-02 5.330057218250546791e-01
2.153673192433647188e-02 5.340002885794643550e-01
2.168658772573106575e-02 5.350017274384810673e-01
2.181952682165633206e-02 5.360407682579158006e-01
2.200480753009248502e-02 5.370006328786844918e-01
2.213938165937712199e-02 5.380006148920347675e-01
2.229391086637289021e-02 5.390050688575610538e-01
2.241283742920119337e-02 5.400002558570671241e-01
2.257731902503845589e-02 5.410053449242173684e-01
2.273587898642581706e-02 5.420003185728643480e-01
2.288852839480015611e-02 5.430009079906839009e-01
2.306844148591480348e-02 5.440012873602869670e-01
2.320769877930572989e-02 5.450004796688194819e-01
2.338286089315907978e-02 5.460106624894354166e-01
2.353692426609566013e-02 5.470006514131956488e-01
2.370486706011032396e-02 5.480003121171796998e-01
2.388916179673161722e-02 5.490024223725227248e-01
2.406201487898940172e-02 5.500010694693129309e-01
2.419970800608917116e-02 5.510009224922686188e-01
2.433427080643646434e-02 5.520020633337401339e-01
2.446727319526065259e-02 5.530044203975688077e-01
2.468252052538844055e-02 5.540000941426381775e-01
2.487480610533587821e-02 5.550031049300434560e-01
2.499736439102218100e-02 5.560022684958196848e-01
2.518837692782227577e-02 5.570001471400785054e-01
2.535770822816463266e-02 5.580008357072910874e-01
2.554631787989336544e-02 5.590067116234347377e-01
2.568195405834972078e-02 5.600181569161339912e-01
2.586429923188626745e-02 5.610086130167223351e-01
2.604682818635595254e-02 5.620034348963676152e-01
2.619680657339995555e-02 5.630006833044215453e-01
2.644117165340453823e-02 5.640063969863942095e-01
2.665870090873867504e-02 5.650001850028754102e-01
2.683250837083850371e-02 5.660012348230085699e-01
2.703038297461679562e-02 5.670086247804418944e-01
2.723468387505123545e-02 5.680011482009246215e-01
2.744375926786712938e-02 5.690013602834158579e-01
2.763087605179181949e-02 5.700022818694920890e-01
2.784090690609630769e-02 5.710069478525120479e-01
2.802038269800766201e-02 5.720132954633568856e-01
2.816923555338624041e-02 5.730000292170654985e-01
2.837891837433792475e-02 5.740016801412355374e-01
2.859356179734673375e-02 5.750081042683352628e-01
2.878533380777303918e-02 5.760035350783978547e-01
2.900041050296575662e-02 5.770000309816848416e-01
2.920704945018837151e-02 5.780031126597138247e-01
2.939198009525245681e-02 5.790005788818299859e-01
2.959236384254548824e-02 5.800057271063474573e-01
2.983073209792941327e-02 5.810002362748626359e-01
3.002033567035189421e-02 5.820372057886906703e-01
3.022566792600289709e-02 5.830001980093129088e-01
3.042138012418438286e-02 5.840091121706891819e-01
3.067622239097556047e-02 5.850044734440185135e-01
3.088606279385341935e-02 5.860001595096177018e-01
3.107324824518453710e-02 5.870044457894212364e-01
3.133714406019105780e-02 5.880007272789800066e-01
3.161083266016451176e-02 5.890021000233160997e-01
3.180830506378029554e-02 5.900039655543607431e-01
3.198465030663566466e-02 5.910137661475105553e-01
3.222867459421285830e-02 5.920046287404568952e-01
3.245112184554499457e-02 5.930001192545012456e-01
3.265670257946151622e-02 5.940027324408436726e-01
3.290212641513923231e-02 5.950012649473390702e-01
3.314370753792772462e-02 5.960013382273824378e-01
3.336774217300186862e-02 5.970035515272728022e-01
3.356848098303810701e-02 5.980014264981268202e-01
3.386749072966410701e-02 5.990053460102785499e-01
3.410747691830984252e-02 6.000945901141000460e-01
3.437621520745492987e-02 6.010000375150467145e-01
3.462504044808301096e-02 6.020026023254482217e-01
3.492102874648095323e-02 6.030005193923823059e-01
3.516068066829358685e-02 6.040016780045609490e-01
3.533835020360909240e-02 6.051793174009543197e-01
3.559065179057191441e-02 6.060008948893618186e-01
3.586317551051210195e-02 6.070003729678232762e-01
3.618875101395313543e-02 6.080000791765721724e-01
3.651342917959610190e-02 6.090000712500401869e-01
3.683977112546221733e-02 6.100025930880534908e-01
3.709402476911982660e-02 6.110015751339243906e-01
3.732903282416866197e-02 6.120024672169362967e-01
3.760595743227534982e-02 6.130030748264793106e-01
3.786041285635555198e-02 6.140003853281732482e-01
3.804211622124586967e-02 6.150004666618772431e-01
3.831687882390544253e-02 6.160005561134884733e-01
3.859000883851804176e-02 6.170109346485723734e-01
3.887474450943617654e-02 6.180165751526499607e-01
3.918747239503250768e-02 6.190092862179978894e-01
3.945902076188900764e-02 6.200137554960378772e-01
3.975979286891107023e-02 6.210079025510486517e-01
4.013827101032729772e-02 6.220000441086885878e-01
4.041998521355427698e-02 6.230035696809039791e-01
4.069022353399009972e-02 6.240011405364793706e-01
4.106635596465979532e-02 6.250010407434385407e-01
4.134099107365862835e-02 6.260050355504787056e-01
4.164506198608108889e-02 6.270000616485542633e-01
4.195428992061067675e-02 6.280013640440140765e-01
4.227797621728823785e-02 6.290005087404964002e-01
4.261357615723382342e-02 6.300003813185963697e-01
4.295064837484385833e-02 6.310001964438574085e-01
4.323941776213846566e-02 6.320001318682249014e-01
4.354974802938382794e-02 6.330032418110467241e-01
4.384600292738261018e-02 6.340005417284135802e-01
4.421474347297049690e-02 6.350248755559280145e-01
4.457246739394271628e-02 6.360007165232475224e-01
4.489481184351706844e-02 6.370022483942561209e-01
4.526915458395786018e-02 6.380036251078923248e-01
4.560035911444249024e-02 6.390017289891430918e-01
4.602619080389747097e-02 6.400012554844809465e-01
4.640032177691985615e-02 6.410028208758286050e-01
4.667764244094563253e-02 6.420009374966374471e-01
4.707649995240403840e-02 6.430026121376373194e-01
4.746395120195945339e-02 6.440006331440647491e-01
4.785794440433766006e-02 6.450009846745661246e-01
4.821755629834419826e-02 6.460008516597559591e-01
4.859187129928788096e-02 6.470002155574431368e-01
4.906215370893285410e-02 6.480006708276325744e-01
4.940619387227140891e-02 6.490089397210445643e-01
4.990180812663336241e-02 6.500024437234400709e-01
5.032781429302798926e-02 6.510008308543583366e-01
5.087982820782510629e-02 6.520001321007548034e-01
5.134883213368679478e-02 6.530011466890042193e-01
5.180754813477950194e-02 6.540158269848921346e-01
5.222903316837257393e-02 6.550003527046220908e-01
5.260505884075294958e-02 6.560044757975732610e-01
5.312837256708680123e-02 6.570004430434893683e-01
5.357634477484385371e-02 6.580020926381277002e-01
5.398099970175218587e-02 6.590005816759487711e-01
5.450074984543640255e-02 6.600044757035122833e-01
5.478081150168589986e-02 6.610004915582540219e-01
5.518951592523535510e-02 6.620429884987705238e-01
5.555942805947111651e-02 6.630021852180955078e-01
5.596428133037401054e-02 6.640001793730022639e-01
5.649562257793150355e-02 6.650002499716880511e-01
5.705507032176215798e-02 6.660002499481177951e-01
5.757790893003200683e-02 6.670081763211038739e-01
5.802951078289808606e-02 6.680044421785554798e-01
5.863343201635640156e-02 6.690002206607228441e-01
5.910462806589983353e-02 6.700007645503071041e-01
5.963668751751871611e-02 6.710027419493321821e-01
6.014878722535854649e-02 6.720023571800342044e-01
6.070297667519311546e-02 6.730117338438562635e-01
6.117582188774361995e-02 6.740007247982499061e-01
6.179519191870541661e-02 6.750006656809518502e-01
6.237460445015319266e-02 6.760000428798869088e-01
6.298352615725666404e-02 6.770002216356300062e-01
6.364815414789237735e-02 6.780003048772074159e-01
6.418886895584385854e-02 6.790002951645327522e-01
6.479736470268804283e-02 6.800007621140577996e-01
6.534843994557193447e-02 6.810011062901515366e-01
6.587694185796943991e-02 6.820000315947102321e-01
6.638731624813010157e-02 6.830030290719267816e-01
6.711923222395732580e-02 6.840009856639283070e-01
6.773672784317419371e-02 6.850018584710652059e-01
6.843279108305555525e-02 6.860015130676585526e-01
6.917822249720451122e-02 6.870029665814677555e-01
6.972346306057330967e-02 6.880004517204473258e-01
7.038190815918099474e-02 6.890004902316720914e-01
7.095709705841946047e-02 6.900001042629516634e-01
7.174427245956405130e-02 6.910000209294046014e-01
7.231381026854943883e-02 6.920002778187477332e-01
7.290706749687370092e-02 6.930001174075016701e-01
7.347403087345583117e-02 6.940000426892768415e-01
7.417473076749736549e-02 6.950000328370408154e-01
7.477276637615215549e-02 6.960001355965598213e-01
7.547498979849986966e-02 6.970032307950481121e-01
7.628754511543167638e-02 6.980009399831118566e-01
7.702711348267843317e-02 6.990000164527659932e-01
7.786809567976404889e-02 7.000022043732730959e-01
7.845190317899297661e-02 7.010012976615495051e-01
7.923681708006480306e-02 7.020007792143428960e-01
8.003052410480027135e-02 7.030000116949036704e-01
8.084230720694884909e-02 7.040000285525779278e-01
8.173709764901904151e-02 7.050006085312463533e-01
8.251873913648344327e-02 7.060005312617555484e-01
8.334128417316244430e-02 7.070003512026344916e-01
8.413134917354136988e-02 7.080000049188596156e-01
8.509509962043093623e-02 7.090005058166547469e-01
8.585797283580021144e-02 7.100001781488746166e-01
8.678382081090241229e-02 7.110028690285542519e-01
8.772592105306475929e-02 7.120007367033743817e-01
8.870444509460195803e-02 7.130034894200224516e-01
8.963673560679641383e-02 7.140013313485571445e-01
9.055195264114868081e-02 7.150004389799285986e-01
9.156943916434689967e-02 7.160019712277084780e-01
9.244764158170504231e-02 7.170004209533592521e-01
9.336098795304526021e-02 7.180000037545447578e-01
9.442765527777474688e-02 7.190003272821009483e-01
9.542566858234913241e-02 7.200005276168761625e-01
9.634299039290716848e-02 7.210003620325993179e-01
9.702411926119669516e-02 7.220000181119169413e-01
9.806814917911710339e-02 7.230000610499850433e-01
9.897896983641674140e-02 7.240005517180654326e-01
9.996405498898575104e-02 7.250000210976641490e-01
1.009398397501319877e-01 7.260000188515470798e-01
1.021082984498742352e-01 7.270006955105684510e-01
1.032317408615520682e-01 7.280000371460817465e-01
1.042459626947680462e-01 7.290002448291333925e-01
1.054727814938796193e-01 7.300019950436014149e-01
1.065651110866749907e-01 7.310000737604492871e-01
1.077750812623343712e-01 7.320005879529388748e-01
1.089039115688594794e-01 7.330000182385317808e-01
1.099628407817467846e-01 7.340127433391047118e-01
1.111580164158005868e-01 7.350033003037725887e-01
1.122327810550341476e-01 7.360001870544140568e-01
1.135270833890067443e-01 7.370002165541186256e-01
1.146692557707567062e-01 7.380002575781967611e-01
1.156149948759761514e-01 7.390008421404047345e-01
1.169301297804707929e-01 7.400004469852181632e-01
1.182429571674541435e-01 7.410002691420843890e-01
1.194886053400061598e-01 7.420000307843205301e-01
1.208065507787472459e-01 7.430023907931507798e-01
1.221547745771651705e-01 7.440000363631936731e-01
1.235011043836149458e-01 7.450040649924704050e-01
1.247451176677394358e-01 7.460037164525010756e-01
1.257815514065988571e-01 7.470004457158897493e-01
1.270255540656339832e-01 7.480001165479789327e-01
1.283888648533637600e-01 7.490000471998511378e-01
1.297593020586398360e-01 7.500005687857284054e-01
1.310911708576387724e-01 7.510133612753296939e-01
1.324194562235352368e-01 7.520002424547002073e-01
1.337930512203016065e-01 7.530065081604629951e-01
1.351476626685955695e-01 7.540026894730369467e-01
1.366480722117171531e-01 7.550002948319164409e-01
1.378920466254074384e-01 7.560003106543334850e-01
1.392504519357793402e-01 7.570010289388372504e-01
1.406433426819711507e-01 7.580002130606389166e-01
1.420429454200182739e-01 7.590003165019910680e-01
1.436321210687134808e-01 7.600022311117033968e-01
1.450748532824761294e-01 7.610006849060847456e-01
1.466243848091410840e-01 7.620005934233283762e-01
1.481331373180543309e-01 7.630001102667024471e-01
1.497237907642765542e-01 7.640015759233044212e-01
1.512280576958606737e-01 7.650000020176178639e-01
1.527046161151566217e-01 7.660030858475618265e-01
1.542807491575487466e-01 7.670001818826848172e-01
1.558271422303729725e-01 7.680000879213880749e-01
1.575534691984969982e-01 7.690000601249615819e-01
1.590302379883530293e-01 7.700000262359271153e-01
1.604410012561499066e-01 7.710000065148869819e-01
1.622178849802944356e-01 7.720000053385015493e-01
1.635805153883893581e-01 7.730067713960536713e-01
1.652816010288513660e-01 7.740000682537082621e-01
1.667327168046652819e-01 7.750007389117202772e-01
1.685167058165908394e-01 7.760002196329748303e-01
1.702690974665177492e-01 7.770001111036165531e-01
1.720697481044659582e-01 7.780023322539605379e-01
1.740267024830595144e-01 7.790002685171865116e-01
1.759464153545642340e-01 7.800001654252929351e-01
1.778288832461267788e-01 7.810007947561153907e-01
1.797469180226007879e-01 7.820001856484697367e-01
1.816387687839755571e-01 7.830017794478273396e-01
1.835002137740466832e-01 7.840002615339066727e-01
1.854489055176373746e-01 7.850003729675801845e-01
1.874763750232664172e-01 7.860000858611254637e-01
1.895891197844510323e-01 7.870007975999556704e-01
1.915124616872869723e-01 7.880000632786866577e-01
1.935745421915369135e-01 7.890008235364794897e-01
1.955860600505068270e-01 7.900001515471807290e-01
1.978211059922783122e-01 7.910001218627252806e-01
1.997786468604031418e-01 7.920003615239344930e-01
2.019617171250427390e-01 7.930001295230656444e-01
2.041557290840292360e-01 7.940001647450910527e-01
2.062058436861757826e-01 7.950000705483613039e-01
2.084793605484527301e-01 7.960001071414634088e-01
2.108221187207559577e-01 7.970000830022577754e-01
2.130102798088415739e-01 7.980000253102538244e-01
2.152745350102556188e-01 7.990000201729876572e-01
2.178526192372924886e-01 8.000007707155908365e-01
2.204537761686280462e-01 8.010000263282998079e-01
2.225024326568055821e-01 8.020012022286653330e-01
2.249138090021847169e-01 8.030002847373679531e-01
2.274994542637847061e-01 8.040001731167746302e-01
2.301966716811092439e-01 8.050000505035825871e-01
2.327740603595627178e-01 8.060001511575544120e-01
2.354410866964817828e-01 8.070001941481441676e-01
2.383548558988075605e-01 8.080000942124270225e-01
2.411593045922133527e-01 8.090000074047688505e-01
2.437980785613402812e-01 8.100025791955497434e-01
2.465221313192795805e-01 8.110003061206808583e-01
2.491951226001094533e-01 8.120000546025732957e-01
2.518415844799707370e-01 8.130000617085395564e-01
2.545706153415121520e-01 8.140001918469635944e-01
2.569626007050325178e-01 8.150031162418145403e-01
2.597053154626118854e-01 8.160009495931690449e-01
2.623506060125992967e-01 8.170000241395228846e-01
2.647156627481788149e-01 8.180000544789157724e-01
2.672068078727192209e-01 8.190000005062363364e-01
2.698245951719313585e-01 8.200008655395364388e-01
2.724003492950168859e-01 8.210005683106823549e-01
2.748526907654624818e-01 8.220001011351150133e-01
2.770961896659422941e-01 8.230002042291414410e-01
2.795876661149154785e-01 8.240002207711575322e-01
2.826796065973757877e-01 8.250003144510177355e-01
2.851236853549248274e-01 8.260000223686737586e-01
2.877810177411492809e-01 8.270001356674075987e-01
2.900886056705673788e-01 8.280000666048216162e-01
2.925842432261793746e-01 8.290000455473116592e-01
2.951485323787395032e-01 8.300018197798622044e-01
2.973352034609040295e-01 8.310001339227832684e-01
2.998416391951472804e-01 8.320007299905894937e-01
3.026000966425366201e-01 8.330040716643266618e-01
3.052361196082911121e-01 8.340000316899877086e-01
3.078428582484598053e-01 8.350000090011728826e-01
3.104718733770721606e-01 8.360002323387890621e-01
3.133113423014268761e-01 8.370002923835097031e-01
3.160703850293303807e-01 8.380001195896870092e-01
3.189823923387336002e-01 8.390001163094827907e-01
3.218538454942745375e-01 8.400001379902243270e-01
3.245320196024232828e-01 8.410001151806080211e-01
3.275161438788827262e-01 8.420000078020946077e-01
3.301653297629107975e-01 8.430000007601476941e-01
3.331250965104453066e-01 8.440000932677080847e-01
3.361176777540921812e-01 8.450042535271151678e-01
3.394304360348763261e-01 8.460004179291793491e-01
3.425021077177321516e-01 8.470004258700614130e-01
3.459007215067702035e-01 8.480002845516885213e-01
3.493237021325611424e-01 8.490001008711869357e-01
3.531467830529191332e-01 8.500000613212577161e-01
3.567713977072962672e-01 8.510000853336617821e-01
3.604334790518571863e-01 8.520015958097781894e-01
3.643620618657613108e-01 8.530002819100188649e-01
3.680930669363204899e-01 8.540000365494856416e-01
3.719952448686956181e-01 8.550000451689415693e-01
3.758687493749075514e-01 8.560001094895983709e-01
3.797803619430006883e-01 8.570039137038369947e-01
3.830930878167126963e-01 8.580002248011542321e-01
3.863753180569645118e-01 8.590000553594789867e-01
3.897861918507463663e-01 8.600000031822712110e-01
3.932755298621541939e-01 8.610003082056557622e-01
3.965732257224189317e-01 8.620004745564029403e-01
4.001281451723897042e-01 8.630000275568525669e-01
4.036204512235996855e-01 8.640000621611484410e-01
4.065861761972802135e-01 8.650000633961687502e-01
4.099507489677129968e-01 8.660000220317820574e-01
4.131114448453268029e-01 8.670000703388380803e-01
4.161311496874189331e-01 8.680007847006276922e-01
4.187787910691493920e-01 8.690125845196721155e-01
4.215676596659139186e-01 8.700000427883813892e-01
4.242084100123955093e-01 8.710007300562619958e-01
4.268361025699718425e-01 8.720000426446375963e-01
4.293487777793578708e-01 8.730001924825167015e-01
4.318029996585712738e-01 8.740001117015103738e-01
4.343206916087121172e-01 8.750000041045636889e-01
4.366413811689475732e-01 8.760004897895062870e-01
4.390792738872439926e-01 8.770000782883518031e-01
4.411627508682158805e-01 8.780008414915516646e-01
4.434306245052913598e-01 8.790003614022615652e-01
4.455307228791753893e-01 8.800031888205391839e-01
4.472145542157637266e-01 8.810003919253279747e-01
4.490726121658350500e-01 8.820000294271237440e-01
4.506046623424042608e-01 8.830000470827310544e-01
4.524137309246807348e-01 8.840002193412099807e-01
4.540787768820662151e-01 8.850000249492780968e-01
4.559985781521875836e-01 8.860006300506459986e-01
4.580802692341148230e-01 8.870002945616605183e-01
4.600379045505638143e-01 8.880001391275498257e-01
4.618499046342607883e-01 8.890001956666629956e-01
4.636551168817932833e-01 8.900007489824652840e-01
4.654923412164295171e-01 8.910001938395555321e-01
4.673257120979049661e-01 8.920059346162780844e-01
4.690037500460526587e-01 8.930000624764260486e-01
4.710001921981032957e-01 8.940006247472755962e-01
4.727841128627776612e-01 8.950040183426315465e-01
4.747405687479899772e-01 8.960001655261840003e-01
4.768697121152327689e-01 8.970002363699354220e-01
4.790193622224827585e-01 8.980001440881060226e-01
4.811120650980023061e-01 8.990030958135047934e-01
4.833215387956826259e-01 9.000001073703474130e-01
4.855660774191271623e-01 9.010008891534072584e-01
4.877161136648786588e-01 9.020000328194390793e-01
4.900617925733822267e-01 9.030003350375992444e-01
4.925286848901895276e-01 9.040006374430316072e-01
4.948073664726697629e-01 9.050000697646272130e-01
4.972455535589497266e-01 9.060077919127050849e-01
4.998726657974446042e-01 9.070000213922024823e-01
5.019491496021739607e-01 9.080002228862051883e-01
5.046689032402726927e-01 9.090015973201143185e-01
5.067774081316631651e-01 9.100003563605787438e-01
5.102259170591839643e-01 9.110007345484596453e-01
5.133279476476522163e-01 9.120012573382587640e-01
5.167556714705505705e-01 9.130030881079043148e-01
5.205863447403995536e-01 9.140000172168156745e-01
5.243796085197645063e-01 9.150000567531402229e-01
5.286572789267669492e-01 9.160005027793276522e-01
5.322273554482291891e-01 9.170000114825465065e-01
5.368780496395060275e-01 9.180000966986440192e-01
5.411784253235636388e-01 9.190000678331120554e-01
5.461367461437773851e-01 9.200017016480310783e-01
5.515171247328307658e-01 9.210000332440853033e-01
5.567888669843172877e-01 9.220000016762232020e-01
5.620430155849152065e-01 9.230001394829288053e-01
5.677009693621339892e-01 9.240000250614007760e-01
5.733412056469502360e-01 9.250051891316035668e-01
5.796383783368947995e-01 9.260000231876046595e-01
5.854775983878930390e-01 9.270023973528043193e-01
5.913310312298067917e-01 9.280000069341916014e-01
5.975141902722143072e-01 9.290022791493344201e-01
6.033726759195863210e-01 9.300000104916104071e-01
6.087237031370080764e-01 9.310000383030527793e-01
6.145767133436010887e-01 9.320000408855115825e-01
6.211702411730968265e-01 9.330002656204345879e-01
6.276230998307266162e-01 9.340000994162929171e-01
6.345333323727091468e-01 9.350000242105369619e-01
6.414088627238876406e-01 9.360018425182015100e-01
6.486031170083574882e-01 9.370000161018134932e-01
6.551343799798301504e-01 9.380016589930629811e-01
6.617474261550251313e-01 9.390002084057870180e-01
6.685594858207515312e-01 9.400001071178395451e-01
6.753411042752022198e-01 9.410052116368150532e-01
6.841510043641880756e-01 9.420000186890274962e-01
6.913108649810472128e-01 9.430000243282625760e-01
6.999867379253426058e-01 9.440034889545583230e-01
7.082960112865404056e-01 9.450475015313343219e-01
7.160498464913951366e-01 9.460001350618307825e-01
7.267419876170690962e-01 9.470009882614747188e-01
7.398466529292289096e-01 9.480006675544863093e-01
7.527937850492625316e-01 9.490016302784489710e-01
7.681840929425440834e-01 9.500000913963244642e-01
7.829773711113456880e-01 9.510000139415480946e-01
7.991524500553173205e-01 9.520001492541270149e-01
8.161740282293479254e-01 9.530001979133329026e-01
8.344280365418099699e-01 9.540000352698302377e-01
8.523821913941556083e-01 9.550001319707119851e-01
8.708229415113378780e-01 9.560001507924373865e-01
8.892354762260792356e-01 9.570000103800491154e-01
9.082211364760768291e-01 9.580001181960902112e-01
9.265138957577851997e-01 9.590000064146324554e-01
9.433206343587402509e-01 9.600000755230380101e-01
9.601927986523497438e-01 9.610001050219825203e-01
9.756358604992038108e-01 9.620004296999480342e-01
9.906576267629612076e-01 9.630001594951790311e-01
1.004478454985737734e+00 9.640000142234275149e-01
1.017482666153762816e+00 9.650002148925697076e-01
1.029518309336053150e+00 9.660001133162425813e-01
1.040768664741355432e+00 9.670000232099190685e-01
1.050862662118444035e+00 9.680002984904664265e-01
1.061038263526664416e+00 9.690000016686852735e-01
1.070973590041401469e+00 9.700000865982381093e-01
1.079859249698045254e+00 9.710061398938929500e-01
1.089137737139772355e+00 9.720000236490777823e-01
1.099314071405332882e+00 9.730000001605259019e-01
1.109222295905383904e+00 9.740000169863605173e-01
1.119490365448868152e+00 9.750009832259487474e-01
1.130130386049610358e+00 9.760000395311765331e-01
1.140664098024392281e+00 9.770001995923196514e-01
1.154237772390629413e+00 9.780000258637970845e-01
1.168283194978696926e+00 9.790008784658379426e-01
1.184271816876222516e+00 9.800000103925595729e-01
1.200988819452048606e+00 9.810016276221558140e-01
1.216736400688561481e+00 9.820002245813410635e-01
1.233752184080473935e+00 9.830000376431118347e-01
1.252819317262479526e+00 9.840000348674599051e-01
1.274822903200470314e+00 9.850010252281866663e-01
1.300971122652924805e+00 9.860000861640694225e-01
1.335349021964041594e+00 9.870000014928740351e-01
1.378634038534168660e+00 9.880003156556464994e-01
1.427397922182211509e+00 9.890000019527402930e-01
1.478733700105252735e+00 9.900000114123543860e-01
1.539672137181338440e+00 9.910002164619307052e-01
1.593191985660475929e+00 9.920000173304501789e-01
1.642394429769915565e+00 9.930000260903951714e-01
1.699460441617511641e+00 9.940000062571456851e-01
1.788895041129207719e+00 9.950000084041616955e-01
1.907083021520613597e+00 9.960000185087869440e-01
2.037757569013598946e+00 9.970000003301738856e-01
2.187685206215413736e+00 9.980000150624737110e-01
2.463519105302385714e+00 9.990000012219568681e-01
1.450872329068515221e+01 9.999999999988717914e-01
