# Random field Heisenberg chain
# L=14, J=1, Delta=0.9, W=1.5, h_i in [-W,W]
# Integrated spectral function of the Anderson LIOMs I_alpha
# omega I_alpha

0.000000000000000000e+00 1.159231325759216193e-03
0.000000000000000000e+00 2.069824803344671657e-03
0.000000000000000000e+00 3.131785540549316890e-03
0.000000000000000000e+00 4.000920222303141864e-03
0.000000000000000000e+00 5.026427574533738271e-03
0.000000000000000000e+00 6.013079509629746557e-03
0.000000000000000000e+00 7.054822005245008076e-03
0.000000000000000000e+00 8.068086424730483777e-03
0.000000000000000000e+00 9.078807067472174919e-03
0.000000000000000000e+00 1.006057262688064662e-02
0.000000000000000000e+00 1.108436482684043052e-02
0.000000000000000000e+00 1.204603394559385261e-02
0.000000000000000000e+00 1.301983042762914697e-02
0.000000000000000000e+00 1.401007873809510633e-02
0.000000000000000000e+00 1.502904935161704023e-02
0.000000000000000000e+00 1.605672994012711033e-02
0.000000000000000000e+00 1.702426800061961759e-02
0.000000000000000000e+00 1.800544911905525153e-02
0.000000000000000000e+00 1.906609975308571139e-02
0.000000000000000000e+00 2.000593251005167508e-02
0.000000000000000000e+00 2.100436621877704857e-02
0.000000000000000000e+00 2.200624072446159124e-02
0.000000000000000000e+00 2.309889321046281960e-02
0.000000000000000000e+00 2.401748054189099119e-02
0.000000000000000000e+00 2.510417069442126559e-02
0.000000000000000000e+00 2.619089245385651868e-02
0.000000000000000000e+00 2.701784729818242775e-02
0.000000000000000000e+00 2.812158059254780615e-02
0.000000000000000000e+00 2.901488572412811232e-02
0.000000000000000000e+00 3.005635390718443961e-02
0.000000000000000000e+00 3.100373132915698604e-02
0.000000000000000000e+00 3.204647967362562327e-02
0.000000000000000000e+00 3.302932669435093560e-02
0.000000000000000000e+00 3.403432015806273636e-02
0.000000000000000000e+00 3.503788789651177127e-02
0.000000000000000000e+00 3.601225585256945944e-02
0.000000000000000000e+00 3.710246649163530946e-02
0.000000000000000000e+00 3.808412964268775153e-02
0.000000000000000000e+00 3.901288131095213135e-02
0.000000000000000000e+00 4.000088999637384235e-02
0.000000000000000000e+00 4.105775037882736928e-02
0.000000000000000000e+00 4.200830797660221744e-02
0.000000000000000000e+00 4.301037738439267288e-02
0.000000000000000000e+00 4.417410368671254722e-02
0.000000000000000000e+00 4.500464837126828821e-02
0.000000000000000000e+00 4.600042762946431052e-02
0.000000000000000000e+00 4.700469913816672507e-02
0.000000000000000000e+00 4.806819842260642850e-02
0.000000000000000000e+00 4.901196572542978330e-02
0.000000000000000000e+00 5.000668171280377855e-02
0.000000000000000000e+00 5.100007771522559186e-02
0.000000000000000000e+00 5.204367867797558139e-02
0.000000000000000000e+00 5.301671435073072869e-02
0.000000000000000000e+00 5.400192135954899608e-02
0.000000000000000000e+00 5.503448356641038597e-02
0.000000000000000000e+00 5.604918667881669120e-02
0.000000000000000000e+00 5.702325487193834336e-02
0.000000000000000000e+00 5.800461356605431801e-02
0.000000000000000000e+00 5.904026358385951884e-02
0.000000000000000000e+00 6.000957454297210086e-02
0.000000000000000000e+00 6.102210959112835953e-02
0.000000000000000000e+00 6.200832497170302021e-02
0.000000000000000000e+00 6.301876070922717010e-02
0.000000000000000000e+00 6.402036475622228939e-02
0.000000000000000000e+00 6.502963026205996200e-02
0.000000000000000000e+00 6.603807052980895098e-02
0.000000000000000000e+00 6.710619907008694152e-02
0.000000000000000000e+00 6.800758827414865593e-02
2.589196332598575623e-04 6.900029196395317255e-02
5.237357640197615183e-04 7.000218413865960665e-02
6.574089053810183714e-04 7.101278201390795464e-02
7.630206121236327022e-04 7.200154093547858625e-02
8.716119855813886375e-04 7.300278451258243595e-02
1.000267734630133631e-03 7.400469982654490908e-02
1.116623797174476351e-03 7.500521000010149097e-02
1.227192765293150245e-03 7.601098320333460334e-02
1.340268465281457821e-03 7.700594938778243526e-02
1.453936708008640721e-03 7.800115330973099448e-02
1.556508890660168731e-03 7.900008211772002742e-02
1.666159673733957902e-03 8.000134970903946541e-02
1.751431064954900307e-03 8.100518789108271389e-02
1.829204932777273029e-03 8.201515919328314363e-02
1.912263153005078209e-03 8.301395812070203051e-02
1.981799443755427603e-03 8.400099162683369314e-02
2.059037787378592554e-03 8.500182480278489772e-02
2.120838041961725651e-03 8.603695612189529718e-02
2.203590805160082766e-03 8.701147633622927091e-02
2.283366185716673158e-03 8.800572288211161442e-02
2.340371633993143519e-03 8.900349084965553104e-02
2.395057350085494363e-03 9.001595452916633100e-02
2.452456411338843623e-03 9.100331060683065909e-02
2.536818438387378194e-03 9.201003201776215834e-02
2.616644593822492482e-03 9.300191568029887723e-02
2.685648423128128570e-03 9.400003592399112928e-02
2.772171679382928744e-03 9.501199391342389500e-02
2.860722787699110370e-03 9.601135209980855845e-02
2.954865094139336179e-03 9.700007267643541431e-02
3.047954557446885815e-03 9.800931059982111171e-02
3.109640948200542709e-03 9.901324809071242183e-02
3.182362489301482356e-03 1.000046490571967900e-01
3.266998131511211767e-03 1.010052486504120495e-01
3.332887990594279870e-03 1.020060849518171081e-01
3.412714955541379380e-03 1.030223762014776945e-01
3.448938275715796031e-03 1.040254245012858236e-01
3.512216768494447194e-03 1.050045360347753032e-01
3.585990558699236885e-03 1.060031248730812919e-01
3.655969789947088877e-03 1.070000088959811163e-01
3.763348896152152179e-03 1.080081579046034135e-01
3.864253299661335461e-03 1.090003713496731363e-01
3.931480475971582678e-03 1.100009601743936333e-01
3.984049934393052439e-03 1.110033828988058746e-01
4.058533640139305732e-03 1.120309054994896858e-01
4.122288244226446352e-03 1.130015503008613142e-01
4.226204950293244167e-03 1.140013304268921446e-01
4.304011575710031678e-03 1.150004318678091997e-01
4.393921921378662887e-03 1.160086282110900091e-01
4.484529734233966280e-03 1.170081000835396789e-01
4.553980855070527411e-03 1.180009758068115144e-01
4.656035303295169570e-03 1.190040773892176301e-01
4.751644114154629506e-03 1.200032965264200835e-01
4.864852807721642414e-03 1.210318189352591611e-01
4.946664779827525393e-03 1.220123986406001781e-01
5.019903809734493905e-03 1.230015399038856816e-01
5.093480716936049646e-03 1.240338786590538672e-01
5.160917004831233612e-03 1.250110619295639325e-01
5.237447126676286757e-03 1.260021018974986917e-01
5.300195477718538939e-03 1.270419582276534343e-01
5.396818473077935607e-03 1.280051669894737010e-01
5.491929354811020403e-03 1.290002055528378655e-01
5.586875856497641735e-03 1.300000394005850768e-01
5.686672292918970584e-03 1.310065398346773047e-01
5.794240471691303185e-03 1.320016017723172619e-01
5.885163229034429122e-03 1.330002228378502627e-01
5.939633419501433309e-03 1.340033484175545964e-01
6.038377314782295002e-03 1.350002219031830597e-01
6.147291119968922857e-03 1.360056795279001030e-01
6.252602804238449608e-03 1.370006474125559648e-01
6.337949634004580446e-03 1.380012853277671758e-01
6.412789148304121056e-03 1.390030390592306153e-01
6.510801954133782488e-03 1.400007780837318472e-01
6.620867348687831111e-03 1.410077979023181549e-01
6.689440266139712321e-03 1.420012096362724408e-01
6.787608867005801017e-03 1.430052526281918868e-01
6.863115813785292119e-03 1.440115970652464106e-01
6.938662814142126933e-03 1.450148744033197268e-01
7.065345632090824779e-03 1.460108481077712628e-01
7.157422953600889315e-03 1.470046115664908337e-01
7.269756886442380051e-03 1.480000192253651536e-01
7.364810533291521466e-03 1.490072863249385648e-01
7.446779841316253368e-03 1.500002455077502905e-01
7.581070155804781052e-03 1.510040827258024299e-01
7.660654281000378596e-03 1.520032183577698093e-01
7.731657677285674879e-03 1.530058040402376696e-01
7.864145454480109265e-03 1.540059798631661925e-01
7.982225125291897427e-03 1.550069861541133742e-01
8.092423516714575271e-03 1.560047742727774522e-01
8.185615531028034297e-03 1.570001752804681960e-01
8.283998924846436296e-03 1.580024524121038942e-01
8.371834249212284362e-03 1.590052116859574094e-01
8.458205849016131594e-03 1.600023625299794305e-01
8.571997438011180748e-03 1.610041827272666037e-01
8.680912843769039711e-03 1.620044029774653505e-01
8.802002110056328377e-03 1.630004363693528802e-01
8.896623962574068400e-03 1.640017503139690469e-01
9.031978018200881309e-03 1.650039775354411875e-01
9.138812266804130502e-03 1.660001147387386855e-01
9.261071766976325392e-03 1.670008651293611035e-01
9.376692044671841586e-03 1.680159547194638170e-01
9.483884321642044313e-03 1.690078456334070667e-01
9.606050513613517694e-03 1.700091347264678643e-01
9.721020939726265908e-03 1.710089373122382905e-01
9.820202559143620391e-03 1.720011351574196323e-01
9.949300882803768786e-03 1.730007250674613362e-01
1.005438195792152101e-02 1.740017204816065866e-01
1.017353853179114864e-02 1.750015205820776576e-01
1.028004044541952489e-02 1.760002744426839572e-01
1.040333976364138380e-02 1.770035121176709303e-01
1.054446363399419440e-02 1.780007171767270524e-01
1.066010452327059710e-02 1.790005625595322558e-01
1.075193591720058350e-02 1.800001048978139007e-01
1.088104687262037018e-02 1.810014979949863545e-01
1.105575446310425036e-02 1.820029718717540990e-01
1.117445382208082094e-02 1.830077377274525741e-01
1.128786352807242821e-02 1.840029318230901600e-01
1.138917219223634092e-02 1.850024154193015968e-01
1.153040273250560688e-02 1.860019373209612359e-01
1.159521144238562229e-02 1.870003366539194911e-01
1.170306489501538039e-02 1.880008819476767234e-01
1.182616988522777746e-02 1.890001565318613908e-01
1.192163644305865855e-02 1.900105476129291537e-01
1.207666549023356239e-02 1.910006556370454078e-01
1.224187336435456075e-02 1.920010209472521046e-01
1.236785715861365986e-02 1.930053532955282314e-01
1.249797855792778023e-02 1.940010799602641944e-01
1.264913778358378593e-02 1.950013984097261344e-01
1.274926501720874406e-02 1.960079580836654456e-01
1.286741959794923673e-02 1.970034032227561682e-01
1.302353472293305003e-02 1.980091528672502377e-01
1.312042191248918854e-02 1.990000292199959886e-01
1.328280795585667917e-02 2.000000305314811322e-01
1.341857669496215877e-02 2.010025247692643902e-01
1.357333066583388259e-02 2.020026954418171206e-01
1.371172698632983078e-02 2.030356021140838907e-01
1.383211252324212381e-02 2.040044310009840323e-01
1.398581416874056238e-02 2.050040652633948191e-01
1.410103244773885933e-02 2.060084761464305303e-01
1.425050459732668529e-02 2.070001558090127369e-01
1.438808605294106258e-02 2.080069485171522070e-01
1.457975770158359552e-02 2.090060193033878022e-01
1.473952956319291019e-02 2.100031019418931444e-01
1.492032327258119295e-02 2.110008541065462595e-01
1.503945433314157754e-02 2.120035271689090228e-01
1.518225339405221419e-02 2.130015159964036564e-01
1.534694446609785601e-02 2.140038452129182367e-01
1.550803848077819680e-02 2.150010222345751787e-01
1.564118899156152764e-02 2.160018466053116870e-01
1.579919354010073107e-02 2.171155167292162513e-01
1.594570918507898227e-02 2.180123881996807733e-01
1.607350086271797096e-02 2.190006600727345820e-01
1.627374191792640978e-02 2.200022531048970165e-01
1.644264161357522624e-02 2.210080123204059832e-01
1.660705607448953458e-02 2.220013113837057961e-01
1.677930139556860212e-02 2.230004971594510277e-01
1.697035118412770771e-02 2.240013808999966050e-01
1.711607403396797622e-02 2.250004286142593124e-01
1.726098016126886847e-02 2.260049725020595035e-01
1.739883851404044890e-02 2.270040529588738809e-01
1.756358633530119562e-02 2.280100135583280063e-01
1.777920906499552700e-02 2.290011627065067779e-01
1.795241640028955032e-02 2.300010165079346414e-01
1.812767585362395906e-02 2.310030853267348583e-01
1.826453405534333996e-02 2.320008432854176184e-01
1.844695846764698999e-02 2.330055682655184368e-01
1.861861437280687426e-02 2.340001882290606294e-01
1.876319486824939986e-02 2.350180359841410604e-01
1.895067545421369459e-02 2.360017981650728014e-01
1.913514277568495459e-02 2.370002988862482396e-01
1.931248919473560477e-02 2.380043352883335073e-01
1.950178464947915913e-02 2.390032498220841517e-01
1.969523618913182617e-02 2.400073151384902737e-01
1.990104459860564390e-02 2.410020722459789155e-01
2.011316086858716545e-02 2.420010410523157074e-01
2.027053449790131717e-02 2.430055532387291051e-01
2.042137635932261830e-02 2.440012098004745722e-01
2.057695185657504311e-02 2.450003433563272826e-01
2.071947132040197204e-02 2.460013397195943141e-01
2.093562464862719352e-02 2.470037581380786773e-01
2.112585526823185234e-02 2.480034759218699980e-01
2.132172302302315359e-02 2.490039754131792016e-01
2.148664019896973087e-02 2.500005704264616768e-01
2.167665222577053186e-02 2.510013378758893521e-01
2.187119790535874131e-02 2.520003367036920960e-01
2.212096447592148962e-02 2.530024868491622114e-01
2.234919323927364587e-02 2.540001437837191012e-01
2.251574544129653077e-02 2.550004077084928045e-01
2.271198897360982016e-02 2.560030990618459845e-01
2.292453497617419345e-02 2.570035559045832918e-01
2.304305884268975646e-02 2.580040653370785919e-01
2.321500994385350403e-02 2.590062466985438294e-01
2.342402344707483763e-02 2.600007847505849123e-01
2.361048597870230026e-02 2.610301674832195551e-01
2.380143331126216566e-02 2.620047582094753857e-01
2.401083084547028790e-02 2.630054263610644427e-01
2.419302991973015793e-02 2.640003435551789845e-01
2.440751971037702361e-02 2.650001690268962151e-01
2.465768085632547013e-02 2.660002296099161501e-01
2.492355270926083222e-02 2.670017665455649003e-01
2.514624580466273684e-02 2.680007255045834258e-01
2.537450228181614698e-02 2.690005538543331354e-01
2.559666858335263306e-02 2.700184913182012147e-01
2.576924715966155688e-02 2.710024214592928193e-01
2.604483987330041828e-02 2.720007944771262731e-01
2.628709941247064918e-02 2.730017437763076482e-01
2.654258393104402813e-02 2.740011831357989647e-01
2.675407676535446200e-02 2.750011992899329960e-01
2.701003566373016973e-02 2.760012461185953891e-01
2.725806297321842209e-02 2.770009991770296387e-01
2.752476088531174980e-02 2.780040191939956995e-01
2.776862321896622632e-02 2.790162069613575935e-01
2.801721468330109488e-02 2.800028726835727677e-01
2.825531865888568014e-02 2.810167538807643028e-01
2.849152345453287438e-02 2.820025910388120338e-01
2.878967586044112181e-02 2.830013219519239009e-01
2.903815088249572796e-02 2.840061620298116041e-01
2.933345568299583483e-02 2.850017757003723839e-01
2.956801244991469346e-02 2.860035826803987713e-01
2.978313094453710619e-02 2.870182651687997466e-01
3.004792850406889926e-02 2.880001741787200920e-01
3.031692676591757341e-02 2.890009895510549653e-01
3.055693296084971422e-02 2.900018348551577918e-01
3.077944759733242108e-02 2.910064729855776355e-01
3.103093520905275682e-02 2.920016225975469726e-01
3.132325222646636931e-02 2.930000719722934410e-01
3.155751247537530446e-02 2.940057537851111236e-01
3.181772213406813821e-02 2.950187712599288692e-01
3.210691492052664131e-02 2.960006670305351251e-01
3.240241227107110156e-02 2.970194278272765831e-01
3.263959138029959295e-02 2.980085553272155408e-01
3.293009794770718202e-02 2.990027883551597543e-01
3.320000683761392679e-02 3.000010145010785223e-01
3.346729367713230374e-02 3.010016618120047727e-01
3.374018763004826837e-02 3.020004189093874469e-01
3.399305386037632104e-02 3.030001123754999526e-01
3.427687866592776800e-02 3.040013559986448621e-01
3.457879714251621550e-02 3.050014248227170266e-01
3.492614304987817775e-02 3.060081971641159804e-01
3.526229630495159029e-02 3.070014767417932333e-01
3.551391180673935111e-02 3.080002252011267982e-01
3.580058448399547899e-02 3.090016066926547511e-01
3.612478378835337622e-02 3.100044095863098148e-01
3.640372258603008504e-02 3.110028546583318287e-01
3.669084607150363553e-02 3.120009769295699065e-01
3.702165831380010985e-02 3.130001963363451267e-01
3.730114041286070048e-02 3.140015657709577246e-01
3.760571724509365055e-02 3.150000307649084008e-01
3.791695464284305928e-02 3.160046358018815948e-01
3.822628293301044700e-02 3.170001724891787775e-01
3.854577291439165165e-02 3.180024329447533882e-01
3.888380436634353288e-02 3.190010457705568792e-01
3.921731501590031144e-02 3.200003901258533512e-01
3.953502181831236584e-02 3.210001241310336817e-01
3.984885203954663391e-02 3.220009736314631832e-01
4.017035753945119581e-02 3.230008911774528979e-01
4.047683567341842092e-02 3.240035370002447013e-01
4.083560588223900112e-02 3.250002763297584751e-01
4.116797415048978337e-02 3.260022864655001129e-01
4.146176899178932729e-02 3.270006426368033958e-01
4.179135038088643839e-02 3.280078563727731322e-01
4.214430912683297947e-02 3.290001094920367297e-01
4.251636716875650812e-02 3.300108783632454412e-01
4.282077359650937609e-02 3.310005362225349468e-01
4.315184531459781425e-02 3.320064612161402473e-01
4.345224286365256816e-02 3.330028949362672797e-01
4.389329437477318407e-02 3.340033133115689057e-01
4.424945356813481112e-02 3.350001694308056277e-01
4.466250426798357154e-02 3.360061281504642117e-01
4.500730856531731661e-02 3.370039736109867179e-01
4.534738239152957817e-02 3.380022144352994862e-01
4.572739662466140942e-02 3.390013195605371399e-01
4.614716209459324148e-02 3.400008687983456235e-01
4.656285070707211204e-02 3.410028562581497447e-01
4.700024482777553914e-02 3.420008844575672113e-01
4.738266522521317192e-02 3.430013884887312403e-01
4.773817110397904351e-02 3.440002922680846509e-01
4.810417180288739658e-02 3.450001807605925785e-01
4.845262443947984110e-02 3.460003673325717233e-01
4.887713219821776534e-02 3.470002269176428178e-01
4.930375283671084574e-02 3.480038878984083595e-01
4.974743290233063497e-02 3.490024549202914161e-01
5.022951730020608352e-02 3.500000620572409349e-01
5.059181486772912351e-02 3.510040635356989625e-01
5.105372183245360240e-02 3.520007734087168827e-01
5.149050634666441084e-02 3.530000714119453931e-01
5.187038498523399710e-02 3.540007032844814661e-01
5.235803506340808156e-02 3.550001582526887134e-01
5.281458574697239783e-02 3.560004307028062920e-01
5.331703768143203348e-02 3.570003478202216085e-01
5.381224705479414894e-02 3.580008272856984863e-01
5.419873840235123197e-02 3.590019624823754807e-01
5.470462864707670292e-02 3.600017095205134132e-01
5.515135252749736594e-02 3.610001118632604200e-01
5.561345098416659027e-02 3.620000923698107886e-01
5.610826064745300101e-02 3.630030153988801356e-01
5.654934581952364425e-02 3.640012661295832785e-01
5.708347545458269945e-02 3.650103586620727647e-01
5.752104015585235430e-02 3.660017550314048629e-01
5.795603138101057539e-02 3.670002704577773889e-01
5.847099533964028595e-02 3.680002799437600003e-01
5.889457920170482197e-02 3.690021028510424572e-01
5.937027004968564725e-02 3.700005035011683097e-01
5.989182822676530904e-02 3.710012860694256176e-01
6.036701075068418021e-02 3.720011304123827522e-01
6.075298279754814956e-02 3.730019102229337746e-01
6.126933661498057404e-02 3.740016471790682528e-01
6.176660255035582026e-02 3.750008178104485279e-01
6.231871238279751424e-02 3.760002683770480303e-01
6.279581016493529511e-02 3.770022711810928628e-01
6.329180723281879750e-02 3.780028164501066934e-01
6.390366835161120918e-02 3.790017193216910218e-01
6.445973087760847875e-02 3.800009329492201049e-01
6.500895430109931983e-02 3.810143069563542984e-01
6.550219719608518787e-02 3.820007917468194458e-01
6.608312514337910670e-02 3.830005931467790337e-01
6.660027701358239849e-02 3.840018354583388804e-01
6.718371514407039946e-02 3.850005816322988883e-01
6.777631526077199098e-02 3.860028389594779563e-01
6.831354594662730761e-02 3.870016349898047769e-01
6.890324087671606534e-02 3.880045483296004072e-01
6.948313053786847604e-02 3.890018663314375180e-01
7.010968941271800148e-02 3.900003749912832607e-01
7.068879014528572924e-02 3.910003160640283526e-01
7.128233465572808569e-02 3.920030796723852906e-01
7.184521797076182104e-02 3.930034253465428673e-01
7.229891351485706608e-02 3.940000355450152814e-01
7.288323333701551832e-02 3.950012061386252715e-01
7.349421613003492837e-02 3.960002828670420860e-01
7.409079241675620153e-02 3.970004597985486439e-01
7.462308587474320021e-02 3.980005578914220243e-01
7.529617989151660140e-02 3.990006038689261070e-01
7.587699169104622499e-02 4.000019809606140120e-01
7.646402606351898612e-02 4.010001404514802470e-01
7.700172429023233178e-02 4.020004992595989091e-01
7.764700190794426859e-02 4.030000931180524049e-01
7.831293216011747660e-02 4.040003041485302759e-01
7.892286342188858939e-02 4.050002916085866378e-01
7.955690960740113837e-02 4.060001110748743813e-01
8.023875475076547303e-02 4.070021569908301440e-01
8.080532249158967062e-02 4.080000248233608406e-01
8.144060935270847068e-02 4.090008731177374179e-01
8.217156779103174102e-02 4.100004758410852879e-01
8.282335338953794590e-02 4.110007867092334011e-01
8.347513148097185365e-02 4.120012668461173755e-01
8.412067370339038064e-02 4.130009767062481907e-01
8.481711917131118383e-02 4.140001244900617938e-01
8.556120171901371307e-02 4.150012087702585895e-01
8.621646083012635131e-02 4.160003003313605952e-01
8.686528905181623017e-02 4.170000435034806330e-01
8.751451982094349269e-02 4.180001578199810663e-01
8.814302448609367957e-02 4.190005566854499985e-01
8.880051468397454073e-02 4.200013905359395450e-01
8.946708220306298642e-02 4.210001739979530866e-01
9.016958609517100598e-02 4.220009318669513121e-01
9.081251236634813040e-02 4.230006058500843658e-01
9.156787552782397199e-02 4.240000769871908881e-01
9.237798046106715510e-02 4.250196663778565975e-01
9.302243450997438323e-02 4.260035504615852231e-01
9.371886655395744725e-02 4.270004058884844245e-01
9.451844566142053594e-02 4.280005032487900762e-01
9.528025826445141178e-02 4.290006655210365505e-01
9.605649531698912114e-02 4.300037501068178503e-01
9.681922892928707114e-02 4.310010200856867479e-01
9.753481652609496955e-02 4.320011755954838439e-01
9.835322810895785750e-02 4.330002755048135143e-01
9.909701485356503525e-02 4.340000439503390317e-01
9.981859184070251967e-02 4.350000140928390047e-01
1.006746174807320315e-01 4.360000425803182700e-01
1.014275800019248663e-01 4.370007838963052005e-01
1.022052708486076988e-01 4.380004724783377879e-01
1.030270363926488741e-01 4.390001081448308695e-01
1.039631395789264445e-01 4.400028192408791949e-01
1.047732544621986506e-01 4.410007770941576921e-01
1.055698913373745995e-01 4.420010477683014583e-01
1.064342589630706826e-01 4.430018313459268553e-01
1.071949634741251600e-01 4.440001138672680647e-01
1.079740291459294066e-01 4.450000254484768880e-01
1.088542989604279754e-01 4.460037197588709867e-01
1.097572110774844845e-01 4.470006964518407067e-01
1.106266711757292187e-01 4.480007554262163127e-01
1.114589990301926292e-01 4.490000742645796628e-01
1.122504416721721299e-01 4.500002529145442631e-01
1.130398145643356500e-01 4.510008357962934644e-01
1.139238001778331011e-01 4.520001296826796078e-01
1.147682035433650327e-01 4.530002466952278706e-01
1.156736291909918890e-01 4.540008465769079793e-01
1.165391484325004612e-01 4.550001033732945510e-01
1.173732509370347121e-01 4.560001157844946196e-01
1.182281144441454934e-01 4.570003247920292333e-01
1.190779645512325402e-01 4.580011599385320764e-01
1.198756210097089436e-01 4.590006701486372132e-01
1.208281257484218330e-01 4.600000310526226599e-01
1.216212346397904653e-01 4.610006601386441027e-01
1.225451169801545781e-01 4.620004419055688261e-01
1.235472990620136713e-01 4.630005840776164616e-01
1.245355478844967223e-01 4.640014317779993513e-01
1.254349827927354610e-01 4.650019691034189551e-01
1.261286660417031413e-01 4.660000372003433311e-01
1.270767172994857752e-01 4.670022007603340519e-01
1.280900996681815229e-01 4.680003054584718214e-01
1.290181303663624490e-01 4.690004236253512704e-01
1.299542323555602508e-01 4.700000219350670694e-01
1.309149950522305872e-01 4.710011669072346474e-01
1.319314791173695767e-01 4.720021248801721803e-01
1.328124974856552676e-01 4.730001929942918015e-01
1.338314458683935726e-01 4.740000245762244768e-01
1.347961815558225140e-01 4.750014513493827084e-01
1.356740609009339238e-01 4.760000844734206815e-01
1.366490549021666112e-01 4.770001479873306471e-01
1.376031548627594248e-01 4.780068818525203822e-01
1.385911674664805915e-01 4.790002578066728800e-01
1.396109511768832689e-01 4.800002088864152583e-01
1.405824616248567693e-01 4.810004990563015448e-01
1.415116962540290402e-01 4.820006103285773280e-01
1.425198591620171484e-01 4.830008888752590490e-01
1.434898300771232371e-01 4.840050987098832858e-01
1.445808579757201784e-01 4.850037505658096326e-01
1.456011339730141074e-01 4.860001767799118633e-01
1.465954063817012099e-01 4.870011530470074179e-01
1.476455562038303526e-01 4.880001122292764171e-01
1.485698278545237727e-01 4.890015267952978473e-01
1.494346851461103576e-01 4.900034668667144766e-01
1.504015536397056430e-01 4.910010889151524838e-01
1.514395055722053129e-01 4.920000207303289463e-01
1.524955113342514323e-01 4.930001580605533062e-01
1.536375872633408690e-01 4.940025128329086912e-01
1.546917336735429416e-01 4.950014984500606952e-01
1.557457223022442605e-01 4.960000999611560157e-01
1.567404717274483161e-01 4.970002188722331682e-01
1.578851030404750944e-01 4.980000893459287648e-01
1.588627690881816434e-01 4.990003247930717700e-01
1.599597795579414949e-01 5.000007597288657069e-01
1.609851159499808837e-01 5.010015681837381996e-01
1.619018790788731010e-01 5.020005861301483074e-01
1.629779009491851838e-01 5.030000403042916846e-01
1.640188063879124414e-01 5.040018477539819353e-01
1.650710284561283103e-01 5.050000302131498753e-01
1.661225514233075629e-01 5.060000417082189950e-01
1.672932202080277264e-01 5.070015803560249390e-01
1.684442264248620091e-01 5.080000519536530534e-01
1.694727310370227613e-01 5.090010173177385022e-01
1.704016006056789934e-01 5.100002188725324404e-01
1.715505136904615924e-01 5.110001578257400423e-01
1.727556410378197072e-01 5.120005947763227594e-01
1.737151957262009772e-01 5.130007625036409058e-01
1.747108964468946368e-01 5.140001345501347130e-01
1.756023691558530331e-01 5.150011557540005169e-01
1.766493171554510688e-01 5.160003939447544985e-01
1.776573885381083073e-01 5.170001052535896369e-01
1.787274108149752294e-01 5.180058224454217042e-01
1.796546730451300533e-01 5.190004522488725902e-01
1.807482455422648737e-01 5.200000875351505902e-01
1.817375529057239092e-01 5.210001954823427761e-01
1.826053307221329192e-01 5.220002600327514619e-01
1.835491426176822927e-01 5.230007368390849898e-01
1.844860481304415600e-01 5.240003377557771458e-01
1.855011256385372675e-01 5.250003086203314240e-01
1.865187353384456515e-01 5.260000497699258704e-01
1.876189073821716846e-01 5.270011860925307712e-01
1.884851389303712210e-01 5.280092706346390941e-01
1.895401899487429986e-01 5.290001422870673764e-01
1.907109469786729683e-01 5.300000312693436966e-01
1.918031568790778962e-01 5.310003283622997117e-01
1.928033047543138423e-01 5.320018727097703959e-01
1.939569000715062330e-01 5.330006773820843424e-01
1.949827159825883172e-01 5.340119814819619393e-01
1.958495016492829421e-01 5.350280523826906887e-01
1.968128628927399149e-01 5.360000085140550485e-01
1.977988039140852194e-01 5.370000822387503980e-01
1.987835405763007657e-01 5.380000241324214283e-01
1.999101966597072177e-01 5.390004802396842765e-01
2.005512463496943454e-01 5.400009655108332085e-01
2.016811994426159771e-01 5.410626663915800716e-01
2.026457818185898319e-01 5.420000835774345660e-01
2.034846014463053132e-01 5.430013206877590815e-01
2.046077222372417737e-01 5.440002151164563537e-01
2.058243893713544992e-01 5.450000926491332942e-01
2.068951877061095956e-01 5.460000822661340569e-01
2.079382545817134442e-01 5.470000372079530937e-01
2.088164464417410215e-01 5.480000031594662868e-01
2.099336573545311779e-01 5.490003859527590180e-01
2.109998759423472592e-01 5.500014773479859898e-01
2.121612481100694225e-01 5.510002421962554298e-01
2.132221685975235204e-01 5.520005900202072935e-01
2.141716622610507770e-01 5.530000522458273782e-01
2.151857744063230271e-01 5.540039426694183256e-01
2.161776872424430174e-01 5.550010234632616335e-01
2.171809720893493889e-01 5.560004397198622383e-01
2.182507162903126741e-01 5.570000791086280323e-01
2.191630341436399121e-01 5.580013165595489877e-01
2.203042361977960439e-01 5.590004376257354801e-01
2.216407394507449169e-01 5.600001593290915292e-01
2.227492277150062150e-01 5.610050831555766226e-01
2.238588029518311373e-01 5.620021733012960929e-01
2.250753935254410365e-01 5.630000628583916589e-01
2.262186408953326122e-01 5.640002398787999915e-01
2.273536514037841627e-01 5.650015586507677323e-01
2.286132693182438835e-01 5.660000695456974817e-01
2.298145364114514422e-01 5.670008721655046546e-01
2.309883388716098551e-01 5.680065312381474829e-01
2.322145323479616330e-01 5.690000061099473871e-01
2.334070655173698938e-01 5.700001952953577256e-01
2.346542729667873139e-01 5.710000017868217537e-01
2.357257838425712571e-01 5.720032906581025145e-01
2.370166521311123375e-01 5.730009800491311367e-01
2.378719881032180794e-01 5.740001711032676202e-01
2.391209418220046068e-01 5.750003760821300602e-01
2.400663269099678754e-01 5.760001003948478360e-01
2.413808687398972808e-01 5.770004679414686422e-01
2.425765427848505240e-01 5.780005640987870841e-01
2.435647673193459539e-01 5.790008179809669198e-01
2.445976906975015908e-01 5.800044471595908746e-01
2.457560419029647392e-01 5.810002710608048737e-01
2.470369049999714406e-01 5.820004944508293532e-01
2.484583031846470114e-01 5.830001394424380035e-01
2.497564867539727729e-01 5.840013517473925386e-01
2.509564646548585465e-01 5.850000027139932168e-01
2.522423832835647417e-01 5.860080110374925599e-01
2.534802895068049011e-01 5.870028984404033201e-01
2.547387440809201209e-01 5.880001679863047226e-01
2.560812282305868770e-01 5.890004536568040905e-01
2.572714894571346278e-01 5.900002219351258015e-01
2.587060341799061192e-01 5.910001377772940989e-01
2.601556557448700957e-01 5.920001970300725613e-01
2.614741875976749341e-01 5.930046131531185871e-01
2.628926722710751562e-01 5.940000046882594198e-01
2.643287695265374992e-01 5.950000191279805062e-01
2.655997316901235195e-01 5.960000567842966834e-01
2.669227120910666051e-01 5.970008728229390105e-01
2.682921125224000392e-01 5.980001365447503714e-01
2.697175375654907725e-01 5.990013320885441139e-01
2.709960346532609421e-01 6.000000024901247508e-01
2.723621341317503664e-01 6.010000635931085355e-01
2.736716291680689750e-01 6.020002010926732705e-01
2.751222325750632969e-01 6.030004417230229175e-01
2.765930348227128022e-01 6.040002236703323479e-01
2.781006121050468849e-01 6.050000695015249619e-01
2.796189048239696717e-01 6.060010507913731193e-01
2.808754663719641442e-01 6.070003174841024363e-01
2.823648346255556163e-01 6.080003716598972874e-01
2.837501294680393471e-01 6.090003239513736011e-01
2.852224957916131842e-01 6.100001682601312591e-01
2.866324583758041999e-01 6.110006846941293812e-01
2.880748885143473714e-01 6.120004757292034636e-01
2.895875133334433471e-01 6.130000649418327896e-01
2.910843082463063780e-01 6.140003720748563598e-01
2.925221357752159079e-01 6.150002017600000315e-01
2.940579731199148839e-01 6.160005613565062710e-01
2.954890420411988572e-01 6.170001171597934153e-01
2.971390802102957807e-01 6.180004721121700184e-01
2.986358833930475853e-01 6.190032839247916474e-01
3.001905865274538954e-01 6.200002599789483648e-01
3.016905431939698179e-01 6.210014603125577626e-01
3.032391943182073391e-01 6.220002104466365589e-01
3.047579335096859410e-01 6.230132058346125046e-01
3.062993718454922742e-01 6.240013042446724834e-01
3.078583140892021675e-01 6.250008297643993016e-01
3.093906409985969219e-01 6.260000896232040812e-01
3.108723738082312948e-01 6.270001420279743831e-01
3.124969114709728046e-01 6.280000131584886347e-01
3.140312349588021412e-01 6.290001696552700583e-01
3.154452704204251390e-01 6.300000366846589817e-01
3.170369383229401095e-01 6.310003184882149174e-01
3.185507903670873886e-01 6.320017277157807811e-01
3.201172660167150852e-01 6.330001577232208243e-01
3.216294919542974640e-01 6.340013969541740124e-01
3.230328923547838293e-01 6.350002332869014721e-01
3.247847809014237086e-01 6.360007217434762161e-01
3.263267828201854570e-01 6.370003625678924974e-01
3.278940479381557971e-01 6.380000780716279518e-01
3.294349251120856081e-01 6.390003746300947363e-01
3.310863538086192825e-01 6.400001593314293968e-01
3.327031937950080120e-01 6.410004561734699013e-01
3.343056747240558124e-01 6.420018074488401671e-01
3.357577289300284207e-01 6.430044155027209163e-01
3.372622576956398888e-01 6.440000304179395174e-01
3.388812065128758988e-01 6.450005675719328035e-01
3.405411203510642082e-01 6.460000028927918025e-01
3.423816651991495874e-01 6.470000144121578201e-01
3.441066018396157777e-01 6.480010729731824348e-01
3.459876449668923826e-01 6.490001315223815626e-01
3.475949341879287502e-01 6.500003691324631738e-01
3.492104638193023192e-01 6.510000223793220853e-01
3.509665097603544837e-01 6.520015550107995939e-01
3.525297460349126055e-01 6.530001080141677461e-01
3.542586723947127592e-01 6.540002672198805822e-01
3.559618430335027561e-01 6.550000978298582410e-01
3.576766069820851435e-01 6.560002767895296572e-01
3.593288087292370037e-01 6.570000285551594876e-01
3.609852952039611651e-01 6.580005062816134398e-01
3.628794342143144558e-01 6.590008799753470647e-01
3.646036042056799431e-01 6.600006718348949697e-01
3.661919106868292140e-01 6.610000622203353604e-01
3.678587874897663035e-01 6.620000592093560066e-01
3.694321512046778722e-01 6.630006877161963574e-01
3.710938225750162189e-01 6.640000452823158206e-01
3.729842840221437861e-01 6.650019068947526923e-01
3.743590155474563197e-01 6.660000915390054121e-01
3.761582771425682203e-01 6.670000201585553068e-01
3.778472653037185935e-01 6.680000762049744800e-01
3.796221465792033456e-01 6.690001813114812013e-01
3.814501073856426672e-01 6.700001726940670865e-01
3.833081090646368594e-01 6.710002419561714726e-01
3.851276176590019418e-01 6.720004086522568532e-01
3.870008064904446599e-01 6.730007157743558288e-01
3.888173450963307021e-01 6.740000762644399179e-01
3.907327631273869173e-01 6.750000640191674561e-01
3.925753164928877936e-01 6.760000846465997748e-01
3.944157642059833435e-01 6.770002604456761830e-01
3.962852139074666269e-01 6.780000648795664331e-01
3.981955741221625544e-01 6.790002636374438127e-01
4.001298366574153054e-01 6.800010279587630491e-01
4.021131488405549348e-01 6.810000077080858860e-01
4.041459807096812185e-01 6.820000435775540604e-01
4.061337549750816400e-01 6.830000100895362580e-01
4.080693343940677842e-01 6.840000612751963027e-01
4.100829020861302965e-01 6.850001226091024797e-01
4.120336143927452177e-01 6.860000201249893959e-01
4.138815133838749105e-01 6.870000384835844853e-01
4.158286374290165455e-01 6.880002559445168586e-01
4.177554056011336669e-01 6.890010376611358511e-01
4.197039896779122259e-01 6.900000245694742906e-01
4.217496459073135640e-01 6.910003425148882883e-01
4.237752303253989883e-01 6.920004293136267082e-01
4.257136190820838273e-01 6.930011980604195987e-01
4.276460913791826357e-01 6.940001928568587664e-01
4.294848699443942763e-01 6.950004005980575661e-01
4.314883668172795339e-01 6.960009317817285046e-01
4.334782073540432989e-01 6.970022976713282636e-01
4.352888392518332594e-01 6.980025891201934174e-01
4.372166579309615386e-01 6.990000015451610649e-01
4.392769765155444261e-01 7.000004846691062488e-01
4.412725158108856682e-01 7.010027685814884668e-01
4.430069299696703933e-01 7.020013351018868919e-01
4.450589009838417098e-01 7.030002414743934391e-01
4.469796898540256969e-01 7.040003822049419879e-01
4.490513086865108860e-01 7.050008742285757135e-01
4.512333987558958537e-01 7.060000728863439212e-01
4.532546224557201242e-01 7.070000427297395973e-01
4.553758482856760104e-01 7.080002996386095537e-01
4.573333811644931801e-01 7.090025293163136899e-01
4.594906389601369767e-01 7.100004618460770134e-01
4.615630978695177689e-01 7.110000621603032034e-01
4.636098145129436965e-01 7.120008678927556289e-01
4.656401107907219838e-01 7.130001973625790246e-01
4.676674936960308893e-01 7.140012018928448834e-01
4.695734323711118208e-01 7.150011314413683428e-01
4.716815489635397540e-01 7.160000912559131292e-01
4.736761321272026648e-01 7.170007369106233819e-01
4.758774764484483555e-01 7.180000337741431204e-01
4.780121393816254560e-01 7.190004672481348225e-01
4.801876217631964039e-01 7.200004491516572847e-01
4.824306244997398352e-01 7.210011001406299025e-01
4.845986126545236417e-01 7.220002883810030525e-01
4.867781946466736009e-01 7.230000996598402452e-01
4.890746571241484375e-01 7.240000161140150992e-01
4.910992359609034352e-01 7.250003283943258214e-01
4.931742128115415014e-01 7.260004215648745429e-01
4.954509183424269381e-01 7.270000875069764223e-01
4.975114094135291154e-01 7.280000171520818464e-01
4.994946443245504852e-01 7.290002472122569799e-01
5.017448319746176111e-01 7.300000725904748355e-01
5.038871404115106145e-01 7.310000850508747705e-01
5.060182233737313684e-01 7.320002726594538878e-01
5.081450953809767412e-01 7.330002695819404224e-01
5.102591648297556404e-01 7.340006897399333763e-01
5.123339362604788505e-01 7.350002872132500586e-01
5.143210113767382463e-01 7.360007626944766734e-01
5.163782198600559425e-01 7.370000128050528954e-01
5.184360097138496215e-01 7.380001236434675649e-01
5.204283355855219284e-01 7.390000559896594545e-01
5.224513062748330494e-01 7.400000706266671724e-01
5.245565566457983664e-01 7.410003312491767469e-01
5.264210525651424888e-01 7.420000566577158452e-01
5.284213552284420246e-01 7.430005332347913161e-01
5.305111520484964149e-01 7.440004409131009133e-01
5.324207021002784757e-01 7.450001752055033233e-01
5.344839550047515431e-01 7.460000216229045744e-01
5.365515244492999880e-01 7.470001789634632683e-01
5.387408520069203455e-01 7.480002269715875229e-01
5.409034877288885212e-01 7.490004581864277977e-01
5.427435116191934306e-01 7.500001664320949946e-01
5.448268168631047459e-01 7.510005183378164473e-01
5.468908393766795939e-01 7.520000415623449008e-01
5.490822469457645738e-01 7.530002593941720335e-01
5.509640899641903289e-01 7.540007723741254386e-01
5.530608516370216776e-01 7.550000327754783358e-01
5.550220600622809419e-01 7.560002970178170134e-01
5.569921136983522203e-01 7.570007376669412036e-01
5.590503047230752642e-01 7.580001054794760496e-01
5.611348150517447841e-01 7.590003214119737107e-01
5.633789283976495810e-01 7.600004158604105609e-01
5.653511447502141962e-01 7.610002711845038625e-01
5.675532832546750228e-01 7.620015455083649636e-01
5.697076343648443952e-01 7.630000131136773778e-01
5.718979808737612025e-01 7.640000321262169214e-01
5.740579763119361134e-01 7.650002500699999430e-01
5.762791066977743792e-01 7.660003102390631202e-01
5.784015410036023042e-01 7.670003332753978498e-01
5.802740408148685525e-01 7.680000466760389388e-01
5.824893838316955730e-01 7.690011655211917985e-01
5.844396587781406360e-01 7.700002909153236264e-01
5.864767661676264510e-01 7.710051372964312755e-01
5.886560481514839793e-01 7.720001303792103364e-01
5.908344110079246647e-01 7.730006227898412741e-01
5.929119863238252464e-01 7.740006707241116057e-01
5.949760664617991246e-01 7.750001932931231963e-01
5.971352274192534004e-01 7.760000044403364550e-01
5.991380147529943301e-01 7.770000307152837848e-01
6.013156604244604964e-01 7.780001313334444779e-01
6.032395190378139205e-01 7.790002225931912383e-01
6.052651868741880659e-01 7.800043560811001919e-01
6.076592041817345802e-01 7.810001081365306463e-01
6.099706855416127116e-01 7.820001584944774597e-01
6.118822608191081258e-01 7.830011151445211981e-01
6.141164318257441579e-01 7.840000394751702739e-01
6.165079728895745959e-01 7.850003647394824258e-01
6.187904275869904325e-01 7.860018948202928124e-01
6.208620400603510614e-01 7.870000165347352805e-01
6.232482086572166402e-01 7.880001138615383427e-01
6.254412603687065086e-01 7.890000462973044693e-01
6.276576174763324190e-01 7.900000769956257995e-01
6.300780915714807584e-01 7.910000404255047579e-01
6.319830668172232713e-01 7.920000141085906664e-01
6.334958096307663489e-01 7.930000618130189638e-01
6.353341003058146086e-01 7.940001144493463725e-01
6.379581266760396829e-01 7.950003498981165206e-01
6.405271652777178026e-01 7.960000049460972393e-01
6.431255608306525318e-01 7.970389392955008478e-01
6.452478582341099056e-01 7.980008903245444651e-01
6.477814067804184006e-01 7.990001569556779426e-01
6.503620719751412871e-01 8.000000366879348457e-01
6.530295949574833614e-01 8.010000190526290753e-01
6.557039376465364500e-01 8.020006394016629958e-01
6.582522780737135593e-01 8.030000369697564144e-01
6.606550483780192495e-01 8.040022257415454510e-01
6.630731492688584083e-01 8.050000008326220202e-01
6.661108776831645706e-01 8.060004433603401575e-01
6.692172351176846057e-01 8.070044787303826128e-01
6.720142171994911706e-01 8.080000888694925942e-01
6.751958554325474537e-01 8.090001354834407410e-01
6.783678365117149500e-01 8.100007715897882266e-01
6.814861504621201327e-01 8.110000067166938109e-01
6.844853970211479677e-01 8.120000234789300775e-01
6.874672462444242349e-01 8.130014844212457570e-01
6.907128939703461867e-01 8.140000975713647113e-01
6.936252632419246389e-01 8.150000640302544896e-01
6.967307871186489976e-01 8.160000099966132625e-01
6.995869590431134100e-01 8.170044069646792417e-01
7.027743710723850512e-01 8.180001102605335417e-01
7.060016386317000681e-01 8.190000955280378747e-01
7.091237446330469485e-01 8.200000013973216539e-01
7.126083417769626394e-01 8.210003638212829413e-01
7.159831819596065294e-01 8.220000499599575683e-01
7.192770153205831907e-01 8.230000081129493772e-01
7.228706302127685390e-01 8.240004806585591313e-01
7.263093368791277982e-01 8.250001999431407773e-01
7.299216904626106839e-01 8.260013313507016397e-01
7.333181460519240247e-01 8.270000048642441870e-01
7.369779633209967429e-01 8.280000077646696433e-01
7.402883093913752433e-01 8.290000036454988619e-01
7.437554587983488119e-01 8.300001195897592776e-01
7.472200498259802259e-01 8.310000193279823977e-01
7.508179268968069309e-01 8.320000103663993674e-01
7.544826280693106568e-01 8.330004288789955025e-01
7.581231410146092031e-01 8.340003137905983577e-01
7.618055653001598593e-01 8.350000362884180127e-01
7.654930132486699179e-01 8.360000982444865114e-01
7.691572030220209522e-01 8.370000986588046477e-01
7.727413847971948968e-01 8.380000242365600593e-01
7.763768973374896021e-01 8.390001879270058138e-01
7.801989381297804727e-01 8.400000006875174563e-01
7.841501708967060225e-01 8.410002850286354414e-01
7.878896215379966872e-01 8.420011441755974602e-01
7.916264542201334464e-01 8.430000086207423138e-01
7.955464444017632530e-01 8.440060730452149107e-01
7.993278288904330786e-01 8.450000370822962070e-01
8.033304314521010348e-01 8.460000146867016069e-01
8.072476748239258981e-01 8.470000468906623281e-01
8.113384564981105385e-01 8.480007791926167382e-01
8.150701653831600169e-01 8.490086408682369079e-01
8.187154451594382820e-01 8.500000035400865350e-01
8.226578750263904283e-01 8.510032893383427943e-01
8.268078451141427365e-01 8.520001404870977124e-01
8.306312257622030515e-01 8.530000775158508297e-01
8.345463661452781068e-01 8.540001047349877750e-01
8.389736715023268232e-01 8.550000107795253657e-01
8.432034681741713555e-01 8.560000447073813357e-01
8.474623044062914445e-01 8.570000180939917334e-01
8.521752799107300547e-01 8.580001603581762781e-01
8.560543323022109519e-01 8.590490904404929351e-01
8.603569681334874986e-01 8.600000241729107708e-01
8.649893570027975542e-01 8.610000729791068563e-01
8.696217286920643330e-01 8.620002151200850671e-01
8.745637412939624156e-01 8.630001410380565563e-01
8.792161954623751718e-01 8.640001961904441030e-01
8.837722932013507560e-01 8.650000757748578240e-01
8.886123603801028281e-01 8.660000327418738708e-01
8.934160014589842547e-01 8.670003601437245022e-01
8.984206921861712658e-01 8.680000308755028149e-01
9.033049395740153642e-01 8.690000058429315777e-01
9.083878955791506726e-01 8.700000858812338977e-01
9.136028222218386396e-01 8.710005406147550699e-01
9.186602995048791520e-01 8.720002042474740422e-01
9.239167959975560507e-01 8.730000243813610394e-01
9.293826773608966363e-01 8.740000505170019141e-01
9.351046447245030535e-01 8.750000084067851569e-01
9.406565406248832417e-01 8.760001632606383426e-01
9.456058778064067027e-01 8.770000769585227784e-01
9.508931766263808427e-01 8.780004517966452093e-01
9.566817774289297915e-01 8.790000670380345715e-01
9.625036928219641297e-01 8.800000539955673551e-01
9.681795766709666573e-01 8.810000398515568376e-01
9.739696058075582030e-01 8.820001082071794452e-01
9.791734254791011338e-01 8.830003116018976250e-01
9.845656573040955095e-01 8.840000510215791918e-01
9.901086975539410417e-01 8.850002848356280927e-01
9.954729969016558044e-01 8.860003151407874755e-01
1.000877501828002725e+00 8.870000165805832504e-01
1.005353430703366691e+00 8.880000163786024858e-01
1.010035284722579974e+00 8.890003081578994326e-01
1.015068334135726058e+00 8.900000929758363766e-01
1.019998486737732968e+00 8.910003610750499847e-01
1.024962958952156722e+00 8.920004044420695166e-01
1.029577547026021556e+00 8.930147218631712125e-01
1.034667725326674059e+00 8.940000394112886939e-01
1.039673363273434958e+00 8.950067986133575237e-01
1.044068639183369340e+00 8.960000243860802849e-01
1.048787186717522246e+00 8.970001281882751254e-01
1.053835752320799735e+00 8.980002775276401117e-01
1.058280540225428723e+00 8.990015184386803693e-01
1.063794947640102073e+00 9.000002045247733617e-01
1.069681768097046515e+00 9.010000106380451346e-01
1.075590698552124191e+00 9.020000443467999229e-01
1.081252222541502661e+00 9.030002744491376632e-01
1.087450164277917075e+00 9.040003809788763611e-01
1.092974334037630335e+00 9.050007034455376242e-01
1.098176564807799238e+00 9.060000268869649043e-01
1.104353540572811987e+00 9.070000035780102499e-01
1.111085934733812675e+00 9.080000002531765091e-01
1.116977551413008030e+00 9.090001549149613336e-01
1.123241826498741602e+00 9.100000200356896940e-01
1.129378198427037461e+00 9.110000364546804175e-01
1.135786028764256272e+00 9.120023690176006781e-01
1.142126239564986490e+00 9.130002793797376004e-01
1.148713571850952242e+00 9.140000401070310643e-01
1.155299328107577850e+00 9.150077100574818267e-01
1.161953004331619521e+00 9.160001601977372232e-01
1.168778918381213838e+00 9.170013702046251325e-01
1.175334570556493929e+00 9.180017591928837373e-01
1.181964342362760156e+00 9.190000745588442488e-01
1.188499470508600275e+00 9.200000112904218597e-01
1.195119531647972799e+00 9.210000250199867899e-01
1.201400495922170464e+00 9.220001027094545387e-01
1.207966729951952090e+00 9.230005491153528974e-01
1.214948020637861781e+00 9.240000642461283498e-01
1.221945724564219127e+00 9.250001511900287632e-01
1.229152956730047208e+00 9.260000261164519353e-01
1.235801499050853902e+00 9.270000218344651710e-01
1.242892809943050736e+00 9.280001804142623545e-01
1.249847936955505112e+00 9.290000929096422499e-01
1.257367172126922394e+00 9.300001173469781834e-01
1.264590257901796022e+00 9.310118384732792851e-01
1.271815060796314345e+00 9.320000396719108071e-01
1.278934578212644446e+00 9.330000022975388774e-01
1.286337343738097161e+00 9.340001075451263013e-01
1.293655768991173183e+00 9.350000622160952179e-01
1.301162665006903918e+00 9.360000414482758657e-01
1.308489154651033992e+00 9.370000217872128667e-01
1.316024193881570437e+00 9.380003807885728406e-01
1.323322556935964123e+00 9.390004201221562319e-01
1.330973244390633248e+00 9.400003885507919321e-01
1.339055861031342332e+00 9.410002638185964718e-01
1.347593766247052294e+00 9.420000418094119921e-01
1.355396200499306758e+00 9.430003095613030961e-01
1.362614030922030484e+00 9.440000262218444238e-01
1.369861523816403803e+00 9.450000220315937227e-01
1.376909165406299485e+00 9.460001100567902999e-01
1.384963867439848784e+00 9.470000668766367369e-01
1.392469919978828408e+00 9.480000743772756255e-01
1.400562556350101850e+00 9.490001029337116201e-01
1.408973862565136237e+00 9.500001536718079009e-01
1.417459164607145494e+00 9.510038190237050104e-01
1.426040068247878434e+00 9.520001234397685863e-01
1.435447731611279920e+00 9.530003912236971741e-01
1.445015868809685688e+00 9.540000660810123989e-01
1.455566522117864636e+00 9.550000149684527706e-01
1.465425268804324777e+00 9.560001628823651121e-01
1.475889237599367299e+00 9.570000105541903723e-01
1.486862543506812795e+00 9.580000124426023556e-01
1.497779421792539978e+00 9.590001206470665229e-01
1.509282849417818539e+00 9.600000113763855758e-01
1.522100718983017131e+00 9.610000060071970385e-01
1.535069608011373710e+00 9.620000156548182968e-01
1.548450079255519363e+00 9.630000001605486526e-01
1.562171591134919435e+00 9.640000086610884811e-01
1.576621106833540287e+00 9.650000286212276901e-01
1.591245146781333553e+00 9.660000242857529340e-01
1.606685858584961935e+00 9.670000617322793701e-01
1.623048865893779391e+00 9.680000038901416248e-01
1.639609529402304977e+00 9.690000116041123102e-01
1.656630494455016311e+00 9.700001094911963051e-01
1.674378885322864274e+00 9.710000152327784573e-01
1.692929653541050072e+00 9.720000141170439534e-01
1.712766574733773695e+00 9.730000015544860714e-01
1.733521608954863069e+00 9.740000254842307026e-01
1.756522930377566905e+00 9.750000909180507325e-01
1.780019183330637134e+00 9.760009786330910986e-01
1.804822247775810240e+00 9.770001286989329348e-01
1.829994493078365814e+00 9.780000041344675266e-01
1.856307023547411283e+00 9.790000076114581118e-01
1.882014275731559216e+00 9.800000015054624036e-01
1.910793780907258599e+00 9.810000425967337900e-01
1.940373325587379405e+00 9.820000291380539537e-01
1.969551697577725413e+00 9.830003542352179213e-01
1.997777015013642021e+00 9.840000019828857303e-01
2.027357359209258192e+00 9.850000348412493167e-01
2.059071695855610784e+00 9.860000090903950909e-01
2.093130333544831245e+00 9.870000097678210960e-01
2.130487286839812366e+00 9.880000472638246212e-01
2.171197303245139487e+00 9.890000077466362116e-01
2.214048078578615186e+00 9.900000048582360268e-01
2.260936640648685270e+00 9.910000193646495426e-01
2.310779657657571207e+00 9.920001094001860142e-01
2.364631973043250124e+00 9.930000093358626323e-01
2.427615231395952033e+00 9.940000036541007944e-01
2.501696927457051078e+00 9.950000008695252252e-01
2.582317291944202786e+00 9.960000093359171469e-01
2.710841084473030627e+00 9.970000056847332370e-01
2.910467778048423160e+00 9.980000038918042105e-01
3.286349880061101736e+00 9.990000017671407662e-01
1.508680597928842104e+01 9.999999999994466648e-01
