# Random field Heisenberg chain
# L=14, J=1, Delta=1, W=3.0, h_i in [-W,W]
# Correlations between the projections of spin imbalance on Anderson LIOMs and the relaxation rates Gamma_alpha=1/tau_alpha
# Gamma_alpha 


   0.024941537537383 0.17746050
   0.085943763761320 0.62081222
   0.105078016160293 0.03205160
   0.063762623003672 0.12316584
   0.466962377825554 0.02459464
   0.444802045377939 0.00301462
   0.459911738767187 0.01912624
   0.411374174735704 0.00291382
   0.341944086126701 0.01764308
   0.296111377063488 0.15796438
   0.099693210613219 0.00031724
   0.139745988803335 0.09060058
   0.015356478670253 0.66957254
   0.000000000000000 0.64307768
   0.000000000000000 0.02525824
   0.000000000000000 0.85209026
   0.200791317852646 0.11988396
   0.080917452301863 0.54975452
   0.000000000000000 0.67040456
   0.000000000000000 0.49452144
   0.001011153679992 0.04547564
   0.000000000000000 0.70886718
   0.058298083157637 0.25035612
   0.029062062686011 0.45173576
   0.002600504171079 0.09658712
   0.000000000000000 0.24732820
   0.000000000000000 0.31271940
   0.000000000000000 0.27286826
   0.000000000000000 0.70237342
   0.000000000000000 0.85328180
   0.000000000000000 0.64808352
   0.000000000000000 0.61022206
   0.057620338992794 0.10273662
   0.254037463037624 0.00032256
   0.260898013732479 0.08996890
   0.001372583575461 0.01395758
   0.383183082158056 0.03884202
   0.337169464225344 0.30812292
   0.000000000000000 0.84805924
   0.317298301261439 0.11285904
   0.002262082744199 0.03573682
   0.019782174235623 0.08504230
   0.000000000000000 0.76440224
   0.000000000000000 0.67180848
   0.000000000000000 0.00644546
   0.009193754481461 0.05045194
   0.019204127985182 0.06460384
   0.000000000000000 0.00023310
   0.030697864446721 0.19197640
   0.018207503570380 0.48451368
   0.000000000000000 0.31372110
   0.000037774039459 0.00238420
   0.007861695434257 0.37173962
   0.000000000000000 0.50204532
   0.000000000000000 0.60528272
   0.000000000000000 0.83535354
   0.000000000000000 0.84234976
   0.000000000000000 0.74968922
   0.000000000000000 0.64447600
   0.000000000000000 0.79243976
   0.090914452811670 0.34343134
   0.108839588737467 0.56481544
   0.056355643572177 0.67201624
   0.052313882125943 0.37529170
   0.042012572837617 0.52503444
   0.014720299447912 0.30270142
   0.000000000000000 0.70124040
   0.000000000000000 0.77598066
   0.000000000000000 0.59807398
   0.000000000000000 0.74506670
   0.000000000000000 0.87591784
   0.000000000000000 0.85166886
   0.000000000000000 0.54963692
   0.000000000000000 0.16477636
   0.000000000000000 0.72909046
   0.000000000000000 0.82585328
   0.000000000000000 0.19223708
   0.000000000000000 0.49673526
   0.000000000000000 0.85644426
   0.006423479072436 0.84592536
   0.000000000000000 0.54857642
   0.158138910084899 0.45797010
   0.000000000000000 0.77154868
   0.000000000000000 0.83870374
   0.158674321130309 0.04957806
   0.205227182943024 0.00536004
   0.001548497696544 0.82962446
   0.052721188213141 0.30965760
   0.076265128367230 0.09780876
   0.003905821516885 0.73314374
   0.083877033247354 0.42561596
   0.021483358525789 0.22812314
   0.112012863159115 0.64892632
   0.045326008773043 0.27680730
   0.009931700848711 0.63565824
   0.001494355277345 0.82585286
   0.088281602517225 0.78073226
   0.076878835152659 0.60554746
   0.000000000000000 0.07754124
   0.000000000000000 0.89778486
   0.221895899911773 0.50057182
   0.000000000000000 0.87910942
   0.328454133629118 0.00077910
   0.278609499508743 0.22746220
   0.000000000000000 0.70564354
   0.136807037982573 0.34361390
   0.000000000000000 0.53363478
   0.007587609966718 0.18166862
   0.000000000000000 0.70267834
   0.000000000000000 0.84033460
   0.000000000000000 0.76216406
   0.000000000000000 0.92548414
   0.000000000000000 0.12648594
   0.000000000000000 0.61865230
   0.000000000000000 0.12565154
   0.021689251987568 0.07826406
   0.048056573504357 0.12935174
   0.000000000000000 0.70435316
   0.056587935324873 0.69682480
   0.007772870985747 0.04015382
   0.035110577152189 0.31250296
   0.002537383901293 0.27566336
   0.000000000000000 0.01366190
   0.000000000000000 0.85616132
   0.000000000000000 0.75768742
   0.000000000000000 0.00920010
   0.004193265933743 0.62298334
   0.201819700119834 0.00123312
   0.204675058096867 0.00235116
   0.005779382988585 0.47738404
   0.000332779764685 0.80879834
   0.002419944973453 0.74286576
   0.009990061781947 0.03795372
   0.079116363582520 0.47487468
   0.062893906622107 0.63978306
   0.036484775492495 0.45459148
   0.003123579461284 0.17035452
   0.000000000000000 0.82680892
   0.000000000000000 0.66706192
   0.000000000000000 0.85144318
   0.000000000000000 0.81105318
   0.003922941754203 0.58808274
   0.021531040849717 0.22141798
   0.088121580950878 0.23803500
   0.219154278031514 0.49875070
   0.014392965400665 0.56006832
   0.010252305807332 0.47683692
   0.132012710596596 0.56456708
   0.104174110074954 0.11332314
   0.000000000000000 0.37833600
   0.011979200987405 0.46071858
   0.000000000000000 0.71381436
   0.000000000000000 0.93098838
   0.000000000000000 0.61407710
   0.023598535254705 0.30300088
   0.000000000000000 0.19465586
   0.000000000000000 0.30902214
   0.000000000000000 0.00011788
   0.000000000000000 0.28794668
   0.000000000000000 0.38379936
   0.000000000000000 0.01342852
   0.000000000000000 0.76098512
   0.000000000000000 0.75373102
   0.000000000000000 0.53831134
   0.000000000000000 0.65861964
   0.000000000000000 0.89619544
   0.000000000000000 0.87835300
   0.000000000000000 0.65704744
   0.000000000000000 0.85294608
   0.000000000000000 0.70470302
   0.000000000000000 0.40771444
   0.000000000000000 0.13694366
   0.000000000000000 0.65462684
   0.000000000000000 0.00001666
   0.000000000000000 0.39900070
   0.000000000000000 0.52995740
   0.048137906923422 0.28828282
   0.322800082828914 0.08468586
   0.295276672671496 0.12973772
   0.000000000000000 0.68702158
   0.000000000000000 0.69787256
   0.000000000000000 0.55775958
   0.001505238815866 0.42302330
   0.058104286027923 0.00808248
   0.082645719582771 0.27060138
   0.000062833097022 0.73203536
   0.047907295194948 0.00596582
   0.012975821490105 0.25941006
   0.009843673283622 0.46626552
   0.006504170737429 0.70894334
   0.045014928712852 0.32554466
   0.002041828903083 0.02388890
   0.004760505056370 0.24125668
   0.000000000000000 0.20819442
   0.009794713927425 0.88728108
   0.011960442149069 0.71516396
   0.000000000000000 0.89799920
   0.000000000000000 0.57096186
   0.000000000000000 0.90718670
   0.001041608472961 0.21226240
   0.015057858176427 0.07507024
   0.001086419925283 0.10643682
   0.213389057478921 0.43860390
   0.265437072191183 0.00697172
   0.000000000000000 0.79655800
   0.167941532675691 0.02307704
   0.002783347107959 0.34666548
   0.144492179444177 0.07592326
   0.000000000000000 0.83735442
   0.000000000000000 0.07352898
   0.000000000000000 0.01473500
   0.027554872631029 0.84121492
   0.000000000000000 0.49636986
   0.000000000000000 0.01122492
   0.000000000000000 0.79175614
   0.000000000000000 0.50094492
   0.000000000000000 0.47585790
   0.003695178261352 0.79073204
   0.000000000000000 0.43817662
   0.000000000000000 0.77963970
   0.000000000000000 0.62743002
   0.007166769196200 0.74315528
   0.000000000000000 0.53288312
   0.000000000000000 0.26885572
   0.000000000000000 0.24329564
   0.053997750925151 0.01963640
   0.000000000000000 0.66643304
   0.000000000000000 0.28783944
   0.000000000000000 0.55822088
   0.000000000000000 0.52855180
   0.000000000000000 0.66786272
   0.000000000000000 0.14020216
   0.000000000000000 0.52527006
   0.000000000000000 0.39215358
   0.000000000000000 0.23072168
   0.000000000000000 0.40548550
   0.000000000000000 0.75381586
   0.000000000000000 0.62179530
   0.002387570194670 0.00004438
   0.143620775131585 0.64769768
   0.000240532052703 0.34938736
   0.200787745068581 0.00833350
   0.119033247374789 0.02276204
   0.000457349589837 0.22993908
   0.328422018450701 0.27937854
   0.062074398825115 0.12333678
   0.213235670709021 0.01430128
   0.079213707089306 0.19598544
   0.001460551305411 0.58466898
   0.000000000000000 0.70480074
   0.000000000000000 0.62682284
   0.000000000000000 0.73980480
   0.000000000000000 0.20573994
   0.000000000000000 0.80482430
   0.000000000000000 0.71200878
   0.000000000000000 0.16638006
   0.000803409623893 0.08909166
   0.000000000000000 0.09456538
   0.003006126456490 0.44802310
   0.061242778070163 0.24191342
   0.000000000000000 0.18675552
   0.027011419033157 0.12704552
   0.000000000000000 0.07631666
   0.000000000000000 0.21500472
   0.000000000000000 0.30791222
   0.000000000000000 0.36484630
   0.000000000000000 0.59764110
   0.000000000000000 0.49621754
   0.000000000000000 0.38344292
   0.000000000000000 0.68306266
   0.000000000000000 0.44819012
   0.000000000000000 0.49708652
   0.000000000000000 0.53730110
   0.000000000000000 0.51902690
   0.000000000000000 0.13962256
   0.000000000000000 0.22558158
   0.000000000000000 0.69648544
   0.000000000000000 0.31639286
   0.000000000000000 0.19191242
   0.000000000000000 0.52333330
   0.000000000000000 0.51892848
   0.000000000000000 0.62606110
   0.000000000000000 0.59713262
   0.010500580189369 0.01627710
   0.000000000000000 0.42252686
   0.023475460858266 0.79061584
   0.000000000000000 0.68613524
   0.001697471609233 0.05862528
   0.010576322822360 0.17403302
   0.000000000000000 0.57326402
   0.007301621470198 0.77666904
   0.000000000000000 0.19798660
   0.000000000000000 0.16928758
   0.000000000000000 0.20943258
   0.000000000000000 0.29643460
   0.000000000000000 0.63717374
   0.020824118857401 0.00060116
   0.070367638682269 0.00002800
   0.144957300682528 0.51823254
   0.212818200816289 0.26723774
   0.018954617161099 0.67902044
   0.012981965841901 0.84291060
   0.061079334941889 0.36073296
   0.007889413761500 0.20400632
   0.000000000000000 0.51253244
   0.003313206470024 0.13227970
   0.002348103156689 0.70580160
   0.012901840862113 0.32908288
   0.000000000000000 0.24224004
   0.000000000000000 0.79502458
   0.000000000000000 0.86588558
   0.000000000000000 0.26963916
   0.000000000000000 0.87073672
   0.000000000000000 0.10734374
   0.000000000000000 0.74377422
   0.039198135079794 0.74864020
   0.000000000000000 0.61939276
   0.014545903921836 0.02439206
   0.019550370849616 0.80041290
   0.069346404587613 0.57728930
   0.014943094512616 0.74397176
   0.002779975895393 0.68119114
   0.000000000000000 0.92696422
   0.000000000000000 0.84742434
   0.082493499161122 0.02916536
   0.092863851047811 0.21913766
   0.189724822444105 0.41023794
   0.217648517270930 0.04120956
   0.000000000000000 0.64068774
   0.000000000000000 0.04398492
   0.000000000000000 0.22037204
   0.011677240694355 0.86723196
   0.012277001461505 0.17147018
   0.000000000000000 0.84821968
   0.000000000000000 0.78848084
   0.000000000000000 0.89016214
   0.000000000000000 0.01369928
   0.000000000000000 0.01618820
   0.000000000000000 0.82132722
   0.000000000000000 0.01328124
   0.000000000000000 0.89073614
   0.000000000000000 0.61822964
   0.000000000000000 0.00958230
   0.000000000000000 0.37098810
   0.000000000000000 0.27809852
   0.000000000000000 0.79076676
   0.000000000000000 0.32521692
   0.000000000000000 0.34848226
   0.000000000000000 0.94567088
   0.000000000000000 0.88333392
   0.139118178045782 0.14351764
   0.112215354351449 0.10244276
   0.000000000000000 0.40016746
   0.000000000000000 0.85208480
   0.000000000000000 0.49553574
   0.000000000000000 0.65164820
   0.003684187627215 0.21771512
   0.063126396622972 0.43948030
   0.073787894179354 0.00040012
   0.000000000000000 0.72533020
   0.000000000000000 0.18343010
   0.063461867473890 0.49423416
   0.000000000000000 0.04179658
   0.000000000000000 0.86346456
   0.031776148308556 0.51381176
   0.000000000000000 0.23118970
   0.028154473436854 0.72560880
   0.000000000000000 0.00004326
   0.000000000000000 0.00055062
   0.010872025526324 0.50144668
   0.000000000000000 0.17195108
   0.217918939163279 0.59393166
   0.047677728794050 0.02926196
   0.077010321769049 0.55299888
   0.000000000000000 0.69012622
   0.000000000000000 0.66333708
   0.000000000000000 0.76645758
   0.000000000000000 0.68949622
   0.000000000000000 0.51403394
   0.000000000000000 0.93580970
   0.000509639720169 0.19867638
   0.000000000000000 0.63247730
   0.016770016225877 0.47157012
   0.000000000000000 0.84808808
   0.000509639720169 0.12748218
   0.010653224773986 0.73247482
   0.000000000000000 0.62087550
   0.000550821967143 0.38142958
   0.000000000000000 0.82809650
   0.000000000000000 0.09106314
   0.000000000000000 0.80945760
   0.000000000000000 0.11041324
   0.000000000000000 0.83254920
   0.000000000000000 0.91968926
   0.000000000000000 0.80510864
   0.000000000000000 0.84869064
   0.000000000000000 0.59191272
   0.000000000000000 0.63277564
   0.000000000000000 0.18239578
   0.000000000000000 0.49439628
   0.004237276063237 0.06970124
   0.000000000000000 0.82099178
   0.000000000000000 0.25488568
   0.000000000000000 0.61450354
   0.161609857623285 0.30452142
   0.174009516507322 0.29803060
   0.000000000000000 0.90034238
   0.000000000000000 0.65188844
   0.000000000000000 0.42351596
   0.000000000000000 0.47035996
   0.000000000000000 0.32508210
   0.000000000000000 0.87160108
   0.302765843372035 0.14721028
   0.333724518273156 0.04505858
   0.000000000000000 0.55504638
   0.011090113971581 0.14858242
   0.000000000000000 0.06630190
   0.000000000000000 0.85056090
   0.000000000000000 0.87182242
   0.000000000000000 0.89339922
   0.000000000000000 0.72894094
   0.000000000000000 0.67712988
   0.016887975797868 0.02784306
   0.137913318880491 0.71921206
   0.157998690492234 0.00002828
   0.051366084036395 0.05345872
   0.326317490373030 0.00000630
   0.023720712333736 0.00126630
   0.352733740679486 0.00196462
   0.341585925810695 0.14402808
   0.002046026018304 0.03073182
   0.074460243397564 0.31382246
   0.007928479457954 0.41888602
   0.004046364220326 0.47922308
   0.000000000000000 0.91337260
   0.000000000000000 0.79443546
   0.000000000000000 0.54973184
   0.000000000000000 0.02538648
   0.000000000000000 0.02575062
   0.000000000000000 0.45287536
   0.000000000000000 0.47496218
   0.000000000000000 0.55357918
   0.000000000000000 0.72490950
   0.000000000000000 0.30546502
   0.000000000000000 0.46452168
   0.000000000000000 0.57752268
   0.000000000000000 0.63398244
   0.000000000000000 0.40952548
   0.000000000000000 0.79527056
   0.000634165767458 0.00013328
   0.166973236331146 0.07926142
   0.256411736851085 0.01308748
   0.000000000000000 0.25749808
   0.116678247419505 0.40092724
   0.002179144461553 0.14792456
   0.135079985135691 0.11803204
   0.022162712505371 0.36854650
   0.004508847356229 0.42075138
   0.011029675403391 0.08260000
   0.004060778997640 0.58582664
   0.000000000000000 0.02102576
   0.000000000000000 0.48543698
   0.000000000000000 0.45902906
   0.008147530330858 0.59506300
   0.002688917827641 0.82353628
   0.011490888664964 0.60175780
   0.017038281088844 0.02793420
   0.000000000000000 0.64657516
   0.003602968851910 0.03696658
   0.154028527489305 0.07744338
   0.204191497868871 0.10219902
   0.001875633994400 0.72953776
   0.033969772420795 0.17391808
   0.008759411322321 0.34979924
   0.034394359840436 0.11622044
   0.004937301694469 0.59316418
   0.000000000000000 0.43557122
   0.000000000000000 0.76511596
   0.000000000000000 0.60380866
   0.000000000000000 0.42168126
   0.000000000000000 0.75050682
   0.000000000000000 0.37908668
   0.000000000000000 0.79072504
   0.000000000000000 0.56546252
   0.002506229141947 0.46533102
   0.000000000000000 0.32799116
   0.043681477121377 0.00047250
   0.000000000000000 0.00079450
   0.000000000000000 0.32007472
   0.000000000000000 0.76313342
   0.000000000000000 0.74807782
   0.000000000000000 0.65738316
   0.000000000000000 0.78339408
   0.000806442200694 0.20894734
   0.002171884640533 0.75997138
   0.000000000000000 0.09808652
   0.000000000000000 0.59047450
   0.000579799246097 0.30564240
   0.007544076555691 0.33802832
   0.200849687107598 0.00762762
   0.334216453364590 0.46237296
   0.233380688731204 0.43266146
   0.000000000000000 0.77803082
   0.001644793273032 0.00426314
   0.000000000000000 0.82303032
   0.000000000000000 0.82448786
   0.096734120935789 0.68866154
   0.109070974875709 0.74130840
   0.039145471789354 0.46540998
   0.017117416513734 0.00569072
   0.000000000000000 0.15692418
   0.125997314027683 0.15834658
   0.145663305659099 0.17939278
   0.006279700078491 0.55060516
   0.000363793943146 0.37783060
   0.000000000000000 0.71332030
   0.000000000000000 0.56918736
   0.000000000000000 0.88616850
   0.000000000000000 0.80799460
   0.073262329508401 0.22534582
   0.018079900466788 0.15391796
   0.000674707090836 0.08946644
   0.289944409337449 0.01950144
   0.309087825274836 0.02328690
   0.040489663329311 0.00657636
   0.001750236600152 0.62159664
   0.012684447032879 0.22295966
   0.171939457015699 0.00005586
   0.001749196337986 0.51875824
   0.003181077194217 0.00249564
   0.003392346092239 0.83931190
   0.002145780199527 0.79901458
   0.000000000000000 0.23063418
   0.000000000000000 0.90956768
   0.000000000000000 0.20404818
   0.000000000000000 0.55372366
   0.000000000000000 0.63843122
   0.000000000000000 0.62875610
   0.000000000000000 0.53702040
   0.000000000000000 0.68974612
   0.000000000000000 0.41845272
   0.000000000000000 0.11500496
   0.000000000000000 0.79799566
   0.000000000000000 0.39967732
   0.000000000000000 0.67072362
   0.000000000000000 0.10743810
   0.000000000000000 0.77552272
   0.000000000000000 0.75435178
   0.000000000000000 0.56331716
   0.000000000000000 0.74524422
   0.000000000000000 0.63895496
   0.000000000000000 0.76867392
   0.000000000000000 0.69692840
   0.000000000000000 0.35024542
   0.034958332748229 0.39811282
   0.007519503178527 0.51215542
   0.000000000000000 0.67865602
   0.000000000000000 0.84911736
   0.000000000000000 0.51399796
   0.000000000000000 0.35095634
   0.154713228045641 0.23513854
   0.109665761718119 0.00951902
   0.002145767179594 0.73791214
   0.000000000000000 0.00303968
   0.000000000000000 0.57423114
   0.000000000000000 0.42086702
   0.000000000000000 0.24808084
   0.000000000000000 0.24404268
   0.000000000000000 0.71652938
   0.000000000000000 0.20366150
   0.000000000000000 0.34745578
   0.000000000000000 0.84403872
   0.000000000000000 0.79523318
   0.000000000000000 0.76468504
   0.000000000000000 0.67625922
   0.000000000000000 0.81579064
   0.015467442059563 0.09902900
   0.207688653778285 0.10508232
   0.033237097898698 0.37631734
   0.081401531565375 0.21957558
   0.302016020758553 0.12546520
   0.202548499732393 0.04352166
   0.054727272352368 0.53073762
   0.002985519447207 0.38777368
   0.009865802172887 0.40763100
   0.000000000000000 0.64978900
   0.001382083984542 0.06233948
   0.000000000000000 0.00509838
   0.311123525915233 0.10790416
   0.277843889840017 0.20525330
   0.082976279054643 0.31926454
   0.016108221342787 0.64311730
   0.065776189151702 0.13381004
   0.007034541394644 0.59139808
   0.023678509203623 0.41474832
   0.032492882844298 0.25687186
   0.024606175339202 0.27664896
   0.270335887179718 0.87633182
   0.323244611831953 0.66016188
   0.284293937678573 0.66812116
   0.377171451418327 0.42966098
   0.361602532352951 0.47155864
   0.000000000000000 0.67365900
   0.000000000000000 0.90141268
   0.000000000000000 0.61075322
   0.008161180629580 0.34841800
   0.001875974694256 0.63913388
   0.000934194061535 0.37145654
   0.000000000000000 0.58773722
   0.000000000000000 0.68079452
   0.001085430941610 0.61467000
   0.010425763559159 0.31106614
   0.004579720887629 0.30584414
   0.000000000000000 0.76609358
   0.000000000000000 0.86344622
   0.000000000000000 0.06196554
   0.000000000000000 0.80472210
   0.086012393864543 0.25456018
   0.236063178610854 0.11621946
   0.194322404933897 0.19334462
   0.005486846323526 0.60105878
   0.217173179300890 0.02076270
   0.068325150752383 0.11416132
   0.012269196605201 0.51816408
   0.127917514734872 0.64534736
   0.047765990407560 0.54631220
   0.033535743602111 0.60570160
   0.007473111659717 0.69850774
   0.006812616705419 0.45597230
   0.003034620405349 0.52641988
   0.000000000000000 0.88741408
   0.000000000000000 0.62059018
   0.011869528898408 0.00664090
   0.012803183461440 0.79825592
   0.000000000000000 0.36749342
   0.012092884769557 0.00228396
   0.000000000000000 0.61463318
   0.002058869491356 0.21390082
   0.009099770152120 0.45915100
   0.000000000000000 0.14209888
   0.000000000000000 0.73808126
   0.000000000000000 0.89137846
   0.000000000000000 0.56428190
   0.000000000000000 0.57693930
   0.000000000000000 0.87783570
   0.000000000000000 0.80503948
   0.000000000000000 0.88318006
   0.004600535878504 0.64154286
   0.003295122438052 0.85725528
   0.000000000000000 0.73789786
   0.012954810189317 0.65328256
   0.000000000000000 0.46012806
   0.040762481849204 0.52002594
   0.000000000000000 0.87534370
   0.000000000000000 0.83146000
   0.000000000000000 0.00115234
   0.000000000000000 0.83213368
   0.000000000000000 0.00672462
   0.000000000000000 0.63358834
   0.000000000000000 0.87538612
   0.000000000000000 0.65575734
   0.000000000000000 0.89335638
   0.000000000000000 0.75964770
   0.000000000000000 0.56784672
   0.000000000000000 0.80540656
   0.000000000000000 0.64548960
   0.000000000000000 0.50054270
   0.000000000000000 0.73391808
   0.000000000000000 0.81649218
   0.000000000000000 0.90301764
   0.000000000000000 0.82749142
   0.000000000000000 0.49975996
   0.000000000000000 0.32617200
   0.000000000000000 0.88578322
   0.000000000000000 0.32069044
   0.000000000000000 0.53015886
   0.000529546608307 0.75806962
   0.000000000000000 0.15887466
   0.026777037680409 0.54050332
   0.017218123398184 0.02830128
   0.028005015885771 0.21226842
   0.005860451648763 0.16539082
   0.000000000000000 0.58869160
   0.000535593720903 0.05425224
   0.000000000000000 0.50044708
   0.000000000000000 0.03944654
   0.000000000000000 0.85251250
   0.000000000000000 0.75348112
   0.000000000000000 0.84567336
   0.000000000000000 0.79751742
   0.000000000000000 0.54670210
   0.000000000000000 0.67696174
   0.000724702923166 0.19130874
   0.000047727412685 0.33192908
   0.182594424464979 0.00094402
   0.041856080776662 0.50109402
   0.000000000000000 0.77464646
   0.000000000000000 0.25779964
   0.000000000000000 0.71457862
   0.000000000000000 0.02066876
   0.000000000000000 0.18447786
   0.000000000000000 0.82561934
   0.000000000000000 0.47671050
   0.000000000000000 0.10615948
   0.003221182010566 0.73592960
   0.065188478856246 0.74584272
   0.000000000000000 0.43050070
   0.000000000000000 0.54340734
   0.000000000000000 0.68800746
   0.000000000000000 0.59847858
   0.001930327608061 0.45752700
   0.000000000000000 0.75457214
   0.000000000000000 0.84085358
   0.000000000000000 0.86357194
   0.000000000000000 0.24802414
   0.000000000000000 0.35907536
   0.000000000000000 0.61989970
   0.000000000000000 0.63619696
   0.000000000000000 0.83517686
   0.000000000000000 0.45588228
   0.000000000000000 0.35011718
   0.000000000000000 0.60787930
   0.000000000000000 0.60638452
   0.000000000000000 0.65372300
   0.000000000000000 0.29196370
   0.000000000000000 0.73295642
   0.000000000000000 0.89174498
   0.000000000000000 0.29487738
   0.000470357759738 0.48686988
   0.000000000000000 0.88793628
   0.062880804892131 0.01268302
   0.104839819130586 0.09523248
   0.265212522295758 0.07663390
   0.212416879403344 0.13139000
   0.052605376442791 0.05484668
   0.127104096616759 0.04615324
   0.001312039328269 0.11363254
   0.268622182117585 0.00370370
   0.213941536980158 0.36240484
   0.001098559228852 0.11823112
   0.085938898973843 0.42822920
   0.011514691479963 0.24302418
   0.000000000000000 0.79515450
   0.000000000000000 0.75243224
   0.001741197208503 0.17086244
   0.000000000000000 0.56748118
   0.011845470407447 0.78815688
   0.000000000000000 0.33854016
   0.103369853184806 0.13830558
   0.123254471525852 0.00045654
   0.125339983641487 0.14559524
   0.035147310349911 0.03962434
   0.049792179164627 0.07253932
   0.000000000000000 0.50492722
   0.000000000000000 0.57854146
   0.000000000000000 0.60322920
   0.000000000000000 0.05663728
   0.000000000000000 0.72570666
   0.274593043994175 0.09466590
   0.278340679477037 0.14747810
   0.014368613190708 0.02010148
   0.023335067524109 0.10703658
   0.078891130055021 0.24542224
   0.012845605936006 0.02844898
   0.007880310861854 0.14224574
   0.000000000000000 0.23260580
   0.000000000000000 0.70078372
   0.000000000000000 0.64927870
   0.000000000000000 0.34073368
   0.000000000000000 0.92395870
   0.000000000000000 0.85787408
   0.000111016066184 0.67939564
   0.000000000000000 0.73797066
   0.000000000000000 0.71672496
   0.000000000000000 0.41679750
   0.000000000000000 0.86459394
   0.000000000000000 0.24489010
   0.000000000000000 0.71061172
   0.000000000000000 0.81534558
   0.000000000000000 0.72028222
   0.000000000000000 0.50438080
   0.000000000000000 0.85959496
   0.000000000000000 0.88263294
   0.000000000000000 0.40294030
   0.000000000000000 0.33772746
   0.001589695355823 0.21104636
   0.457383124429708 0.48265154
   0.235756379525970 0.43776012
   0.295674011932665 0.17033884
   0.010348157353796 0.42612696
   0.004406642600835 0.21961408
   0.017543358511879 0.01951572
   0.014856139827754 0.04808328
   0.000000000000000 0.72563526
   0.000000000000000 0.69967870
   0.123682064019954 0.65785902
   0.000000000000000 0.63718578
   0.003103157571516 0.03403372
   0.000000000000000 0.68872132
   0.000000000000000 0.85667792
   0.000000000000000 0.33175492
   0.000000000000000 0.64453606
   0.000000000000000 0.66952998
   0.000000000000000 0.05688200
   0.000000000000000 0.26333216
   0.000000000000000 0.65436154
   0.000000000000000 0.00619654
   0.000000000000000 0.00009142
   0.000000000000000 0.68428654
   0.000000000000000 0.00598682
   0.000000000000000 0.93538466
   0.000000000000000 0.00062468
   0.001385481361993 0.12560128
   0.175499454428400 0.00339164
   0.089223165784222 0.29875496
   0.290017240127393 0.21920486
   0.000000000000000 0.82591236
   0.069775282195436 0.00731332
   0.000000000000000 0.56986594
   0.000000000000000 0.69023752
   0.002425370646495 0.37662114
   0.000000000000000 0.49917140
   0.011376101941080 0.01153796
   0.001479197111103 0.11600022
   0.000000000000000 0.51881928
   0.000000000000000 0.73491054
   0.000000000000000 0.89935090
   0.000000000000000 0.83476218
   0.000000000000000 0.61754714
   0.000000000000000 0.21970620
   0.000000000000000 0.57723260
   0.000000000000000 0.53389322
   0.000000000000000 0.22786876
   0.000000000000000 0.44384620
   0.000000000000000 0.80023706
   0.000000000000000 0.01414868
   0.000000000000000 0.73950590
   0.000000000000000 0.47943490
   0.000000000000000 0.47433050
   0.000000000000000 0.02237018
   0.000000000000000 0.90953282
   0.000000000000000 0.93618490
   0.000000000000000 0.80687222
   0.000000000000000 0.72231320
   0.000000000000000 0.37941596
   0.000000000000000 0.08564962
   0.000000000000000 0.67885468
   0.000000000000000 0.63989142
   0.000000000000000 0.30083536
   0.000000000000000 0.79636970
   0.000000000000000 0.84680694
   0.000000000000000 0.76953646
   0.000000000000000 0.89850978
   0.000000000000000 0.75471228
   0.000000000000000 0.25151686
   0.000000000000000 0.00077826
   0.000000000000000 0.23740934
   0.000000000000000 0.00534492
   0.000000000000000 0.80936716
   0.000000000000000 0.48353536
   0.000000000000000 0.40674662
   0.000000000000000 0.47414402
   0.000000000000000 0.01808142
   0.000000000000000 0.76811924
   0.000000000000000 0.66679536
   0.265947759440520 0.06788558
   0.289206038568132 0.00510832
   0.056115916964200 0.04938556
   0.000000000000000 0.38356626
   0.000000000000000 0.68656630
   0.000091146655054 0.11752832
   0.000000000000000 0.64098132
   0.000000000000000 0.63212534
   0.000000000000000 0.00026250
   0.000000000000000 0.86426228
   0.000000000000000 0.53570608
   0.000000000000000 0.49175882
   0.000000000000000 0.84774592
   0.000000000000000 0.09643060
   0.000000000000000 0.80801210
   0.000000000000000 0.79916466
   0.000000000000000 0.10413368
   0.015590045329737 0.57419656
   0.020571813310779 0.72381386
   0.000000000000000 0.80902836
   0.069234925402174 0.31706024
   0.028521325711244 0.64210398
   0.009274104625670 0.40906026
   0.093860574983287 0.43388982
   0.066952999323873 0.61732524
   0.060515662388876 0.45949274
   0.006610393190067 0.43429344
   0.031221280174828 0.08648766
   0.003827721587532 0.54990166
   0.003303475842774 0.02898560
   0.000000000000000 0.63546560
   0.001511732042103 0.46199286
   0.000000000000000 0.87566794
   0.035115378811248 0.06897716
   0.042631057551837 0.46655840
   0.206489363079547 0.13265238
   0.000734281824855 0.70312186
   0.061056423720429 0.00752206
   0.000182338595069 0.54507656
   0.166347683030079 0.56845208
   0.172364006858011 0.34871998
   0.002561809139649 0.69176100
   0.000000000000000 0.90243664
   0.003464079610427 0.62202532
   0.000628900565980 0.55238498
   0.000000000000000 0.88580352
   0.000000000000000 0.95651934
   0.000000000000000 0.88538604
   0.000000000000000 0.38891566
   0.000000000000000 0.22603868
   0.000000000000000 0.42650566
   0.000000000000000 0.57653092
   0.000000000000000 0.35854896
   0.000000000000000 0.33340622
   0.000000000000000 0.77469252
   0.000000000000000 0.89091898
   0.000000000000000 0.76082202
   0.000000000000000 0.88527362
   0.000000000000000 0.33613300
   0.000000000000000 0.66708180
   0.000496047015417 0.71244754
   0.167249235129747 0.77656334
   0.141644533624889 0.87551394
   0.156583672013573 0.48352262
   0.168201958685924 0.41248102
   0.209266222007847 0.61620832
   0.003657553520519 0.18537456
   0.007339877657378 0.66264492
   0.200926136572873 0.00114814
   0.075226236891694 0.15977402
   0.000284902509870 0.08096256
   0.004532282318847 0.01715560
   0.000000000000000 0.79550590
   0.000000000000000 0.56789992
   0.011218769224563 0.41721246
   0.007372679470205 0.36153894
   0.000000000000000 0.87859926
   0.070692399107692 0.44709266
   0.071190041909914 0.38613358
   0.000000000000000 0.80886358
   0.000996306555358 0.14667646
   0.021600761471347 0.52336046
   0.005470145750250 0.56217434
   0.000000000000000 0.86485504
   0.004786140564730 0.71236270
   0.002410707006945 0.54104680
   0.000000000000000 0.82665604
   0.000000000000000 0.89996760
   0.000000000000000 0.10637494
   0.000000000000000 0.84369600
   0.000000000000000 0.85988784
   0.000000000000000 0.00713356
   0.000000000000000 0.19501664
   0.000000000000000 0.44710274
   0.000000000000000 0.44930928
   0.000000000000000 0.74468660
   0.000000000000000 0.39405366
   0.000000000000000 0.15772400
   0.000000000000000 0.44907338
   0.000000000000000 0.41271356
   0.000000000000000 0.01691088
   0.000000000000000 0.14026670
   0.000000000000000 0.72127664
   0.000000000000000 0.28483182
   0.000000000000000 0.21703192
   0.000000000000000 0.28459340
   0.000000000000000 0.56178150
   0.000000000000000 0.65838318
   0.000000000000000 0.66216542
   0.000000000000000 0.29309042
   0.000000000000000 0.44513966
   0.000000000000000 0.25252934
   0.000000000000000 0.67774602
   0.000000000000000 0.56550816
   0.000000000000000 0.84074746
   0.018215148512229 0.00569296
   0.139306643269184 0.30186114
   0.376332943568673 0.20715030
   0.116869938844275 0.54539548
   0.153591209183203 0.05305748
   0.018737613851920 0.59085670
   0.012799932614250 0.53441360
   0.084562310118222 0.50356670
   0.010028228200930 0.74297706
   0.035274663562324 0.62724438
   0.065639317654408 0.05859756
   0.040583563206514 0.74771578
   0.142853124654289 0.27536544
   0.006637991264659 0.01096382
   0.000000000000000 0.86634310
   0.000000000000000 0.66307668
   0.000000000000000 0.48596394
   0.231941565931774 0.18624942
   0.357167958646874 0.23638832
   0.118588146811530 0.24067400
   0.057791402428700 0.12124336
   0.147738676184532 0.18012610
   0.000000000000000 0.00252364
   0.062086163208938 0.12244778
   0.305414189352187 0.07276850
   0.300953183565295 0.11719974
   0.000000000000000 0.69320258
   0.000000000000000 0.63760676
   0.000000000000000 0.83030318
   0.000000000000000 0.90892774
   0.000000000000000 0.00933114
   0.004246629824692 0.01426586
   0.125270229766085 0.04218312
   0.007669211762787 0.25665850
   0.100082539929004 0.02361856
   0.000000000000000 0.37700922
   0.117242966113673 0.34588764
   0.000000000000000 0.25920552
   0.000000000000000 0.58821658
   0.000190637151802 0.00268898
   0.000000000000000 0.52211712
   0.000000000000000 0.30107700
   0.049354241145968 0.31740478
   0.009280084174396 0.55651820
   0.026093049329552 0.79100420
   0.001368492668164 0.25693080
   0.000331176868839 0.19585090
   0.001765495995720 0.54222028
   0.094285079634257 0.07544936
   0.047531809840780 0.45320422
   0.000000000000000 0.78364384
   0.006894252128147 0.54505710
   0.003923521335212 0.02724148
   0.003956118579054 0.62928880
   0.000354220534406 0.00429072
   0.000000000000000 0.57278690
   0.000750991826562 0.41744346
   0.012069363170512 0.01145242
   0.001489570582279 0.41178382
   0.290895569567829 0.05723172
   0.369341950478224 0.03111934
   0.102208850072578 0.02164386
   0.067966057449157 0.02582902
   0.114655209677103 0.11501518
   0.082962383041706 0.03993122
   0.057915917767199 0.05085752
   0.004994551651753 0.06640676
   0.005818634627192 0.38059210
   0.001930119876881 0.50428308
   0.000000000000000 0.55590990
   0.000000000000000 0.27646598
   0.000000000000000 0.80775170
   0.314389810424034 0.00336910
   0.000000000000000 0.73702482
   0.342429880644488 0.00089418
   0.387888765260793 0.09082486
   0.422613098538763 0.32193098
   0.403483534607674 0.04387418
   0.328554977109727 0.04590894
   0.000000000000000 0.72938628
   0.026872720266715 0.06097126
   0.000000000000000 0.58028950
   0.000000000000000 0.68819744
   0.000000000000000 0.87946110
   0.000000000000000 0.19085570
   0.036656544363483 0.58341094
   0.163845761231574 0.73718610
   0.001286799898183 0.88950862
   0.000000000000000 0.16523640
   0.015277238063008 0.46835236
   0.044916119123468 0.23146900
   0.073122722139925 0.68628238
   0.000294572385069 0.74150272
   0.057277636670808 0.51587648
   0.000000000000000 0.83000428
   0.020117554352229 0.31573990
   0.000000000000000 0.71285102
   0.000000000000000 0.91075320
   0.000000000000000 0.92262352
   0.000000000000000 0.53938598
   0.000000000000000 0.89226508
   0.000000000000000 0.63832174
   0.000000000000000 0.74250092
   0.000000000000000 0.54277902
   0.000000000000000 0.63291298
   0.000000000000000 0.54186062
   0.000000000000000 0.50778560
   0.070878289962194 0.87527216
   0.099460092094377 0.81206440
   0.000000000000000 0.85330182
   0.000000000000000 0.51845514
   0.000000000000000 0.73894996
   0.000000000000000 0.15910412
   0.017770090319454 0.55649062
   0.088608051364330 0.03603418
   0.000000000000000 0.73076220
   0.001625139904281 0.07110082
   0.003072350316015 0.43459850
   0.000000000000000 0.63599004
   0.095487986390805 0.09593122
   0.247806501952179 0.08130472
   0.137625653612118 0.06012104
   0.000000000000000 0.73917704
   0.001551417035523 0.00100786
   0.000000000000000 0.77635614
   0.000000000000000 0.01244712
   0.000000000000000 0.81588612
   0.000000000000000 0.11452672
   0.000000000000000 0.82342932
   0.002758849551197 0.05879608
   0.004692007422399 0.21907774
   0.036639892981569 0.23554580
   0.054719386080250 0.05370288
   0.001752000626438 0.82624878
   0.084823110304086 0.25283090
   0.216552121068242 0.07710234
   0.000000000000000 0.65555224
   0.070421255868065 0.45767722
   0.000000000000000 0.43145774
   0.000000000000000 0.70688156
   0.000000000000000 0.77402388
   0.000000000000000 0.66067106
   0.000000000000000 0.76926444
   0.000000000000000 0.77599536
   0.000000000000000 0.18211004
   0.000000000000000 0.37605442
   0.001998028411184 0.32860142
   0.033117546247712 0.00837872
   0.001068780201843 0.48987316
   0.000000000000000 0.30649262
   0.000000000000000 0.32704994
   0.000000000000000 0.50683766
   0.000000000000000 0.03689392
   0.000000000000000 0.00530558
   0.000000000000000 0.71425732
   0.000000000000000 0.83360788
   0.000000000000000 0.70690298
   0.000000000000000 0.50741152
   0.000000000000000 0.77907088
   0.071605320094125 0.45275202
   0.050555977624980 0.12634244
   0.020620774560945 0.56900718
   0.019153671231159 0.36312360
   0.253822825665271 0.18259892
   0.012456094573307 0.16941596
   0.000000000000000 0.41664742
   0.000000000000000 0.83500368
   0.000000000000000 0.72892288
   0.000000000000000 0.14188552
   0.007733955966935 0.22047018
   0.000000000000000 0.87273788
   0.152644851171335 0.48191794
   0.000000000000000 0.82340748
   0.000000000000000 0.04780356
   0.000000000000000 0.31425674
   0.015679715982207 0.60717160
   0.015882990356390 0.01598870
   0.000000000000000 0.21527870
   0.000000000000000 0.82113598
   0.000000000000000 0.89337388
   0.000000000000000 0.47633642
   0.000000000000000 0.89157376
   0.000000000000000 0.84657510
   0.000000000000000 0.69743408
   0.000000000000000 0.85977444
   0.000000000000000 0.72538928
   0.000000000000000 0.06704544
   0.000000000000000 0.07929026
   0.000000000000000 0.08624448
   0.000000000000000 0.32862816
   0.000000000000000 0.30020816
   0.046621225354694 0.73654084
   0.045939085458153 0.73200708
   0.000000000000000 0.06553876
   0.000000000000000 0.37517284
   0.000000000000000 0.00600852
   0.000000000000000 0.61382370
   0.000000000000000 0.19881022
   0.000000000000000 0.44035698
   0.000000000000000 0.52976238
   0.000000000000000 0.44730266
   0.000000000000000 0.74822706
   0.000000000000000 0.54464970
   0.000000000000000 0.59650626
   0.000000000000000 0.18754708
   0.000000000000000 0.68607224
   0.000000000000000 0.07628810
   0.000000000000000 0.24586100
   0.000000000000000 0.11078130
   0.000000000000000 0.90760390
   0.000000000000000 0.89922700
   0.000000000000000 0.86561342
   0.028049917423985 0.24387776
   0.015759361011345 0.00194782
   0.083229541868899 0.63422954
   0.267286456836569 0.08886276
   0.245280712524845 0.36528240
   0.309304259450624 0.25107474
   0.309041402763034 0.05299756
   0.024083965486377 0.47695214
   0.024702107045732 0.06067446
   0.000000000000000 0.89303998
   0.164496850891340 0.66207190
   0.063640864106351 0.11876242
   0.000000000000000 0.69769518
   0.000000000000000 0.44733612
   0.021454723515222 0.09094596
   0.000000000000000 0.84276262
   0.315450123144229 0.00166348
   0.286403517992163 0.31912678
   0.135528663686781 0.00083174
   0.114798063791732 0.31323446
   0.001776148587460 0.01363194
   0.007129357867170 0.00001624
   0.000000000000000 0.31059728
   0.000000000000000 0.68279652
   0.082523842050089 0.57887522
   0.131710368267585 0.46797086
   0.000000000000000 0.80944094
   0.021189384352163 0.28748524
   0.022527550376082 0.15730232
   0.000000000000000 0.86077600
   0.190389526829720 0.00834302
   0.212917692371373 0.61027148
   0.192255806060675 0.04075022
   0.200788093457155 0.00014616
   0.041480547790446 0.15765666
   0.240048918922813 0.12534396
   0.017742248420965 0.41705328
   0.010612050691968 0.01142442
   0.000000000000000 0.69043142
   0.000000000000000 0.90289388
   0.000000000000000 0.59604258
   0.024150048302993 0.13117174
   0.000000000000000 0.81843566
   0.000000000000000 0.20099660
   0.030855975095653 0.35532112
   0.000000000000000 0.82196660
   0.000000000000000 0.00002142
   0.000000000000000 0.25209128
   0.000000000000000 0.65725478
   0.000000000000000 0.55601308
   0.000000000000000 0.77521164
   0.000000000000000 0.84084210
   0.000000000000000 0.63414946
   0.000000000000000 0.88578630
   0.000000000000000 0.76910064
   0.000000000000000 0.81203234
   0.000000000000000 0.47687192
   0.000000000000000 0.74403532
   0.000000000000000 0.64502004
   0.000000000000000 0.55206774
   0.000000000000000 0.73887310
   0.000000000000000 0.08907262
   0.000000000000000 0.29164898
   0.000000000000000 0.68974332
   0.000000000000000 0.19689474
   0.000000000000000 0.40015822
   0.000000000000000 0.67584930
   0.000000000000000 0.91955934
   0.000000000000000 0.67993436
   0.000000000000000 0.36019774
   0.000000000000000 0.77977396
   0.000000000000000 0.83747692
   0.000000000000000 0.33575976
   0.000000000000000 0.67674264
   0.000000000000000 0.59738364
   0.000000000000000 0.75591698
   0.000000000000000 0.16497012
   0.000000000000000 0.62169744
   0.000000000000000 0.89465838
   0.000000000000000 0.15965152
   0.000000000000000 0.86377900
   0.000000000000000 0.84411922
   0.000000000000000 0.12896450
   0.000000000000000 0.00169932
   0.000000000000000 0.12186426
   0.250032945658658 0.01373736
   0.369047020093675 0.13391140
   0.347118541151038 0.31861956
   0.000000000000000 0.74374622
   0.005536010747047 0.00483266
   0.000000000000000 0.58358776
   0.000000000000000 0.17930290
   0.000000000000000 0.73129154
   0.000000000000000 0.81465356
   0.000000000000000 0.58951620
   0.000000000000000 0.79910558
   0.000000000000000 0.91843416
   0.000000000000000 0.60861360
   0.000000000000000 0.00061334
   0.000000000000000 0.00747040
   0.000000000000000 0.10483102
   0.304481407091604 0.09660070
   0.347331675623300 0.02959908
   0.000000000000000 0.01100414
   0.000000000000000 0.12182240
   0.000249012163438 0.10903312
   0.007771111503369 0.83101466
   0.000000000000000 0.00756042
   0.000000000000000 0.40436270
   0.000000000000000 0.59548930
   0.000000000000000 0.67434150
   0.032757012239671 0.74644934
   0.036569387452648 0.78363712
   0.064971366820074 0.65439822
   0.206025869531697 0.00020594
   0.054588635990449 0.39219558
   0.155859970638380 0.25821726
   0.253741274414205 0.21965580
   0.375871895626092 0.23822652
   0.267890951585297 0.07022050
   0.035297028906379 0.31003294
   0.002952251059321 0.78215830
   0.070079789731418 0.07324240
   0.006719123551761 0.79119418
   0.007730478166003 0.01763902
   0.141978819930083 0.66084508
   0.000000000000000 0.47358654
   0.000000000000000 0.84615342
   0.042696607567832 0.07635054
   0.236224965397777 0.00027678
   0.204784193634764 0.00213318
   0.220189274232467 0.10552514
   0.271200292781407 0.39738972
   0.302811102950790 0.89278350
   0.000000000000000 0.78203734
   0.116584137475036 0.26526990
   0.000000000000000 0.85511664
   0.002581974435717 0.21300804
