# long range Heisenberg model
# L = 20, J = 1.0
# Heatmap of the average frequency delta1 (normalized to the average level spacing) of the dominating contribution S1 to optical conductivity
# Alpha, Delta, delta1

1.0000000000000000 0.0000000000000000 543.136
1.0000000000000000 0.10000000149011612 508.749
1.0000000000000000 0.20000000298023224 471.396
1.0000000000000000 0.30000001192092896 431.451
1.0000000000000000 0.40000000596046448 387.91
1.0000000000000000 0.50000000000000000 339.87
1.0000000000000000 0.60000002384185791 288.745
1.0000000000000000 0.69999998807907104 240.226
1.0000000000000000 0.80000001192092896 201.165
1.0000000000000000 0.89999997615814209 177.4
1.0000000000000000 1.0000000000000000 196.924
1.0000000000000000 1.1000000238418579 128.871
1.0000000000000000 1.2000000476837158 103.218
1.0000000000000000 1.2999999523162842 86.6795
1.0000000000000000 1.3999999761581421 73.9333
1.0000000000000000 1.5000000000000000 62.8592
1.0000000000000000 1.6000000238418579 53.2206
1.0000000000000000 1.7000000476837158 45.1551
1.0000000000000000 1.7999999523162842 37.994
1.0000000000000000 1.8999999761581421 32.4266
1.0000000000000000 2.0000000000000000 28.1924

1.1000000238418579 0.0000000000000000 529.637
1.1000000238418579 0.10000000149011612 492.723
1.1000000238418579 0.20000000298023224 453.27
1.1000000238418579 0.30000001192092896 411.687
1.1000000238418579 0.40000000596046448 365.265
1.1000000238418579 0.50000000000000000 318.316
1.1000000238418579 0.60000002384185791 271.113
1.1000000238418579 0.69999998807907104 227.375
1.1000000238418579 0.80000001192092896 192.919
1.1000000238418579 0.89999997615814209 169.231
1.1000000238418579 1.0000000000000000 176.675
1.1000000238418579 1.1000000238418579 114.751
1.1000000238418579 1.2000000476837158 87.2913
1.1000000238418579 1.2999999523162842 67.6224
1.1000000238418579 1.3999999761581421 52.5028
1.1000000238418579 1.5000000000000000 41.0757
1.1000000238418579 1.6000000238418579 32.7216
1.1000000238418579 1.7000000476837158 26.3679
1.1000000238418579 1.7999999523162842 21.7559
1.1000000238418579 1.8999999761581421 19.3989
1.1000000238418579 2.0000000000000000 18.6527

1.2000000476837158 0.0000000000000000 507.822
1.2000000476837158 0.10000000149011612 466.805
1.2000000476837158 0.20000000298023224 424.331
1.2000000476837158 0.30000001192092896 380.022
1.2000000476837158 0.40000000596046448 333.139
1.2000000476837158 0.50000000000000000 287.66
1.2000000476837158 0.60000002384185791 245.123
1.2000000476837158 0.69999998807907104 208.236
1.2000000476837158 0.80000001192092896 177.12
1.2000000476837158 0.89999997615814209 153.442
1.2000000476837158 1.0000000000000000 150.221
1.2000000476837158 1.1000000238418579 96.9484
1.2000000476837158 1.2000000476837158 66.9016
1.2000000476837158 1.2999999523162842 45.7804
1.2000000476837158 1.3999999761581421 32.1003
1.2000000476837158 1.5000000000000000 23.6944
1.2000000476837158 1.6000000238418579 18.5112
1.2000000476837158 1.7000000476837158 15.4495
1.2000000476837158 1.7999999523162842 14.2224
1.2000000476837158 1.8999999761581421 14.847
1.2000000476837158 2.0000000000000000 16.9219

1.2999999523162842 0.0000000000000000 475.675
1.2999999523162842 0.10000000149011612 431.325
1.2999999523162842 0.20000000298023224 385.304
1.2999999523162842 0.30000001192092896 339.967
1.2999999523162842 0.40000000596046448 295.003
1.2999999523162842 0.50000000000000000 252.696
1.2999999523162842 0.60000002384185791 215.769
1.2999999523162842 0.69999998807907104 183.555
1.2999999523162842 0.80000001192092896 155.556
1.2999999523162842 0.89999997615814209 131.155
1.2999999523162842 1.0000000000000000 123.362
1.2999999523162842 1.1000000238418579 76.3749
1.2999999523162842 1.2000000476837158 45.8588
1.2999999523162842 1.2999999523162842 26.8544
1.2999999523162842 1.3999999761581421 17.9202
1.2999999523162842 1.5000000000000000 13.4196
1.2999999523162842 1.6000000238418579 11.2129
1.2999999523162842 1.7000000476837158 11.2214
1.2999999523162842 1.7999999523162842 12.796
1.2999999523162842 1.8999999761581421 15.5496
1.2999999523162842 2.0000000000000000 19.1747

1.3999999761581421 0.0000000000000000 431.881
1.3999999761581421 0.10000000149011612 383.391
1.3999999761581421 0.20000000298023224 336.943
1.3999999761581421 0.30000001192092896 291.9
1.3999999761581421 0.40000000596046448 251.067
1.3999999761581421 0.50000000000000000 215.93
1.3999999761581421 0.60000002384185791 184.706
1.3999999761581421 0.69999998807907104 156.546
1.3999999761581421 0.80000001192092896 129.658
1.3999999761581421 0.89999997615814209 106.205
1.3999999761581421 1.0000000000000000 96.6261
1.3999999761581421 1.1000000238418579 57.2247
1.3999999761581421 1.2000000476837158 28.8918
1.3999999761581421 1.2999999523162842 15.0169
1.3999999761581421 1.3999999761581421 9.99921
1.3999999761581421 1.5000000000000000 8.42438
1.3999999761581421 1.6000000238418579 9.1299
1.3999999761581421 1.7000000476837158 11.4167
1.3999999761581421 1.7999999523162842 14.609
1.3999999761581421 1.8999999761581421 18.6091
1.3999999761581421 2.0000000000000000 23.2151

1.5000000000000000 0.0000000000000000 376.004
1.5000000000000000 0.10000000149011612 324.906
1.5000000000000000 0.20000000298023224 277.317
1.5000000000000000 0.30000001192092896 236.026
1.5000000000000000 0.40000000596046448 203.079
1.5000000000000000 0.50000000000000000 176.161
1.5000000000000000 0.60000002384185791 152.152
1.5000000000000000 0.69999998807907104 127.277
1.5000000000000000 0.80000001192092896 102.868
1.5000000000000000 0.89999997615814209 83.0311
1.5000000000000000 1.0000000000000000 71.7245
1.5000000000000000 1.1000000238418579 39.741
1.5000000000000000 1.2000000476837158 16.7622
1.5000000000000000 1.2999999523162842 8.43853
1.5000000000000000 1.3999999761581421 6.81141
1.5000000000000000 1.5000000000000000 7.98534
1.5000000000000000 1.6000000238418579 10.771
1.5000000000000000 1.7000000476837158 14.6924
1.5000000000000000 1.7999999523162842 19.3744
1.5000000000000000 1.8999999761581421 24.2133
1.5000000000000000 2.0000000000000000 29.33

1.6000000238418579 0.0000000000000000 307.669
1.6000000238418579 0.10000000149011612 255.712
1.6000000238418579 0.20000000298023224 211.971
1.6000000238418579 0.30000001192092896 177.601
1.6000000238418579 0.40000000596046448 153.343
1.6000000238418579 0.50000000000000000 135.364
1.6000000238418579 0.60000002384185791 117.624
1.6000000238418579 0.69999998807907104 98.3128
1.6000000238418579 0.80000001192092896 79.8147
1.6000000238418579 0.89999997615814209 62.4771
1.6000000238418579 1.0000000000000000 48.8143
1.6000000238418579 1.1000000238418579 24.0554
1.6000000238418579 1.2000000476837158 8.82593
1.6000000238418579 1.2999999523162842 6.47966
1.6000000238418579 1.3999999761581421 8.8606
1.6000000238418579 1.5000000000000000 13.1935
1.6000000238418579 1.6000000238418579 18.138
1.6000000238418579 1.7000000476837158 23.854
1.6000000238418579 1.7999999523162842 29.2831
1.6000000238418579 1.8999999761581421 34.7286
1.6000000238418579 2.0000000000000000 40.114

1.7000000476837158 0.0000000000000000 233.181
1.7000000476837158 0.10000000149011612 186.204
1.7000000476837158 0.20000000298023224 149.596
1.7000000476837158 0.30000001192092896 123.685
1.7000000476837158 0.40000000596046448 105.42
1.7000000476837158 0.50000000000000000 94.2995
1.7000000476837158 0.60000002384185791 84.6591
1.7000000476837158 0.69999998807907104 73.3335
1.7000000476837158 0.80000001192092896 59.3453
1.7000000476837158 0.89999997615814209 44.2671
1.7000000476837158 1.0000000000000000 28.7473
1.7000000476837158 1.1000000238418579 10.8741
1.7000000476837158 1.2000000476837158 8.32034
1.7000000476837158 1.2999999523162842 14.8903
1.7000000476837158 1.3999999761581421 23.0544
1.7000000476837158 1.5000000000000000 31.1002
1.7000000476837158 1.6000000238418579 38.2015
1.7000000476837158 1.7000000476837158 43.615
1.7000000476837158 1.7999999523162842 48.3737
1.7000000476837158 1.8999999761581421 52.8327
1.7000000476837158 2.0000000000000000 56.7545

1.7999999523162842 0.0000000000000000 163.524
1.7999999523162842 0.10000000149011612 125.698
1.7999999523162842 0.20000000298023224 99.0531
1.7999999523162842 0.30000001192092896 79.9548
1.7999999523162842 0.40000000596046448 67.1963
1.7999999523162842 0.50000000000000000 59.57
1.7999999523162842 0.60000002384185791 55.9115
1.7999999523162842 0.69999998807907104 51.5198
1.7999999523162842 0.80000001192092896 41.6406
1.7999999523162842 0.89999997615814209 27.5664
1.7999999523162842 1.0000000000000000 12.1609
1.7999999523162842 1.1000000238418579 8.85338
1.7999999523162842 1.2000000476837158 22.2948
1.7999999523162842 1.2999999523162842 35.9807
1.7999999523162842 1.3999999761581421 48.5358
1.7999999523162842 1.5000000000000000 58.5794
1.7999999523162842 1.6000000238418579 66.1602
1.7999999523162842 1.7000000476837158 71.3014
1.7999999523162842 1.7999999523162842 74.5556
1.7999999523162842 1.8999999761581421 77.8835
1.7999999523162842 2.0000000000000000 81.5086

1.8999999761581421 0.0000000000000000 107.983
1.8999999761581421 0.10000000149011612 81.5532
1.8999999761581421 0.20000000298023224 63.317
1.8999999761581421 0.30000001192092896 50.2779
1.8999999761581421 0.40000000596046448 40.7586
1.8999999761581421 0.50000000000000000 35.205
1.8999999761581421 0.60000002384185791 33.3059
1.8999999761581421 0.69999998807907104 31.3413
1.8999999761581421 0.80000001192092896 24.4455
1.8999999761581421 0.89999997615814209 11.8122
1.8999999761581421 1.0000000000000000 7.14136
1.8999999761581421 1.1000000238418579 24.2724
1.8999999761581421 1.2000000476837158 41.3101
1.8999999761581421 1.2999999523162842 56.7368
1.8999999761581421 1.3999999761581421 70.32
1.8999999761581421 1.5000000000000000 81.0314
1.8999999761581421 1.6000000238418579 89.9546
1.8999999761581421 1.7000000476837158 96.7512
1.8999999761581421 1.7999999523162842 101.317
1.8999999761581421 1.8999999761581421 105.255
1.8999999761581421 2.0000000000000000 108.323

2.0000000000000000 0.0000000000000000 71.2564
2.0000000000000000 0.10000000149011612 53.2222
2.0000000000000000 0.20000000298023224 40.838
2.0000000000000000 0.30000001192092896 31.6021
2.0000000000000000 0.40000000596046448 25.2594
2.0000000000000000 0.50000000000000000 21.2225
2.0000000000000000 0.60000002384185791 18.8744
2.0000000000000000 0.69999998807907104 15.9261
2.0000000000000000 0.80000001192092896 10.4544
2.0000000000000000 0.89999997615814209 3.98771
2.0000000000000000 1.0000000000000000 20.5517
2.0000000000000000 1.1000000238418579 39.2433
2.0000000000000000 1.2000000476837158 56.18
2.0000000000000000 1.2999999523162842 71.769
2.0000000000000000 1.3999999761581421 85.4152
2.0000000000000000 1.5000000000000000 97.5219
2.0000000000000000 1.6000000238418579 108.103
2.0000000000000000 1.7000000476837158 116.376
2.0000000000000000 1.7999999523162842 124.08
2.0000000000000000 1.8999999761581421 130.252
2.0000000000000000 2.0000000000000000 135.406

2.0999999046325684 0.0000000000000000 49.3983
2.0999999046325684 0.10000000149011612 36.5162
2.0999999046325684 0.20000000298023224 27.7029
2.0999999046325684 0.30000001192092896 21.2335
2.0999999046325684 0.40000000596046448 16.4258
2.0999999046325684 0.50000000000000000 13.1767
2.0999999046325684 0.60000002384185791 10.1922
2.0999999046325684 0.69999998807907104 7.57299
2.0999999046325684 0.80000001192092896 4.1742
2.0999999046325684 0.89999997615814209 14.2939
2.0999999046325684 1.0000000000000000 32.8703
2.0999999046325684 1.1000000238418579 51.8281
2.0999999046325684 1.2000000476837158 68.8139
2.0999999046325684 1.2999999523162842 84.4358
2.0999999046325684 1.3999999761581421 98.4088
2.0999999046325684 1.5000000000000000 111.272
2.0999999046325684 1.6000000238418579 122.455
2.0999999046325684 1.7000000476837158 132.388
2.0999999046325684 1.7999999523162842 141.913
2.0999999046325684 1.8999999761581421 151.457
2.0999999046325684 2.0000000000000000 159.158

2.2000000476837158 0.0000000000000000 36.9745
2.2000000476837158 0.10000000149011612 26.6711
2.2000000476837158 0.20000000298023224 19.7947
2.2000000476837158 0.30000001192092896 14.7822
2.2000000476837158 0.40000000596046448 11.253
2.2000000476837158 0.50000000000000000 8.2479
2.2000000476837158 0.60000002384185791 5.54988
2.2000000476837158 0.69999998807907104 4.1758
2.2000000476837158 0.80000001192092896 8.43747
2.2000000476837158 0.89999997615814209 24.4727
2.2000000476837158 1.0000000000000000 43.269
2.2000000476837158 1.1000000238418579 62.5082
2.2000000476837158 1.2000000476837158 79.473
2.2000000476837158 1.2999999523162842 95.2554
2.2000000476837158 1.3999999761581421 109.813
2.2000000476837158 1.5000000000000000 122.732
2.2000000476837158 1.6000000238418579 134.999
2.2000000476837158 1.7000000476837158 146.27
2.2000000476837158 1.7999999523162842 157.164
2.2000000476837158 1.8999999761581421 168.932
2.2000000476837158 2.0000000000000000 180.05

2.2999999523162842 0.0000000000000000 29.7591
2.2999999523162842 0.10000000149011612 20.8307
2.2999999523162842 0.20000000298023224 14.9843
2.2999999523162842 0.30000001192092896 10.8482
2.2999999523162842 0.40000000596046448 7.92822
2.2999999523162842 0.50000000000000000 5.09024
2.2999999523162842 0.60000002384185791 3.49665
2.2999999523162842 0.69999998807907104 4.8374
2.2999999523162842 0.80000001192092896 15.6692
2.2999999523162842 0.89999997615814209 33.2576
2.2999999523162842 1.0000000000000000 52.387
2.2999999523162842 1.1000000238418579 71.4033
2.2999999523162842 1.2000000476837158 88.5867
2.2999999523162842 1.2999999523162842 104.456
2.2999999523162842 1.3999999761581421 119.034
2.2999999523162842 1.5000000000000000 133.028
2.2999999523162842 1.6000000238418579 146.109
2.2999999523162842 1.7000000476837158 157.607
2.2999999523162842 1.7999999523162842 170.066
2.2999999523162842 1.8999999761581421 183.7
2.2999999523162842 2.0000000000000000 196.124

2.4000000953674316 0.0000000000000000 25.489
2.4000000953674316 0.10000000149011612 17.0592
2.4000000953674316 0.20000000298023224 11.8893
2.4000000953674316 0.30000001192092896 8.31463
2.4000000953674316 0.40000000596046448 5.57339
2.4000000953674316 0.50000000000000000 3.15248
2.4000000953674316 0.60000002384185791 3.27095
2.4000000953674316 0.69999998807907104 8.81093
2.4000000953674316 0.80000001192092896 22.2025
2.4000000953674316 0.89999997615814209 40.9641
2.4000000953674316 1.0000000000000000 60.2587
2.4000000953674316 1.1000000238418579 79.0333
2.4000000953674316 1.2000000476837158 96.3448
2.4000000953674316 1.2999999523162842 112.188
2.4000000953674316 1.3999999761581421 127.241
2.4000000953674316 1.5000000000000000 141.809
2.4000000953674316 1.6000000238418579 155.518
2.4000000953674316 1.7000000476837158 168.03
2.4000000953674316 1.7999999523162842 181.573
2.4000000953674316 1.8999999761581421 195.619
2.4000000953674316 2.0000000000000000 211.31

2.5000000000000000 0.0000000000000000 22.5519
2.5000000000000000 0.10000000149011612 14.4539
2.5000000000000000 0.20000000298023224 9.71676
2.5000000000000000 0.30000001192092896 6.51439
2.5000000000000000 0.40000000596046448 3.75252
2.5000000000000000 0.50000000000000000 2.51981
2.5000000000000000 0.60000002384185791 4.6452
2.5000000000000000 0.69999998807907104 13.5638
2.5000000000000000 0.80000001192092896 28.8185
2.5000000000000000 0.89999997615814209 48.0659
2.5000000000000000 1.0000000000000000 67.3177
2.5000000000000000 1.1000000238418579 85.9373
2.5000000000000000 1.2000000476837158 103.044
2.5000000000000000 1.2999999523162842 119.138
2.5000000000000000 1.3999999761581421 134.305
2.5000000000000000 1.5000000000000000 149.026
2.5000000000000000 1.6000000238418579 163.278
2.5000000000000000 1.7000000476837158 177.528
2.5000000000000000 1.7999999523162842 191.992
2.5000000000000000 1.8999999761581421 206.145
2.5000000000000000 2.0000000000000000 221.964

2.5999999046325684 0.0000000000000000 20.7144
2.5999999046325684 0.10000000149011612 12.8373
2.5999999046325684 0.20000000298023224 8.14418
2.5999999046325684 0.30000001192092896 5.04725
2.5999999046325684 0.40000000596046448 2.5456
2.5999999046325684 0.50000000000000000 2.85419
2.5999999046325684 0.60000002384185791 7.24092
2.5999999046325684 0.69999998807907104 18.5799
2.5999999046325684 0.80000001192092896 34.7711
2.5999999046325684 0.89999997615814209 54.4464
2.5999999046325684 1.0000000000000000 73.6453
2.5999999046325684 1.1000000238418579 92.3658
2.5999999046325684 1.2000000476837158 109.176
2.5999999046325684 1.2999999523162842 125.324
2.5999999046325684 1.3999999761581421 140.743
2.5999999046325684 1.5000000000000000 155.621
2.5999999046325684 1.6000000238418579 170.443
2.5999999046325684 1.7000000476837158 185.802
2.5999999046325684 1.7999999523162842 200.219
2.5999999046325684 1.8999999761581421 216.094
2.5999999046325684 2.0000000000000000 232.185

2.7000000476837158 0.0000000000000000 19.4855
2.7000000476837158 0.10000000149011612 11.6283
2.7000000476837158 0.20000000298023224 6.93191
2.7000000476837158 0.30000001192092896 3.79273
2.7000000476837158 0.40000000596046448 2.01343
2.7000000476837158 0.50000000000000000 4.08966
2.7000000476837158 0.60000002384185791 10.5411
2.7000000476837158 0.69999998807907104 23.5341
2.7000000476837158 0.80000001192092896 40.5376
2.7000000476837158 0.89999997615814209 60.4813
2.7000000476837158 1.0000000000000000 79.785
2.7000000476837158 1.1000000238418579 98.2233
2.7000000476837158 1.2000000476837158 114.804
2.7000000476837158 1.2999999523162842 131.151
2.7000000476837158 1.3999999761581421 146.745
2.7000000476837158 1.5000000000000000 162.299
2.7000000476837158 1.6000000238418579 177.551
2.7000000476837158 1.7000000476837158 192.616
2.7000000476837158 1.7999999523162842 208.203
2.7000000476837158 1.8999999761581421 225.232
2.7000000476837158 2.0000000000000000 240.972

2.7999999523162842 0.0000000000000000 18.9038
2.7999999523162842 0.10000000149011612 10.844
2.7999999523162842 0.20000000298023224 5.92718
2.7999999523162842 0.30000001192092896 2.8282
2.7999999523162842 0.40000000596046448 2.29525
2.7999999523162842 0.50000000000000000 5.98902
2.7999999523162842 0.60000002384185791 13.9723
2.7999999523162842 0.69999998807907104 28.7462
2.7999999523162842 0.80000001192092896 46.3583
2.7999999523162842 0.89999997615814209 66.0426
2.7999999523162842 1.0000000000000000 85.0531
2.7999999523162842 1.1000000238418579 103.656
2.7999999523162842 1.2000000476837158 120.269
2.7999999523162842 1.2999999523162842 136.446
2.7999999523162842 1.3999999761581421 152.343
2.7999999523162842 1.5000000000000000 168.244
2.7999999523162842 1.6000000238418579 184.459
2.7999999523162842 1.7000000476837158 199.78
2.7999999523162842 1.7999999523162842 216.235
2.7999999523162842 1.8999999761581421 233.373
2.7999999523162842 2.0000000000000000 249.629

2.9000000953674316 0.0000000000000000 18.4349
2.9000000953674316 0.10000000149011612 10.186
2.9000000953674316 0.20000000298023224 5.05611
2.9000000953674316 0.30000001192092896 2.03738
2.9000000953674316 0.40000000596046448 3.22061
2.9000000953674316 0.50000000000000000 8.29726
2.9000000953674316 0.60000002384185791 17.9868
2.9000000953674316 0.69999998807907104 33.7804
2.9000000953674316 0.80000001192092896 51.8695
2.9000000953674316 0.89999997615814209 71.3282
2.9000000953674316 1.0000000000000000 90.3539
2.9000000953674316 1.1000000238418579 108.594
2.9000000953674316 1.2000000476837158 125.508
2.9000000953674316 1.2999999523162842 141.764
2.9000000953674316 1.3999999761581421 158.152
2.9000000953674316 1.5000000000000000 174.248
2.9000000953674316 1.6000000238418579 190.629
2.9000000953674316 1.7000000476837158 206.975
2.9000000953674316 1.7999999523162842 223.969
2.9000000953674316 1.8999999761581421 240.954
2.9000000953674316 2.0000000000000000 257.291

3.0000000000000000 0.0000000000000000 18.1691
3.0000000000000000 0.10000000149011612 9.72122
3.0000000000000000 0.20000000298023224 4.20776
3.0000000000000000 0.30000001192092896 1.60946
3.0000000000000000 0.40000000596046448 4.84592
3.0000000000000000 0.50000000000000000 10.6085
3.0000000000000000 0.60000002384185791 21.9354
3.0000000000000000 0.69999998807907104 38.3713
3.0000000000000000 0.80000001192092896 56.7237
3.0000000000000000 0.89999997615814209 76.512
3.0000000000000000 1.0000000000000000 95.2347
3.0000000000000000 1.1000000238418579 113.338
3.0000000000000000 1.2000000476837158 130.461
3.0000000000000000 1.2999999523162842 147.018
3.0000000000000000 1.3999999761581421 163.556
3.0000000000000000 1.5000000000000000 180.247
3.0000000000000000 1.6000000238418579 196.912
3.0000000000000000 1.7000000476837158 214.323
3.0000000000000000 1.7999999523162842 231.266
3.0000000000000000 1.8999999761581421 249.002
3.0000000000000000 2.0000000000000000 265.265

3.0999999046325684 0.0000000000000000 18.0124
3.0999999046325684 0.10000000149011612 9.15925
3.0999999046325684 0.20000000298023224 3.41536
3.0999999046325684 0.30000001192092896 1.74481
3.0999999046325684 0.40000000596046448 6.92357
3.0999999046325684 0.50000000000000000 12.9133
3.0999999046325684 0.60000002384185791 26.1484
3.0999999046325684 0.69999998807907104 43.278
3.0999999046325684 0.80000001192092896 61.8849
3.0999999046325684 0.89999997615814209 81.149
3.0999999046325684 1.0000000000000000 99.8611
3.0999999046325684 1.1000000238418579 118.015
3.0999999046325684 1.2000000476837158 135.278
3.0999999046325684 1.2999999523162842 152.278
3.0999999046325684 1.3999999761581421 169.104
3.0999999046325684 1.5000000000000000 186.519
3.0999999046325684 1.6000000238418579 203.503
3.0999999046325684 1.7000000476837158 221.086
3.0999999046325684 1.7999999523162842 238.501
3.0999999046325684 1.8999999761581421 256.247
3.0999999046325684 2.0000000000000000 274.307

3.2000000476837158 0.0000000000000000 17.9698
3.2000000476837158 0.10000000149011612 8.66868
3.2000000476837158 0.20000000298023224 2.61714
3.2000000476837158 0.30000001192092896 2.62164
3.2000000476837158 0.40000000596046448 9.17019
3.2000000476837158 0.50000000000000000 15.6427
3.2000000476837158 0.60000002384185791 30.3561
3.2000000476837158 0.69999998807907104 47.9475
3.2000000476837158 0.80000001192092896 66.3762
3.2000000476837158 0.89999997615814209 85.8142
3.2000000476837158 1.0000000000000000 104.274
3.2000000476837158 1.1000000238418579 122.485
3.2000000476837158 1.2000000476837158 139.763
3.2000000476837158 1.2999999523162842 157.006
3.2000000476837158 1.3999999761581421 174.242
3.2000000476837158 1.5000000000000000 192.137
3.2000000476837158 1.6000000238418579 209.747
3.2000000476837158 1.7000000476837158 227.651
3.2000000476837158 1.7999999523162842 246.07
3.2000000476837158 1.8999999761581421 264.632
3.2000000476837158 2.0000000000000000 281.964

3.2999999523162842 0.0000000000000000 17.8467
3.2999999523162842 0.10000000149011612 8.08018
3.2999999523162842 0.20000000298023224 1.88861
3.2999999523162842 0.30000001192092896 4.07183
3.2999999523162842 0.40000000596046448 11.3352
3.2999999523162842 0.50000000000000000 18.4834
3.2999999523162842 0.60000002384185791 34.4319
3.2999999523162842 0.69999998807907104 52.2789
3.2999999523162842 0.80000001192092896 71.0274
3.2999999523162842 0.89999997615814209 90.4527
3.2999999523162842 1.0000000000000000 108.379
3.2999999523162842 1.1000000238418579 126.978
3.2999999523162842 1.2000000476837158 144.599
3.2999999523162842 1.2999999523162842 161.946
3.2999999523162842 1.3999999761581421 179.716
3.2999999523162842 1.5000000000000000 198.323
3.2999999523162842 1.6000000238418579 216.447
3.2999999523162842 1.7000000476837158 234.83
3.2999999523162842 1.7999999523162842 253.58
3.2999999523162842 1.8999999761581421 271.932
3.2999999523162842 2.0000000000000000 289.574

3.4000000953674316 0.0000000000000000 17.5548
3.4000000953674316 0.10000000149011612 7.48982
3.4000000953674316 0.20000000298023224 1.34525
3.4000000953674316 0.30000001192092896 6.00554
3.4000000953674316 0.40000000596046448 13.7211
3.4000000953674316 0.50000000000000000 21.2999
3.4000000953674316 0.60000002384185791 38.4058
3.4000000953674316 0.69999998807907104 56.7067
3.4000000953674316 0.80000001192092896 75.5118
3.4000000953674316 0.89999997615814209 94.6243
3.4000000953674316 1.0000000000000000 112.494
3.4000000953674316 1.1000000238418579 131.122
3.4000000953674316 1.2000000476837158 148.947
3.4000000953674316 1.2999999523162842 166.454
3.4000000953674316 1.3999999761581421 184.666
3.4000000953674316 1.5000000000000000 203.503
3.4000000953674316 1.6000000238418579 222.832
3.4000000953674316 1.7000000476837158 241.831
3.4000000953674316 1.7999999523162842 260.705
3.4000000953674316 1.8999999761581421 279.422
3.4000000953674316 2.0000000000000000 297.314

3.5000000000000000 0.0000000000000000 17.1811
3.5000000000000000 0.10000000149011612 6.82271
3.5000000000000000 0.20000000298023224 1.13758
3.5000000000000000 0.30000001192092896 8.01025
3.5000000000000000 0.40000000596046448 15.9223
3.5000000000000000 0.50000000000000000 24.3496
3.5000000000000000 0.60000002384185791 42.3578
3.5000000000000000 0.69999998807907104 61.4548
3.5000000000000000 0.80000001192092896 79.4867
3.5000000000000000 0.89999997615814209 98.5988
3.5000000000000000 1.0000000000000000 116.333
3.5000000000000000 1.1000000238418579 135.351
3.5000000000000000 1.2000000476837158 153.197
3.5000000000000000 1.2999999523162842 171.03
3.5000000000000000 1.3999999761581421 189.802
3.5000000000000000 1.5000000000000000 209.068
3.5000000000000000 1.6000000238418579 228.798
3.5000000000000000 1.7000000476837158 248.879
3.5000000000000000 1.7999999523162842 267.84
3.5000000000000000 1.8999999761581421 287.112
3.5000000000000000 2.0000000000000000 305.332

3.5999999046325684 0.0000000000000000 16.7787
3.5999999046325684 0.10000000149011612 6.12877
3.5999999046325684 0.20000000298023224 1.55202
3.5999999046325684 0.30000001192092896 10.0812
3.5999999046325684 0.40000000596046448 18.2127
3.5999999046325684 0.50000000000000000 27.2599
3.5999999046325684 0.60000002384185791 46.416
3.5999999046325684 0.69999998807907104 65.0117
3.5999999046325684 0.80000001192092896 83.4295
3.5999999046325684 0.89999997615814209 102.426
3.5999999046325684 1.0000000000000000 120.407
3.5999999046325684 1.1000000238418579 138.912
3.5999999046325684 1.2000000476837158 157.304
3.5999999046325684 1.2999999523162842 175.536
3.5999999046325684 1.3999999761581421 194.875
3.5999999046325684 1.5000000000000000 214.537
3.5999999046325684 1.6000000238418579 235.656
3.5999999046325684 1.7000000476837158 255.785
3.5999999046325684 1.7999999523162842 275.667
3.5999999046325684 1.8999999761581421 293.886
3.5999999046325684 2.0000000000000000 312.578

3.7000000476837158 0.0000000000000000 16.292
3.7000000476837158 0.10000000149011612 5.28575
3.7000000476837158 0.20000000298023224 2.45487
3.7000000476837158 0.30000001192092896 11.996
3.7000000476837158 0.40000000596046448 20.612
3.7000000476837158 0.50000000000000000 29.8656
3.7000000476837158 0.60000002384185791 50.2401
3.7000000476837158 0.69999998807907104 68.7728
3.7000000476837158 0.80000001192092896 87.7775
3.7000000476837158 0.89999997615814209 105.984
3.7000000476837158 1.0000000000000000 124.136
3.7000000476837158 1.1000000238418579 142.784
3.7000000476837158 1.2000000476837158 160.706
3.7000000476837158 1.2999999523162842 179.693
3.7000000476837158 1.3999999761581421 200.084
3.7000000476837158 1.5000000000000000 220.064
3.7000000476837158 1.6000000238418579 241.919
3.7000000476837158 1.7000000476837158 263.148
3.7000000476837158 1.7999999523162842 282.477
3.7000000476837158 1.8999999761581421 302.178
3.7000000476837158 2.0000000000000000 320.712

3.7999999523162842 0.0000000000000000 15.7726
3.7999999523162842 0.10000000149011612 4.46929
3.7999999523162842 0.20000000298023224 3.77929
3.7999999523162842 0.30000001192092896 14.1099
3.7999999523162842 0.40000000596046448 22.5711
3.7999999523162842 0.50000000000000000 33.0294
3.7999999523162842 0.60000002384185791 53.9435
3.7999999523162842 0.69999998807907104 72.5906
3.7999999523162842 0.80000001192092896 91.0735
3.7999999523162842 0.89999997615814209 109.294
3.7999999523162842 1.0000000000000000 127.75
3.7999999523162842 1.1000000238418579 146.676
3.7999999523162842 1.2000000476837158 164.837
3.7999999523162842 1.2999999523162842 184.337
3.7999999523162842 1.3999999761581421 204.837
3.7999999523162842 1.5000000000000000 226.19
3.7999999523162842 1.6000000238418579 247.992
3.7999999523162842 1.7000000476837158 268.311
3.7999999523162842 1.7999999523162842 289.322
3.7999999523162842 1.8999999761581421 309.354
3.7999999523162842 2.0000000000000000 328.582

3.9000000953674316 0.0000000000000000 15.2024
3.9000000953674316 0.10000000149011612 3.68127
3.9000000953674316 0.20000000298023224 5.30517
3.9000000953674316 0.30000001192092896 15.8609
3.9000000953674316 0.40000000596046448 24.7905
3.9000000953674316 0.50000000000000000 35.7396
3.9000000953674316 0.60000002384185791 56.7938
3.9000000953674316 0.69999998807907104 76.036
3.9000000953674316 0.80000001192092896 94.1473
3.9000000953674316 0.89999997615814209 112.692
3.9000000953674316 1.0000000000000000 130.772
3.9000000953674316 1.1000000238418579 149.635
3.9000000953674316 1.2000000476837158 169.093
3.9000000953674316 1.2999999523162842 188.182
3.9000000953674316 1.3999999761581421 209.248
3.9000000953674316 1.5000000000000000 231.374
3.9000000953674316 1.6000000238418579 253.749
3.9000000953674316 1.7000000476837158 275.127
3.9000000953674316 1.7999999523162842 296.498
3.9000000953674316 1.8999999761581421 317.11
3.9000000953674316 2.0000000000000000 336.172

4.0000000000000000 0.0000000000000000 14.6253
4.0000000000000000 0.10000000149011612 2.86385
4.0000000000000000 0.20000000298023224 6.87513
4.0000000000000000 0.30000001192092896 17.6014
4.0000000000000000 0.40000000596046448 26.5728
4.0000000000000000 0.50000000000000000 38.2973
4.0000000000000000 0.60000002384185791 60.034
4.0000000000000000 0.69999998807907104 79.3643
4.0000000000000000 0.80000001192092896 97.4117
4.0000000000000000 0.89999997615814209 115.891
4.0000000000000000 1.0000000000000000 133.814
4.0000000000000000 1.1000000238418579 153.567
4.0000000000000000 1.2000000476837158 172.241
4.0000000000000000 1.2999999523162842 191.917
4.0000000000000000 1.3999999761581421 213.304
4.0000000000000000 1.5000000000000000 236.399
4.0000000000000000 1.6000000238418579 259.443
4.0000000000000000 1.7000000476837158 280.841
4.0000000000000000 1.7999999523162842 303.094
4.0000000000000000 1.8999999761581421 324.079
4.0000000000000000 2.0000000000000000 343.308

4.0999999046325684 0.0000000000000000 14.0131
4.0999999046325684 0.10000000149011612 2.06109
4.0999999046325684 0.20000000298023224 8.45969
4.0999999046325684 0.30000001192092896 19.4923
4.0999999046325684 0.40000000596046448 28.646
4.0999999046325684 0.50000000000000000 40.7547
4.0999999046325684 0.60000002384185791 62.8195
4.0999999046325684 0.69999998807907104 82.3831
4.0999999046325684 0.80000001192092896 100.908
4.0999999046325684 0.89999997615814209 119.042
4.0999999046325684 1.0000000000000000 136.888
4.0999999046325684 1.1000000238418579 155.972
4.0999999046325684 1.2000000476837158 175.699
4.0999999046325684 1.2999999523162842 195.786
4.0999999046325684 1.3999999761581421 217.68
4.0999999046325684 1.5000000000000000 241.579
4.0999999046325684 1.6000000238418579 265.082
4.0999999046325684 1.7000000476837158 287.971
4.0999999046325684 1.7999999523162842 310.112
4.0999999046325684 1.8999999761581421 330.758
4.0999999046325684 2.0000000000000000 350.742

4.1999998092651367 0.0000000000000000 13.3593
4.1999998092651367 0.10000000149011612 1.36847
4.1999998092651367 0.20000000298023224 9.98775
4.1999998092651367 0.30000001192092896 21.1734
4.1999998092651367 0.40000000596046448 30.6308
4.1999998092651367 0.50000000000000000 43.1381
4.1999998092651367 0.60000002384185791 66.2384
4.1999998092651367 0.69999998807907104 85.4806
4.1999998092651367 0.80000001192092896 103.353
4.1999998092651367 0.89999997615814209 121.463
4.1999998092651367 1.0000000000000000 139.695
4.1999998092651367 1.1000000238418579 158.918
4.1999998092651367 1.2000000476837158 178.765
4.1999998092651367 1.2999999523162842 199.557
4.1999998092651367 1.3999999761581421 222.184
4.1999998092651367 1.5000000000000000 246.939
4.1999998092651367 1.6000000238418579 270.747
4.1999998092651367 1.7000000476837158 293.934
4.1999998092651367 1.7999999523162842 316.957
4.1999998092651367 1.8999999761581421 338.138
4.1999998092651367 2.0000000000000000 357.015

4.3000001907348633 0.0000000000000000 12.8063
4.3000001907348633 0.10000000149011612 0.895907
4.3000001907348633 0.20000000298023224 11.4767
4.3000001907348633 0.30000001192092896 22.608
4.3000001907348633 0.40000000596046448 32.6926
4.3000001907348633 0.50000000000000000 45.2976
4.3000001907348633 0.60000002384185791 69.1536
4.3000001907348633 0.69999998807907104 88.2122
4.3000001907348633 0.80000001192092896 106.24
4.3000001907348633 0.89999997615814209 124.177
4.3000001907348633 1.0000000000000000 141.983
4.3000001907348633 1.1000000238418579 161.761
4.3000001907348633 1.2000000476837158 182.142
4.3000001907348633 1.2999999523162842 203.168
4.3000001907348633 1.3999999761581421 226.882
4.3000001907348633 1.5000000000000000 251.322
4.3000001907348633 1.6000000238418579 275.802
4.3000001907348633 1.7000000476837158 299.588
4.3000001907348633 1.7999999523162842 322.69
4.3000001907348633 1.8999999761581421 344.01
4.3000001907348633 2.0000000000000000 362.122

4.4000000953674316 0.0000000000000000 12.164
4.4000000953674316 0.10000000149011612 0.777104
4.4000000953674316 0.20000000298023224 12.8022
4.4000000953674316 0.30000001192092896 24.2192
4.4000000953674316 0.40000000596046448 34.8792
4.4000000953674316 0.50000000000000000 47.6245
4.4000000953674316 0.60000002384185791 71.5886
4.4000000953674316 0.69999998807907104 90.7708
4.4000000953674316 0.80000001192092896 108.812
4.4000000953674316 0.89999997615814209 126.939
4.4000000953674316 1.0000000000000000 144.788
4.4000000953674316 1.1000000238418579 164.953
4.4000000953674316 1.2000000476837158 185.222
4.4000000953674316 1.2999999523162842 206.762
4.4000000953674316 1.3999999761581421 230.9
4.4000000953674316 1.5000000000000000 255.912
4.4000000953674316 1.6000000238418579 281.346
4.4000000953674316 1.7000000476837158 306.071
4.4000000953674316 1.7999999523162842 328.799
4.4000000953674316 1.8999999761581421 349.772
4.4000000953674316 2.0000000000000000 368.185

4.5000000000000000 0.0000000000000000 11.5687
4.5000000000000000 0.10000000149011612 1.08112
4.5000000000000000 0.20000000298023224 14.1258
4.5000000000000000 0.30000001192092896 25.7384
4.5000000000000000 0.40000000596046448 36.3441
4.5000000000000000 0.50000000000000000 49.3837
4.5000000000000000 0.60000002384185791 73.611
4.5000000000000000 0.69999998807907104 93.5516
4.5000000000000000 0.80000001192092896 111.171
4.5000000000000000 0.89999997615814209 129.187
4.5000000000000000 1.0000000000000000 147.323
4.5000000000000000 1.1000000238418579 167.166
4.5000000000000000 1.2000000476837158 188.174
4.5000000000000000 1.2999999523162842 209.929
4.5000000000000000 1.3999999761581421 234.661
4.5000000000000000 1.5000000000000000 260.402
4.5000000000000000 1.6000000238418579 286.173
4.5000000000000000 1.7000000476837158 310.831
4.5000000000000000 1.7999999523162842 334.154
4.5000000000000000 1.8999999761581421 354.817
4.5000000000000000 2.0000000000000000 374.328

4.5999999046325684 0.0000000000000000 11.015
4.5999999046325684 0.10000000149011612 1.68083
4.5999999046325684 0.20000000298023224 15.2326
4.5999999046325684 0.30000001192092896 27.159
4.5999999046325684 0.40000000596046448 38.2113
4.5999999046325684 0.50000000000000000 51.3198
4.5999999046325684 0.60000002384185791 75.7769
4.5999999046325684 0.69999998807907104 95.8987
4.5999999046325684 0.80000001192092896 113.662
4.5999999046325684 0.89999997615814209 131.344
4.5999999046325684 1.0000000000000000 149.499
4.5999999046325684 1.1000000238418579 169.781
4.5999999046325684 1.2000000476837158 190.51
4.5999999046325684 1.2999999523162842 212.962
4.5999999046325684 1.3999999761581421 238.432
4.5999999046325684 1.5000000000000000 264.52
4.5999999046325684 1.6000000238418579 291.242
4.5999999046325684 1.7000000476837158 316.328
4.5999999046325684 1.7999999523162842 339.604
4.5999999046325684 1.8999999761581421 360.258
4.5999999046325684 2.0000000000000000 378.866

4.6999998092651367 0.0000000000000000 10.4358
4.6999998092651367 0.10000000149011612 2.4883
4.6999998092651367 0.20000000298023224 16.3985
4.6999998092651367 0.30000001192092896 28.3224
4.6999998092651367 0.40000000596046448 39.8735
4.6999998092651367 0.50000000000000000 53.0292
4.6999998092651367 0.60000002384185791 78.4354
4.6999998092651367 0.69999998807907104 98.2535
4.6999998092651367 0.80000001192092896 116.124
4.6999998092651367 0.89999997615814209 133.43
4.6999998092651367 1.0000000000000000 151.67
4.6999998092651367 1.1000000238418579 172.1
4.6999998092651367 1.2000000476837158 192.84
4.6999998092651367 1.2999999523162842 216.183
4.6999998092651367 1.3999999761581421 241.994
4.6999998092651367 1.5000000000000000 268.92
4.6999998092651367 1.6000000238418579 295.723
4.6999998092651367 1.7000000476837158 320.614
4.6999998092651367 1.7999999523162842 344.999
4.6999998092651367 1.8999999761581421 365.118
4.6999998092651367 2.0000000000000000 383.966

4.8000001907348633 0.0000000000000000 9.8469
4.8000001907348633 0.10000000149011612 3.36233
4.8000001907348633 0.20000000298023224 17.4957
4.8000001907348633 0.30000001192092896 29.6698
4.8000001907348633 0.40000000596046448 41.1641
4.8000001907348633 0.50000000000000000 54.9665
4.8000001907348633 0.60000002384185791 80.5494
4.8000001907348633 0.69999998807907104 100.211
4.8000001907348633 0.80000001192092896 118.058
4.8000001907348633 0.89999997615814209 135.02
4.8000001907348633 1.0000000000000000 153.554
4.8000001907348633 1.1000000238418579 174.142
4.8000001907348633 1.2000000476837158 195.3
4.8000001907348633 1.2999999523162842 219.302
4.8000001907348633 1.3999999761581421 245.775
4.8000001907348633 1.5000000000000000 272.711
4.8000001907348633 1.6000000238418579 300.329
4.8000001907348633 1.7000000476837158 326.004
4.8000001907348633 1.7999999523162842 349.349
4.8000001907348633 1.8999999761581421 369.781
4.8000001907348633 2.0000000000000000 388.352

4.9000000953674316 0.0000000000000000 9.32287
4.9000000953674316 0.10000000149011612 4.34146
4.9000000953674316 0.20000000298023224 18.5263
4.9000000953674316 0.30000001192092896 30.688
4.9000000953674316 0.40000000596046448 42.7036
4.9000000953674316 0.50000000000000000 56.7158
4.9000000953674316 0.60000002384185791 82.0877
4.9000000953674316 0.69999998807907104 101.998
4.9000000953674316 0.80000001192092896 119.869
4.9000000953674316 0.89999997615814209 136.759
4.9000000953674316 1.0000000000000000 155.397
4.9000000953674316 1.1000000238418579 176.192
4.9000000953674316 1.2000000476837158 197.605
4.9000000953674316 1.2999999523162842 222.238
4.9000000953674316 1.3999999761581421 248.775
4.9000000953674316 1.5000000000000000 276.742
4.9000000953674316 1.6000000238418579 304.689
4.9000000953674316 1.7000000476837158 330.583
4.9000000953674316 1.7999999523162842 354.03
4.9000000953674316 1.8999999761581421 373.695
4.9000000953674316 2.0000000000000000 392.727

5.0000000000000000 0.0000000000000000 8.80636
5.0000000000000000 0.10000000149011612 5.21469
5.0000000000000000 0.20000000298023224 19.4862
5.0000000000000000 0.30000001192092896 31.8304
5.0000000000000000 0.40000000596046448 43.818
5.0000000000000000 0.50000000000000000 57.9467
5.0000000000000000 0.60000002384185791 84.0455
5.0000000000000000 0.69999998807907104 104.047
5.0000000000000000 0.80000001192092896 121.407
5.0000000000000000 0.89999997615814209 138.51
5.0000000000000000 1.0000000000000000 157.177
5.0000000000000000 1.1000000238418579 178.257
5.0000000000000000 1.2000000476837158 200.224
5.0000000000000000 1.2999999523162842 224.276
5.0000000000000000 1.3999999761581421 251.66
5.0000000000000000 1.5000000000000000 280.044
5.0000000000000000 1.6000000238418579 308.347
5.0000000000000000 1.7000000476837158 334.073
5.0000000000000000 1.7999999523162842 358.106
5.0000000000000000 1.8999999761581421 378.543
5.0000000000000000 2.0000000000000000 396.024

10.000000000000000 0.0000000000000000 1.25798
10.000000000000000 0.10000000149011612 17.9886
10.000000000000000 0.20000000298023224 34.0569
10.000000000000000 0.30000001192092896 48.3903
10.000000000000000 0.40000000596046448 65.0862
10.000000000000000 0.50000000000000000 81.7386
10.000000000000000 0.60000002384185791 107.475
10.000000000000000 0.69999998807907104 128.932
10.000000000000000 0.80000001192092896 145.937
10.000000000000000 0.89999997615814209 161.719
10.000000000000000 1.0000000000000000 181.799
10.000000000000000 1.1000000238418579 206.349
10.000000000000000 1.2000000476837158 233.31
10.000000000000000 1.2999999523162842 266.111
10.000000000000000 1.3999999761581421 301.202
10.000000000000000 1.5000000000000000 334.695
10.000000000000000 1.6000000238418579 366.145
10.000000000000000 1.7000000476837158 392.531
10.000000000000000 1.7999999523162842 412.132
10.000000000000000 1.8999999761581421 428.886
10.000000000000000 2.0000000000000000 441.427

15.000000000000000 0.0000000000000000 0.975319
15.000000000000000 0.10000000149011612 18.4229
15.000000000000000 0.20000000298023224 34.5984
15.000000000000000 0.30000001192092896 48.9286
15.000000000000000 0.40000000596046448 65.762
15.000000000000000 0.50000000000000000 82.3797
15.000000000000000 0.60000002384185791 108.236
15.000000000000000 0.69999998807907104 129.803
15.000000000000000 0.80000001192092896 146.705
15.000000000000000 0.89999997615814209 162.518
15.000000000000000 1.0000000000000000 182.608
15.000000000000000 1.1000000238418579 207.376
15.000000000000000 1.2000000476837158 234.515
15.000000000000000 1.2999999523162842 267.627
15.000000000000000 1.3999999761581421 302.783
15.000000000000000 1.5000000000000000 336.459
15.000000000000000 1.6000000238418579 367.939
15.000000000000000 1.7000000476837158 393.89
15.000000000000000 1.7999999523162842 413.682
15.000000000000000 1.8999999761581421 429.969
15.000000000000000 2.0000000000000000 442.474

20.000000000000000 0.0000000000000000 0.679009
20.000000000000000 0.10000000149011612 18.4393
20.000000000000000 0.20000000298023224 34.6211
20.000000000000000 0.30000001192092896 48.9421
20.000000000000000 0.40000000596046448 65.7871
20.000000000000000 0.50000000000000000 82.4066
20.000000000000000 0.60000002384185791 108.264
20.000000000000000 0.69999998807907104 129.808
20.000000000000000 0.80000001192092896 146.721
20.000000000000000 0.89999997615814209 162.549
20.000000000000000 1.0000000000000000 182.63
20.000000000000000 1.1000000238418579 207.432
20.000000000000000 1.2000000476837158 234.519
20.000000000000000 1.2999999523162842 267.653
20.000000000000000 1.3999999761581421 302.844
20.000000000000000 1.5000000000000000 336.535
20.000000000000000 1.6000000238418579 368.047
20.000000000000000 1.7000000476837158 393.923
20.000000000000000 1.7999999523162842 413.729
20.000000000000000 1.8999999761581421 429.978
20.000000000000000 2.0000000000000000 442.487

