# XXZ chain with NNN perturbation
# L = 28, S_z^tot = 0, J = 1, Delta = 0.5, g = 0.15
# Time dependence of normalized energy current autocorrelation function
# Fitted by 0.68*exp(-0.0053*x)
# t, C_kappa(t)

0.000000000000000000e+00 1.000000000000000000e+00
1.000000000000000000e+00 9.949465267635383414e-01
2.000000000000000000e+00 9.846873293243464387e-01
3.000000000000000000e+00 9.732749937327587197e-01
4.000000000000000000e+00 9.616888557944051064e-01
5.000000000000000000e+00 9.508376955977104750e-01
6.000000000000000000e+00 9.408235185619144847e-01
7.000000000000000000e+00 9.314421647630474199e-01
8.000000000000000000e+00 9.225094775911317768e-01
9.000000000000000000e+00 9.138914792383708852e-01
1.000000000000000000e+01 9.055041449027354528e-01
1.100000000000000000e+01 8.972948270544270910e-01
1.200000000000000000e+01 8.892325083860129764e-01
1.300000000000000000e+01 8.812991541811663332e-01
1.400000000000000000e+01 8.734830536345977725e-01
1.500000000000000000e+01 8.657773511595995286e-01
1.600000000000000000e+01 8.581804740371650198e-01
1.700000000000000000e+01 8.506910747308572551e-01
1.800000000000000000e+01 8.433060231358323611e-01
1.900000000000000000e+01 8.360216577532270099e-01
2.000000000000000000e+01 8.288397834537987174e-01
2.100000000000000000e+01 8.217635039774751071e-01
2.200000000000000000e+01 8.147948547108774253e-01
2.300000000000000000e+01 8.079374907980519938e-01
2.400000000000000000e+01 8.011921831534899452e-01
2.500000000000000000e+01 7.945580347903558049e-01
2.600000000000000000e+01 7.880323903676089703e-01
2.700000000000000000e+01 7.816087566239962037e-01
2.800000000000000000e+01 7.752798824409267153e-01
2.900000000000000000e+01 7.690399169251356248e-01
3.000000000000000000e+01 7.628827075972943739e-01
3.100000000000000000e+01 7.568052289626020501e-01
3.200000000000000000e+01 7.508041992234493200e-01
3.300000000000000000e+01 7.448755938584512570e-01
3.400000000000000000e+01 7.390180386858322681e-01
3.500000000000000000e+01 7.332314819804042205e-01
3.600000000000000000e+01 7.275140097890357982e-01
3.700000000000000000e+01 7.218632930175412632e-01
3.800000000000000000e+01 7.162787209350515161e-01
3.900000000000000000e+01 7.107587719893333489e-01
4.000000000000000000e+01 7.053020998965308097e-01
4.100000000000000000e+01 6.999094025701112498e-01
4.200000000000000000e+01 6.945805812175359639e-01
4.300000000000000000e+01 6.893133221229970076e-01
4.400000000000000000e+01 6.841065545918887381e-01
4.500000000000000000e+01 6.789589456917543009e-01
4.600000000000000000e+01 6.738681221216474837e-01
4.700000000000000000e+01 6.688322873445704531e-01
4.800000000000000000e+01 6.638514078577882893e-01
4.900000000000000000e+01 6.589261838707688446e-01
5.000000000000000000e+01 6.540562935460825233e-01
5.100000000000000000e+01 6.492417055928315639e-01
5.200000000000000000e+01 6.444808865478887094e-01
5.300000000000000000e+01 6.397701103044806104e-01
5.400000000000000000e+01 6.351084223910637983e-01
5.500000000000000000e+01 6.304950275887152289e-01
5.600000000000000000e+01 6.259272955161274687e-01
5.700000000000000000e+01 6.214044686643558357e-01
5.800000000000000000e+01 6.169254931223535632e-01
5.900000000000000000e+01 6.124887229530689980e-01
6.000000000000000000e+01 6.080949484317039744e-01
6.100000000000000000e+01 6.037461977706386484e-01
6.200000000000000000e+01 5.994412995009612555e-01
6.300000000000000000e+01 5.951791240776641567e-01
6.400000000000000000e+01 5.909599316845030037e-01
6.500000000000000000e+01 5.867812474431396419e-01
6.600000000000000000e+01 5.826410524154195247e-01
6.700000000000000000e+01 5.785381420411659370e-01
6.800000000000000000e+01 5.744701709866720796e-01
6.900000000000000000e+01 5.704382720421072861e-01
7.000000000000000000e+01 5.664442183717809387e-01
7.100000000000000000e+01 5.624876735630219837e-01
7.200000000000000000e+01 5.585687157490799581e-01
7.300000000000000000e+01 5.546848336127175871e-01
7.400000000000000000e+01 5.508342331039075557e-01
7.500000000000000000e+01 5.470182355730019985e-01
7.600000000000000000e+01 5.432388959327563160e-01
7.700000000000000000e+01 5.394952175794990312e-01
7.800000000000000000e+01 5.357861320307054642e-01
7.900000000000000000e+01 5.321113437190128082e-01
8.000000000000000000e+01 5.284702726198226008e-01
8.100000000000000000e+01 5.248621104324350251e-01
8.200000000000000000e+01 5.212873235470826261e-01
8.300000000000000000e+01 5.177436253457691206e-01
8.400000000000000000e+01 5.142304569951129389e-01
8.500000000000000000e+01 5.107493457107605828e-01
8.600000000000000000e+01 5.072990426139259990e-01
8.700000000000000000e+01 5.038801859979982201e-01
8.800000000000000000e+01 5.004911071973867642e-01
8.900000000000000000e+01 4.971288607948297078e-01
9.000000000000000000e+01 4.937948010526715392e-01
9.100000000000000000e+01 4.904896793298297308e-01
9.200000000000000000e+01 4.872120145874487829e-01
9.300000000000000000e+01 4.839630198419509477e-01
9.400000000000000000e+01 4.807438715701407017e-01
9.500000000000000000e+01 4.775526469515687378e-01
9.600000000000000000e+01 4.743870074714460761e-01
9.700000000000000000e+01 4.712464433288905408e-01
9.800000000000000000e+01 4.681311070553052511e-01
9.900000000000000000e+01 4.650386691562271579e-01
1.000000000000000000e+02 4.619685447015354218e-01
1.010000000000000000e+02 4.589211968740116721e-01
1.020000000000000000e+02 4.558979775879080654e-01
1.030000000000000000e+02 4.528993964125436200e-01
1.040000000000000000e+02 4.499246257992959852e-01
1.050000000000000000e+02 4.469751618817990324e-01
1.060000000000000000e+02 4.440502750964101519e-01
1.070000000000000000e+02 4.411490806896384287e-01
1.080000000000000000e+02 4.382720890944946657e-01
1.090000000000000000e+02 4.354200314729114729e-01
1.100000000000000000e+02 4.325937477930152930e-01
1.110000000000000000e+02 4.297924817518107288e-01
1.120000000000000000e+02 4.270144473374883898e-01
1.130000000000000000e+02 4.242566827210380032e-01
1.140000000000000000e+02 4.215195547194707237e-01
1.150000000000000000e+02 4.188044888407705946e-01
1.160000000000000000e+02 4.161112892936186247e-01
1.170000000000000000e+02 4.134398058195462022e-01
1.180000000000000000e+02 4.107898442519885562e-01
1.190000000000000000e+02 4.081620979845443919e-01
1.200000000000000000e+02 4.055563746744886844e-01
1.210000000000000000e+02 4.029715426198489103e-01
1.220000000000000000e+02 4.004089610591289317e-01
1.230000000000000000e+02 3.978688688558275066e-01
1.240000000000000000e+02 3.953491644863673660e-01
1.250000000000000000e+02 3.928483309549123947e-01
1.260000000000000000e+02 3.903648450725065167e-01
1.270000000000000000e+02 3.878980257187271685e-01
1.280000000000000000e+02 3.854488748883894145e-01
1.290000000000000000e+02 3.830177796588212225e-01
1.300000000000000000e+02 3.806036646439771576e-01
1.310000000000000000e+02 3.782063355272406446e-01
1.320000000000000000e+02 3.758261163312772712e-01
1.330000000000000000e+02 3.734632257219762663e-01
1.340000000000000000e+02 3.711176753617295154e-01
1.350000000000000000e+02 3.687896072276355408e-01
1.360000000000000000e+02 3.664794859659634141e-01
1.370000000000000000e+02 3.641874376416338044e-01
1.380000000000000000e+02 3.619142589481382233e-01
1.390000000000000000e+02 3.596603117541755656e-01
1.400000000000000000e+02 3.574247771964734754e-01
1.410000000000000000e+02 3.552062698201866597e-01
1.420000000000000000e+02 3.530033203149396392e-01
1.430000000000000000e+02 3.508154119843374108e-01
1.440000000000000000e+02 3.486417135822229563e-01
1.450000000000000000e+02 3.464803126967712643e-01
1.460000000000000000e+02 3.443315765199023160e-01
1.470000000000000000e+02 3.421973648234783449e-01
1.480000000000000000e+02 3.400797657019434261e-01
1.490000000000000000e+02 3.379801753532266639e-01
1.500000000000000000e+02 3.358984861641820530e-01
1.510000000000000000e+02 3.338338330650724162e-01
1.520000000000000000e+02 3.317835184101604051e-01
1.530000000000000000e+02 3.297465000804384316e-01
1.540000000000000000e+02 3.277212710405406071e-01
1.550000000000000000e+02 3.257052595367049830e-01
1.560000000000000000e+02 3.236994534163410986e-01
1.570000000000000000e+02 3.217077775760707192e-01
1.580000000000000000e+02 3.197300607085253321e-01
1.590000000000000000e+02 3.177663464105525692e-01
1.600000000000000000e+02 3.158174988623047019e-01
1.610000000000000000e+02 3.138838117829909624e-01
1.620000000000000000e+02 3.119659836633337791e-01
1.630000000000000000e+02 3.100644523357726223e-01
1.640000000000000000e+02 3.081796604646575011e-01
1.650000000000000000e+02 3.063101769756479409e-01
1.660000000000000000e+02 3.044546461886878386e-01
1.670000000000000000e+02 3.026118446666481998e-01
1.680000000000000000e+02 3.007804261108024679e-01
1.690000000000000000e+02 2.989610474655621797e-01
1.700000000000000000e+02 2.971554901416292305e-01
1.710000000000000000e+02 2.953639803104303740e-01
1.720000000000000000e+02 2.935859490818774620e-01
1.730000000000000000e+02 2.918225135684076599e-01
1.740000000000000000e+02 2.900745801147939229e-01
1.750000000000000000e+02 2.883418468449516214e-01
1.760000000000000000e+02 2.866235453945423783e-01
1.770000000000000000e+02 2.849185749319544936e-01
1.780000000000000000e+02 2.832250582388900484e-01
1.790000000000000000e+02 2.815414870216720322e-01
1.800000000000000000e+02 2.798664133467522186e-01
1.810000000000000000e+02 2.782001567036860301e-01
1.820000000000000000e+02 2.765448076280405121e-01
1.830000000000000000e+02 2.749010352814285074e-01
1.840000000000000000e+02 2.732694796682845761e-01
1.850000000000000000e+02 2.716498924407663718e-01
1.860000000000000000e+02 2.700420505154295103e-01
1.870000000000000000e+02 2.684472048174261771e-01
1.880000000000000000e+02 2.668640673569613320e-01
1.890000000000000000e+02 2.652915835205448269e-01
1.900000000000000000e+02 2.637298744042212428e-01
1.910000000000000000e+02 2.621783353282090001e-01
1.920000000000000000e+02 2.606371474228082463e-01
1.930000000000000000e+02 2.591071906224199917e-01
1.940000000000000000e+02 2.575884711026525387e-01
1.950000000000000000e+02 2.560791596417938409e-01
1.960000000000000000e+02 2.545779330399665086e-01
1.970000000000000000e+02 2.530853015532076866e-01
1.980000000000000000e+02 2.516006005859576788e-01
1.990000000000000000e+02 2.501234536246040308e-01
2.000000000000000000e+02 2.486556313490635439e-01
2.010000000000000000e+02 2.471979913713324706e-01
2.020000000000000000e+02 2.457499356296166115e-01
2.030000000000000000e+02 2.443115083128100107e-01
2.040000000000000000e+02 2.428832853862859520e-01
2.050000000000000000e+02 2.414654082750818664e-01
2.060000000000000000e+02 2.400582311221925724e-01
2.070000000000000000e+02 2.386611208394507355e-01
2.080000000000000000e+02 2.372720113998660063e-01
2.090000000000000000e+02 2.358888309931717886e-01
2.100000000000000000e+02 2.345117425493011554e-01
2.110000000000000000e+02 2.331412758683559516e-01
2.120000000000000000e+02 2.317776673482208893e-01
2.130000000000000000e+02 2.304223655597135434e-01
2.140000000000000000e+02 2.290776299324717435e-01
2.150000000000000000e+02 2.277445682894075618e-01
2.160000000000000000e+02 2.264218416585416782e-01
2.170000000000000000e+02 2.251093553799357883e-01
2.180000000000000000e+02 2.238063838592998789e-01
2.190000000000000000e+02 2.225129215462644805e-01
2.200000000000000000e+02 2.212282817646341326e-01
2.210000000000000000e+02 2.199519257769537162e-01
2.220000000000000000e+02 2.186845989488125364e-01
2.230000000000000000e+02 2.174267466967734486e-01
2.240000000000000000e+02 2.161777602544653065e-01
2.250000000000000000e+02 2.149370109316246502e-01
2.260000000000000000e+02 2.137042495764525929e-01
2.270000000000000000e+02 2.124783513183370331e-01
2.280000000000000000e+02 2.112588743242266032e-01
2.290000000000000000e+02 2.100456226594807907e-01
2.300000000000000000e+02 2.088385384396336530e-01
2.310000000000000000e+02 2.076375062665544446e-01
2.320000000000000000e+02 2.064432640495569571e-01
2.330000000000000000e+02 2.052574204750775289e-01
2.340000000000000000e+02 2.040798284574729948e-01
2.350000000000000000e+02 2.029107236178507023e-01
2.360000000000000000e+02 2.017497547789418033e-01
2.370000000000000000e+02 2.005962422645767573e-01
2.380000000000000000e+02 1.994504071424504088e-01
2.390000000000000000e+02 1.983127270751465498e-01
2.400000000000000000e+02 1.971835963974510886e-01
2.410000000000000000e+02 1.960627152941009921e-01
2.420000000000000000e+02 1.949494422857764309e-01
2.430000000000000000e+02 1.938428799243538669e-01
2.440000000000000000e+02 1.927424024507094213e-01
2.450000000000000000e+02 1.916468322131989477e-01
2.460000000000000000e+02 1.905552931226243418e-01
2.470000000000000000e+02 1.894676697227188344e-01
2.480000000000000000e+02 1.883845369874533604e-01
2.490000000000000000e+02 1.873079273926248067e-01
2.500000000000000000e+02 1.862406917460291966e-01
2.510000000000000000e+02 1.851834325322667396e-01
2.520000000000000000e+02 1.841358050417315761e-01
2.530000000000000000e+02 1.830956208661866924e-01
2.540000000000000000e+02 1.820609732826024008e-01
2.550000000000000000e+02 1.810314353688288191e-01
2.560000000000000000e+02 1.800055021211425244e-01
2.570000000000000000e+02 1.789823832953634508e-01
2.580000000000000000e+02 1.779642196159429979e-01
2.590000000000000000e+02 1.769523843795577089e-01
2.600000000000000000e+02 1.759467033552571391e-01
2.610000000000000000e+02 1.749472549608760696e-01
2.620000000000000000e+02 1.739555014568731350e-01
2.630000000000000000e+02 1.729719486152931918e-01
2.640000000000000000e+02 1.719951503702122908e-01
2.650000000000000000e+02 1.710246122332718388e-01
2.660000000000000000e+02 1.700598313044714982e-01
2.670000000000000000e+02 1.691026650464132197e-01
2.680000000000000000e+02 1.681522950960767093e-01
2.690000000000000000e+02 1.672068052519983805e-01
2.700000000000000000e+02 1.662673136040318245e-01
2.710000000000000000e+02 1.653327992536558211e-01
2.720000000000000000e+02 1.644033839759585780e-01
2.730000000000000000e+02 1.634812548359532713e-01
2.740000000000000000e+02 1.625669910419310082e-01
2.750000000000000000e+02 1.616601624736507814e-01
2.760000000000000000e+02 1.607602691134360218e-01
2.770000000000000000e+02 1.598670858122852312e-01
2.780000000000000000e+02 1.589795989292417389e-01
2.790000000000000000e+02 1.580976225737744933e-01
2.800000000000000000e+02 1.572219512180219325e-01
2.810000000000000000e+02 1.563518345000126097e-01
2.820000000000000000e+02 1.554871449760518165e-01
2.830000000000000000e+02 1.546287859118844477e-01
2.840000000000000000e+02 1.537770147447895530e-01
2.850000000000000000e+02 1.529315999622116728e-01
2.860000000000000000e+02 1.520916342953131661e-01
2.870000000000000000e+02 1.512555979269292472e-01
2.880000000000000000e+02 1.504237077456558325e-01
2.890000000000000000e+02 1.495965130831988787e-01
2.900000000000000000e+02 1.487731479065304840e-01
2.910000000000000000e+02 1.479543516737769349e-01
2.920000000000000000e+02 1.471411965489769214e-01
2.930000000000000000e+02 1.463345990523667872e-01
2.940000000000000000e+02 1.455344014902338889e-01
2.950000000000000000e+02 1.447389161341722519e-01
2.960000000000000000e+02 1.439464053877943239e-01
2.970000000000000000e+02 1.431572237001277059e-01
2.980000000000000000e+02 1.423711616703209892e-01
2.990000000000000000e+02 1.415879452880749179e-01
3.000000000000000000e+02 1.408080948481198469e-01
3.010000000000000000e+02 1.400320525947820471e-01
3.020000000000000000e+02 1.392619007799852926e-01
3.030000000000000000e+02 1.384980843776768833e-01
3.040000000000000000e+02 1.377399198548904802e-01
3.050000000000000000e+02 1.369873266865151706e-01
3.060000000000000000e+02 1.362395299930850845e-01
3.070000000000000000e+02 1.354968183147488014e-01
3.080000000000000000e+02 1.347598949940770063e-01
3.090000000000000000e+02 1.340271604606642908e-01
3.100000000000000000e+02 1.332978713832896345e-01
3.110000000000000000e+02 1.325731463536286570e-01
3.120000000000000000e+02 1.318530785294305119e-01
3.130000000000000000e+02 1.311347497940013040e-01
3.140000000000000000e+02 1.304174301743878384e-01
3.150000000000000000e+02 1.297030706364552255e-01
3.160000000000000000e+02 1.289911776969802915e-01
3.170000000000000000e+02 1.282826940080878386e-01
3.180000000000000000e+02 1.275805133690692816e-01
3.190000000000000000e+02 1.268845925490665605e-01
3.200000000000000000e+02 1.261938679807265984e-01
3.210000000000000000e+02 1.255062341118070024e-01
3.220000000000000000e+02 1.248207013807997590e-01
3.230000000000000000e+02 1.241383911374154270e-01
3.240000000000000000e+02 1.234614390629021063e-01
3.250000000000000000e+02 1.227909188705294669e-01
3.260000000000000000e+02 1.221265791623955960e-01
3.270000000000000000e+02 1.214665558618193003e-01
3.280000000000000000e+02 1.208100557788841789e-01
3.290000000000000000e+02 1.201561548337465729e-01
3.300000000000000000e+02 1.195044140686138262e-01
3.310000000000000000e+02 1.188554814101665386e-01
3.320000000000000000e+02 1.182098347378726239e-01
3.330000000000000000e+02 1.175676850766719794e-01
3.340000000000000000e+02 1.169300915333981450e-01
3.350000000000000000e+02 1.162966649889513454e-01
3.360000000000000000e+02 1.156660332946410352e-01
3.370000000000000000e+02 1.150403493931713983e-01
3.380000000000000000e+02 1.144202254670641516e-01
3.390000000000000000e+02 1.138043108167706291e-01
3.400000000000000000e+02 1.131905751387670411e-01
3.410000000000000000e+02 1.125786966698195113e-01
3.420000000000000000e+02 1.119684593947411627e-01
3.430000000000000000e+02 1.113602690139399026e-01
3.440000000000000000e+02 1.107538768962647580e-01
3.450000000000000000e+02 1.101496220053326952e-01
3.460000000000000000e+02 1.095500870392715903e-01
3.470000000000000000e+02 1.089567287974522042e-01
3.480000000000000000e+02 1.083697919675677968e-01
3.490000000000000000e+02 1.077888973749584478e-01
3.500000000000000000e+02 1.072138023314184174e-01
3.510000000000000000e+02 1.066427588278664601e-01
3.520000000000000000e+02 1.060741783263469129e-01
3.530000000000000000e+02 1.055076371854669487e-01
3.540000000000000000e+02 1.049432342204429658e-01
3.550000000000000000e+02 1.043812422634380344e-01
3.560000000000000000e+02 1.038212975135851673e-01
3.570000000000000000e+02 1.032633748851679162e-01
3.580000000000000000e+02 1.027071674309783106e-01
3.590000000000000000e+02 1.021522735154223871e-01
3.600000000000000000e+02 1.015989225243692368e-01
3.610000000000000000e+02 1.010466779852463859e-01
3.620000000000000000e+02 1.004963093942822100e-01
3.630000000000000000e+02 9.994884111339714938e-02
3.640000000000000000e+02 9.940484527760251598e-02
3.650000000000000000e+02 9.886603513255770581e-02
3.660000000000000000e+02 9.833218540269465791e-02
3.670000000000000000e+02 9.780066577686234719e-02
3.680000000000000000e+02 9.727191424803509345e-02
3.690000000000000000e+02 9.674772052586903814e-02
3.700000000000000000e+02 9.622770801119183426e-02
3.710000000000000000e+02 9.571060788478456816e-02
3.720000000000000000e+02 9.519776807995462831e-02
3.730000000000000000e+02 9.468876786239552312e-02
3.740000000000000000e+02 9.418159475734545760e-02
3.750000000000000000e+02 9.367658718760257797e-02
3.760000000000000000e+02 9.317460458908391474e-02
3.770000000000000000e+02 9.267563818006775700e-02
3.780000000000000000e+02 9.217964159476789432e-02
3.790000000000000000e+02 9.168717477190829745e-02
3.800000000000000000e+02 9.119968781093325261e-02
3.810000000000000000e+02 9.071623185868356309e-02
3.820000000000000000e+02 9.023495525452840393e-02
3.830000000000000000e+02 8.975476036618858233e-02
3.840000000000000000e+02 8.927714513945327057e-02
3.850000000000000000e+02 8.880441665748164959e-02
3.860000000000000000e+02 8.833645395896098929e-02
3.870000000000000000e+02 8.787193236529278195e-02
3.880000000000000000e+02 8.740954345539175829e-02
3.890000000000000000e+02 8.694853810312107301e-02
3.900000000000000000e+02 8.648834523202757196e-02
3.910000000000000000e+02 8.602861497331804053e-02
3.920000000000000000e+02 8.556875214667319929e-02
3.930000000000000000e+02 8.510931239522392944e-02
3.940000000000000000e+02 8.465246524117742144e-02
3.950000000000000000e+02 8.419812800270159991e-02
3.960000000000000000e+02 8.374735074751409047e-02
3.970000000000000000e+02 8.330169866246470156e-02
3.980000000000000000e+02 8.286076131724189053e-02
3.990000000000000000e+02 8.242250006262066830e-02
4.000000000000000000e+02 8.198486583714950648e-02
4.010000000000000000e+02 8.154797083355631859e-02
4.020000000000000000e+02 8.111291320830363305e-02
4.030000000000000000e+02 8.068040769683607061e-02
4.040000000000000000e+02 8.025154675729348486e-02
4.050000000000000000e+02 7.982615764027192751e-02
4.060000000000000000e+02 7.940268788049423265e-02
4.070000000000000000e+02 7.898014251844785727e-02
4.080000000000000000e+02 7.855909529537799529e-02
4.090000000000000000e+02 7.814028671431427764e-02
4.100000000000000000e+02 7.772453836944724637e-02
4.110000000000000000e+02 7.731204927353421685e-02
4.120000000000000000e+02 7.690186244656997683e-02
4.130000000000000000e+02 7.649244358290217816e-02
4.140000000000000000e+02 7.608469524006948592e-02
4.150000000000000000e+02 7.567872686741609900e-02
4.160000000000000000e+02 7.527412862757298928e-02
4.170000000000000000e+02 7.487175383300083420e-02
4.180000000000000000e+02 7.447241238089549742e-02
4.190000000000000000e+02 7.407783439420335958e-02
4.200000000000000000e+02 7.368596188244025402e-02
4.210000000000000000e+02 7.329566872403849020e-02
4.220000000000000000e+02 7.290724114163474323e-02
4.230000000000000000e+02 7.252097920251295016e-02
4.240000000000000000e+02 7.213711780099767157e-02
4.250000000000000000e+02 7.175441636534574119e-02
4.260000000000000000e+02 7.137300966794372925e-02
4.270000000000000000e+02 7.099419276865087669e-02
4.280000000000000000e+02 7.061936427859713539e-02
4.290000000000000000e+02 7.024850852503038146e-02
4.300000000000000000e+02 6.988136778075722255e-02
4.310000000000000000e+02 6.951817429082994548e-02
4.320000000000000000e+02 6.915788507952319586e-02
4.330000000000000000e+02 6.879823066697100808e-02
4.340000000000000000e+02 6.843822381128333854e-02
4.350000000000000000e+02 6.807841980240204871e-02
4.360000000000000000e+02 6.772031585899669637e-02
4.370000000000000000e+02 6.736379743506146212e-02
4.380000000000000000e+02 6.700730784597978829e-02
4.390000000000000000e+02 6.665157106884669891e-02
4.400000000000000000e+02 6.629733098833333338e-02
4.410000000000000000e+02 6.594509613584484398e-02
4.420000000000000000e+02 6.559423184368941284e-02
4.430000000000000000e+02 6.524394796885538139e-02
4.440000000000000000e+02 6.489474579963575018e-02
4.450000000000000000e+02 6.454677660780347437e-02
4.460000000000000000e+02 6.420137304245082666e-02
4.470000000000000000e+02 6.385726784820047741e-02
4.480000000000000000e+02 6.351393905125796158e-02
4.490000000000000000e+02 6.317144443222084960e-02
4.500000000000000000e+02 6.282988318702267816e-02
4.510000000000000000e+02 6.248946967611879871e-02
4.520000000000000000e+02 6.215028128967124005e-02
4.530000000000000000e+02 6.181259390105284940e-02
4.540000000000000000e+02 6.147680806873800918e-02
4.550000000000000000e+02 6.114142139919948038e-02
4.560000000000000000e+02 6.080654040832288165e-02
4.570000000000000000e+02 6.047432231942084097e-02
4.580000000000000000e+02 6.014473107217525871e-02
4.590000000000000000e+02 5.981781294854626729e-02
4.600000000000000000e+02 5.949394508713776175e-02
4.610000000000000000e+02 5.917215458805363815e-02
4.620000000000000000e+02 5.885176359913707467e-02
4.630000000000000000e+02 5.853325301261559643e-02
4.640000000000000000e+02 5.821850594831728259e-02
4.650000000000000000e+02 5.790799063475780134e-02
4.660000000000000000e+02 5.760006805134834651e-02
4.670000000000000000e+02 5.729446418029632976e-02
4.680000000000000000e+02 5.699085530167126434e-02
4.690000000000000000e+02 5.668919265226629589e-02
4.700000000000000000e+02 5.638940978020116901e-02
4.710000000000000000e+02 5.609159147743226353e-02
4.720000000000000000e+02 5.579549809593271903e-02
4.730000000000000000e+02 5.550234896485776309e-02
4.740000000000000000e+02 5.521212610245129770e-02
4.750000000000000000e+02 5.492319271534483460e-02
4.760000000000000000e+02 5.463683244346682899e-02
4.770000000000000000e+02 5.435404380682060804e-02
4.780000000000000000e+02 5.407610982212696787e-02
4.790000000000000000e+02 5.380166184423437054e-02
4.800000000000000000e+02 5.352916701920597958e-02
4.810000000000000000e+02 5.325892731668754182e-02
4.820000000000000000e+02 5.299049094194584197e-02
4.830000000000000000e+02 5.272156823638739220e-02
4.840000000000000000e+02 5.245240062626992800e-02
4.850000000000000000e+02 5.218329131449447184e-02
4.860000000000000000e+02 5.191278126183553748e-02
4.870000000000000000e+02 5.164245582307462612e-02
4.880000000000000000e+02 5.137400057764261729e-02
4.890000000000000000e+02 5.110865133843167651e-02
4.900000000000000000e+02 5.084710318610181218e-02
4.910000000000000000e+02 5.058782460380283758e-02
4.920000000000000000e+02 5.032949615057551868e-02
4.930000000000000000e+02 5.007189357709389277e-02
4.940000000000000000e+02 4.981571246068569603e-02
4.950000000000000000e+02 4.956234980243927335e-02
4.960000000000000000e+02 4.931139403243108704e-02
4.970000000000000000e+02 4.906377110741590164e-02
4.980000000000000000e+02 4.882052585744735967e-02
4.990000000000000000e+02 4.858025024417354787e-02
5.000000000000000000e+02 4.834176306054212280e-02
5.010000000000000000e+02 4.810402211463286198e-02
5.020000000000000000e+02 4.786602495510840910e-02
5.030000000000000000e+02 4.762852770392051599e-02
5.040000000000000000e+02 4.739160214958103301e-02
5.050000000000000000e+02 4.715381506760648461e-02
5.060000000000000000e+02 4.691548014651970855e-02
5.070000000000000000e+02 4.667769780347600511e-02
5.080000000000000000e+02 4.644055653442968890e-02
5.090000000000000000e+02 4.620428350299213976e-02
5.100000000000000000e+02 4.596976101019911026e-02
5.110000000000000000e+02 4.573660705291614920e-02
5.120000000000000000e+02 4.550402594643843807e-02
5.130000000000000000e+02 4.527275546589292626e-02
5.140000000000000000e+02 4.504337649772219287e-02
5.150000000000000000e+02 4.481569203133172613e-02
5.160000000000000000e+02 4.459001175677142909e-02
5.170000000000000000e+02 4.436725586199340154e-02
5.180000000000000000e+02 4.414595575491766372e-02
5.190000000000000000e+02 4.392490318121008291e-02
5.200000000000000000e+02 4.370621522762369038e-02
5.210000000000000000e+02 4.348929140827346301e-02
5.220000000000000000e+02 4.327285054478632875e-02
5.230000000000000000e+02 4.305731661020213014e-02
5.240000000000000000e+02 4.284285668329614744e-02
5.250000000000000000e+02 4.262822305426097053e-02
5.260000000000000000e+02 4.241451398717017984e-02
5.270000000000000000e+02 4.220456725045710483e-02
5.280000000000000000e+02 4.199877850481686242e-02
5.290000000000000000e+02 4.179482703460173781e-02
5.300000000000000000e+02 4.159162267233298960e-02
5.310000000000000000e+02 4.138877780939217987e-02
5.320000000000000000e+02 4.118624920912750814e-02
5.330000000000000000e+02 4.098485353253366464e-02
5.340000000000000000e+02 4.078459679252575965e-02
5.350000000000000000e+02 4.058422659392984383e-02
5.360000000000000000e+02 4.038381107061411041e-02
5.370000000000000000e+02 4.018344225224434324e-02
5.380000000000000000e+02 3.998265376126059617e-02
5.390000000000000000e+02 3.978258680739912845e-02
5.400000000000000000e+02 3.958388553882964678e-02
5.410000000000000000e+02 3.938683991197500234e-02
5.420000000000000000e+02 3.919165188929788629e-02
5.430000000000000000e+02 3.899796695135809149e-02
5.440000000000000000e+02 3.880567233960988127e-02
5.450000000000000000e+02 3.861503456829502856e-02
5.460000000000000000e+02 3.842684526425372421e-02
5.470000000000000000e+02 3.824062142723237689e-02
5.480000000000000000e+02 3.805659336364728557e-02
5.490000000000000000e+02 3.787416430445744026e-02
5.500000000000000000e+02 3.769275806892951469e-02
5.510000000000000000e+02 3.751106215631039992e-02
5.520000000000000000e+02 3.732683790530140489e-02
5.530000000000000000e+02 3.714132128742644867e-02
5.540000000000000000e+02 3.695632924403422642e-02
5.550000000000000000e+02 3.677322394807507749e-02
5.560000000000000000e+02 3.659268749797299491e-02
5.570000000000000000e+02 3.641340988416914143e-02
5.580000000000000000e+02 3.623513493692745446e-02
5.590000000000000000e+02 3.605800057679049708e-02
5.600000000000000000e+02 3.588285130011424628e-02
5.610000000000000000e+02 3.570917946823636002e-02
5.620000000000000000e+02 3.553642037192073638e-02
5.630000000000000000e+02 3.536496170443968745e-02
5.640000000000000000e+02 3.519406883003464021e-02
5.650000000000000000e+02 3.502443539427153862e-02
5.660000000000000000e+02 3.485416010868419567e-02
5.670000000000000000e+02 3.468311755180347733e-02
5.680000000000000000e+02 3.451177191346563311e-02
5.690000000000000000e+02 3.433920569236378201e-02
5.700000000000000000e+02 3.416633857300270527e-02
5.710000000000000000e+02 3.399488285281589833e-02
5.720000000000000000e+02 3.382713799868654336e-02
5.730000000000000000e+02 3.366356889885642467e-02
5.740000000000000000e+02 3.350290343224716222e-02
5.750000000000000000e+02 3.334412808777454523e-02
5.760000000000000000e+02 3.318709845549645820e-02
5.770000000000000000e+02 3.303097178828951624e-02
5.780000000000000000e+02 3.287436116477813336e-02
5.790000000000000000e+02 3.271646188839956448e-02
5.800000000000000000e+02 3.255581014798876460e-02
5.810000000000000000e+02 3.239428193625381452e-02
5.820000000000000000e+02 3.223191235979631225e-02
5.830000000000000000e+02 3.206825880123147926e-02
5.840000000000000000e+02 3.190463525179527970e-02
5.850000000000000000e+02 3.174143978042597014e-02
5.860000000000000000e+02 3.157859972971763934e-02
5.870000000000000000e+02 3.141663873818207470e-02
5.880000000000000000e+02 3.125666303911222438e-02
5.890000000000000000e+02 3.109957240907496034e-02
5.900000000000000000e+02 3.094340848783747738e-02
5.910000000000000000e+02 3.078686931532331403e-02
5.920000000000000000e+02 3.062976199904257971e-02
5.930000000000000000e+02 3.047214118033220523e-02
5.940000000000000000e+02 3.031465119159066149e-02
5.950000000000000000e+02 3.015908411962075347e-02
5.960000000000000000e+02 3.000676588049623963e-02
5.970000000000000000e+02 2.985750371668590211e-02
5.980000000000000000e+02 2.970944969086708465e-02
5.990000000000000000e+02 2.956137428661219368e-02
6.000000000000000000e+02 2.941313054651815972e-02
6.010000000000000000e+02 2.926539907688200520e-02
6.020000000000000000e+02 2.911929330329774204e-02
6.030000000000000000e+02 2.897289888642435446e-02
6.040000000000000000e+02 2.882531005975859720e-02
6.050000000000000000e+02 2.867785281460992139e-02
6.060000000000000000e+02 2.852963395381980655e-02
6.070000000000000000e+02 2.838138953808160003e-02
6.080000000000000000e+02 2.823336463658285625e-02
6.090000000000000000e+02 2.808531033714414121e-02
6.100000000000000000e+02 2.793862180792933830e-02
6.110000000000000000e+02 2.779251824690716008e-02
6.120000000000000000e+02 2.764545892444343622e-02
6.130000000000000000e+02 2.749674967525677499e-02
6.140000000000000000e+02 2.734618266553254934e-02
6.150000000000000000e+02 2.719461009461749887e-02
6.160000000000000000e+02 2.704351391904737806e-02
6.170000000000000000e+02 2.689463037731918207e-02
6.180000000000000000e+02 2.674861538489475485e-02
6.190000000000000000e+02 2.660571854108681120e-02
6.200000000000000000e+02 2.646532963895852075e-02
6.210000000000000000e+02 2.632478848687917067e-02
6.220000000000000000e+02 2.618287693398499080e-02
6.230000000000000000e+02 2.604216623168764330e-02
6.240000000000000000e+02 2.590141741475478210e-02
6.250000000000000000e+02 2.575823874608575148e-02
6.260000000000000000e+02 2.561252963921917258e-02
6.270000000000000000e+02 2.546607441981360576e-02
6.280000000000000000e+02 2.531995939430571607e-02
6.290000000000000000e+02 2.517517671703522336e-02
6.300000000000000000e+02 2.503377197061865123e-02
6.310000000000000000e+02 2.489573373329026160e-02
6.320000000000000000e+02 2.475911022808749418e-02
6.330000000000000000e+02 2.462246816259349921e-02
6.340000000000000000e+02 2.448622784321361281e-02
6.350000000000000000e+02 2.434900442777652996e-02
6.360000000000000000e+02 2.421106617980379669e-02
6.370000000000000000e+02 2.407350498791846136e-02
6.380000000000000000e+02 2.393605820908740328e-02
6.390000000000000000e+02 2.379867276424612460e-02
6.400000000000000000e+02 2.366306023066223202e-02
6.410000000000000000e+02 2.353037923000297557e-02
6.420000000000000000e+02 2.340058309800591499e-02
6.430000000000000000e+02 2.327299643374570667e-02
6.440000000000000000e+02 2.314615209874417226e-02
6.450000000000000000e+02 2.301895468534731135e-02
6.460000000000000000e+02 2.289086610840770919e-02
6.470000000000000000e+02 2.276141470606155015e-02
6.480000000000000000e+02 2.263086146932967099e-02
6.490000000000000000e+02 2.249846980535867916e-02
6.500000000000000000e+02 2.236304640897242985e-02
6.510000000000000000e+02 2.222659721982434000e-02
6.520000000000000000e+02 2.209046543570939228e-02
6.530000000000000000e+02 2.195559313515079922e-02
6.540000000000000000e+02 2.182317918440654717e-02
6.550000000000000000e+02 2.169167208442555200e-02
6.560000000000000000e+02 2.156092076292587256e-02
6.570000000000000000e+02 2.143119021070201413e-02
6.580000000000000000e+02 2.130295178320834246e-02
6.590000000000000000e+02 2.117731426278114323e-02
6.600000000000000000e+02 2.105484305669782369e-02
6.610000000000000000e+02 2.093488323060462009e-02
6.620000000000000000e+02 2.081671240560222305e-02
6.630000000000000000e+02 2.069981618441587082e-02
6.640000000000000000e+02 2.058201519928486156e-02
6.650000000000000000e+02 2.046134854587830162e-02
6.660000000000000000e+02 2.033892938647301196e-02
6.670000000000000000e+02 2.021559880784781077e-02
6.680000000000000000e+02 2.009238426594242566e-02
6.690000000000000000e+02 1.997163915550244362e-02
6.700000000000000000e+02 1.985439027405480270e-02
6.710000000000000000e+02 1.974080546098051087e-02
6.720000000000000000e+02 1.963130263345133283e-02
6.730000000000000000e+02 1.952519929980591623e-02
6.740000000000000000e+02 1.942111617097286649e-02
6.750000000000000000e+02 1.931690492751612920e-02
6.760000000000000000e+02 1.921200988544694704e-02
6.770000000000000000e+02 1.910620622949391750e-02
6.780000000000000000e+02 1.899944198260906242e-02
6.790000000000000000e+02 1.889290139167598345e-02
6.800000000000000000e+02 1.878791231847501408e-02
6.810000000000000000e+02 1.868576480563837600e-02
6.820000000000000000e+02 1.858669150192563541e-02
6.830000000000000000e+02 1.848894351722165860e-02
6.840000000000000000e+02 1.839058408700783298e-02
6.850000000000000000e+02 1.829188695496282088e-02
6.860000000000000000e+02 1.819302241074216217e-02
6.870000000000000000e+02 1.809394218851565622e-02
6.880000000000000000e+02 1.799449968606630160e-02
6.890000000000000000e+02 1.789596061044437456e-02
6.900000000000000000e+02 1.779901098406941676e-02
6.910000000000000000e+02 1.770073320653117732e-02
6.920000000000000000e+02 1.760011227470736905e-02
6.930000000000000000e+02 1.749969088221484809e-02
6.940000000000000000e+02 1.739996724902558717e-02
6.950000000000000000e+02 1.730094700983169503e-02
6.960000000000000000e+02 1.720148941429386000e-02
6.970000000000000000e+02 1.709983807536594527e-02
6.980000000000000000e+02 1.699706004351204947e-02
6.990000000000000000e+02 1.689413260534311512e-02
7.000000000000000000e+02 1.679075010114170277e-02
7.010000000000000000e+02 1.668816142849788298e-02
7.020000000000000000e+02 1.658682257615340730e-02
7.030000000000000000e+02 1.648496373591827602e-02
7.040000000000000000e+02 1.638287090378136995e-02
7.050000000000000000e+02 1.628136730641186955e-02
7.060000000000000000e+02 1.618107582952478876e-02
7.070000000000000000e+02 1.608274113340581526e-02
7.080000000000000000e+02 1.598516526291482789e-02
7.090000000000000000e+02 1.588681781334462528e-02
7.100000000000000000e+02 1.578792292054581950e-02
7.110000000000000000e+02 1.568958182483086439e-02
7.120000000000000000e+02 1.559338393131286422e-02
7.130000000000000000e+02 1.549955134948563865e-02
7.140000000000000000e+02 1.540750356597300925e-02
7.150000000000000000e+02 1.531711526223995812e-02
7.160000000000000000e+02 1.522761325691674925e-02
7.170000000000000000e+02 1.513769778335547454e-02
7.180000000000000000e+02 1.504706337929640619e-02
7.190000000000000000e+02 1.495593988481362310e-02
7.200000000000000000e+02 1.486528488035916175e-02
7.210000000000000000e+02 1.477699893422602766e-02
7.220000000000000000e+02 1.469121557272862894e-02
7.230000000000000000e+02 1.460609118937287315e-02
7.240000000000000000e+02 1.452176619957773820e-02
7.250000000000000000e+02 1.443768803609655690e-02
7.260000000000000000e+02 1.435277231052260738e-02
7.270000000000000000e+02 1.426895834722342361e-02
7.280000000000000000e+02 1.418681111030183073e-02
7.290000000000000000e+02 1.410611706493872589e-02
7.300000000000000000e+02 1.402653509708402975e-02
7.310000000000000000e+02 1.394623226711649670e-02
7.320000000000000000e+02 1.386571590300518173e-02
7.330000000000000000e+02 1.378518685210085651e-02
7.340000000000000000e+02 1.370411527458666699e-02
7.350000000000000000e+02 1.362322812178514732e-02
7.360000000000000000e+02 1.354404481276807494e-02
7.370000000000000000e+02 1.346681475776011737e-02
7.380000000000000000e+02 1.339127065909784427e-02
7.390000000000000000e+02 1.331669080398542246e-02
7.400000000000000000e+02 1.324330879738136110e-02
7.410000000000000000e+02 1.317168670176637087e-02
7.420000000000000000e+02 1.310152853601925793e-02
7.430000000000000000e+02 1.303255524682467650e-02
7.440000000000000000e+02 1.296557402254404183e-02
7.450000000000000000e+02 1.290018828860424981e-02
7.460000000000000000e+02 1.283436509374968545e-02
7.470000000000000000e+02 1.276792074047879665e-02
7.480000000000000000e+02 1.270159065397847946e-02
7.490000000000000000e+02 1.263464796900047073e-02
7.500000000000000000e+02 1.256685538524828123e-02
7.510000000000000000e+02 1.249997038470794172e-02
7.520000000000000000e+02 1.243392855783881715e-02
7.530000000000000000e+02 1.236872912286322845e-02
7.540000000000000000e+02 1.230280990948824996e-02
7.550000000000000000e+02 1.223537145494008049e-02
7.560000000000000000e+02 1.216853382349450396e-02
7.570000000000000000e+02 1.210501572450341581e-02
7.580000000000000000e+02 1.204517812718300385e-02
7.590000000000000000e+02 1.198689260286347688e-02
7.600000000000000000e+02 1.192904231619758802e-02
7.610000000000000000e+02 1.187037064385249203e-02
7.620000000000000000e+02 1.181099150786391223e-02
7.630000000000000000e+02 1.175185803510045250e-02
7.640000000000000000e+02 1.169340007664920571e-02
7.650000000000000000e+02 1.163504752503213314e-02
7.660000000000000000e+02 1.157675808230034832e-02
7.670000000000000000e+02 1.151766755005258040e-02
7.680000000000000000e+02 1.145807560634212047e-02
7.690000000000000000e+02 1.139885933679067077e-02
7.700000000000000000e+02 1.134007036441210363e-02
7.710000000000000000e+02 1.128176782332268070e-02
7.720000000000000000e+02 1.122408039992557442e-02
7.730000000000000000e+02 1.116709724008139830e-02
7.740000000000000000e+02 1.111070391884820541e-02
7.750000000000000000e+02 1.105528932199873089e-02
7.760000000000000000e+02 1.100248581636678949e-02
7.770000000000000000e+02 1.095278202014579073e-02
7.780000000000000000e+02 1.090556346750502434e-02
7.790000000000000000e+02 1.085879787142820900e-02
7.800000000000000000e+02 1.081172810302860957e-02
7.810000000000000000e+02 1.076452521045056718e-02
7.820000000000000000e+02 1.071736761201212175e-02
7.830000000000000000e+02 1.067083463478980983e-02
7.840000000000000000e+02 1.062640423348087775e-02
7.850000000000000000e+02 1.058414899820137901e-02
7.860000000000000000e+02 1.054210993197268395e-02
7.870000000000000000e+02 1.049843338266455428e-02
7.880000000000000000e+02 1.045079796011192177e-02
7.890000000000000000e+02 1.039865226579059221e-02
7.900000000000000000e+02 1.034338285457207622e-02
7.910000000000000000e+02 1.028589610336976337e-02
7.920000000000000000e+02 1.022758015429393354e-02
7.930000000000000000e+02 1.017115682579484114e-02
7.940000000000000000e+02 1.011655427551966940e-02
7.950000000000000000e+02 1.006164889607664981e-02
7.960000000000000000e+02 1.000615283694047085e-02
7.970000000000000000e+02 9.950744941274567920e-03
7.980000000000000000e+02 9.896566316801504171e-03
7.990000000000000000e+02 9.842585670229716394e-03
8.000000000000000000e+02 9.788195072837619151e-03
8.010000000000000000e+02 9.733902426025158733e-03
8.020000000000000000e+02 9.679667640501416967e-03
8.030000000000000000e+02 9.626085765058136137e-03
8.040000000000000000e+02 9.573288746135956082e-03
8.050000000000000000e+02 9.520520511518564682e-03
8.060000000000000000e+02 9.467507730508022135e-03
8.070000000000000000e+02 9.414411002211617308e-03
8.080000000000000000e+02 9.360828083363784483e-03
8.090000000000000000e+02 9.307382435564922132e-03
8.100000000000000000e+02 9.254490739776584374e-03
8.110000000000000000e+02 9.201166705099525847e-03
8.120000000000000000e+02 9.146066666143188792e-03
8.130000000000000000e+02 9.088976448954233511e-03
8.140000000000000000e+02 9.030690851338141548e-03
8.150000000000000000e+02 8.972341854756562401e-03
8.160000000000000000e+02 8.915708095374254988e-03
8.170000000000000000e+02 8.860918309971535164e-03
8.180000000000000000e+02 8.807939234816118679e-03
8.190000000000000000e+02 8.757940222418563250e-03
8.200000000000000000e+02 8.710614913038896429e-03
8.210000000000000000e+02 8.664325471815288726e-03
8.220000000000000000e+02 8.619565781767136309e-03
8.230000000000000000e+02 8.575407934724025780e-03
8.240000000000000000e+02 8.530585696803739959e-03
8.250000000000000000e+02 8.485087413266079875e-03
8.260000000000000000e+02 8.437771248778975011e-03
8.270000000000000000e+02 8.388485463259610572e-03
8.280000000000000000e+02 8.338531858422303447e-03
8.290000000000000000e+02 8.288904763271924547e-03
8.300000000000000000e+02 8.240528110271167633e-03
8.310000000000000000e+02 8.192211802006590937e-03
8.320000000000000000e+02 8.143560962811833073e-03
8.330000000000000000e+02 8.094955026397773756e-03
8.340000000000000000e+02 8.047732424431896028e-03
8.350000000000000000e+02 8.002862479998028647e-03
8.360000000000000000e+02 7.959537618470974990e-03
8.370000000000000000e+02 7.916486509851146033e-03
8.380000000000000000e+02 7.873904004248212171e-03
8.390000000000000000e+02 7.832760840877993347e-03
8.400000000000000000e+02 7.792391523597046003e-03
8.410000000000000000e+02 7.752726519431442018e-03
8.420000000000000000e+02 7.712678284456122441e-03
8.430000000000000000e+02 7.672922025367799430e-03
8.440000000000000000e+02 7.635294168390086532e-03
8.450000000000000000e+02 7.599399634329507928e-03
8.460000000000000000e+02 7.564568115378563287e-03
8.470000000000000000e+02 7.529672171453062959e-03
8.480000000000000000e+02 7.493671629860893836e-03
8.490000000000000000e+02 7.457157481367456160e-03
8.500000000000000000e+02 7.421350005038422973e-03
8.510000000000000000e+02 7.386404762119565433e-03
8.520000000000000000e+02 7.353273799939196061e-03
8.530000000000000000e+02 7.322722221136571119e-03
8.540000000000000000e+02 7.293840133002136433e-03
8.550000000000000000e+02 7.264742681495537334e-03
8.560000000000000000e+02 7.234275235628523718e-03
8.570000000000000000e+02 7.203353451829212946e-03
8.580000000000000000e+02 7.171576194266778698e-03
8.590000000000000000e+02 7.138264570049356744e-03
8.600000000000000000e+02 7.104340335124117480e-03
8.610000000000000000e+02 7.071748688742851043e-03
8.620000000000000000e+02 7.038468411738607600e-03
8.630000000000000000e+02 7.004042551031095139e-03
8.640000000000000000e+02 6.969798134407407218e-03
8.650000000000000000e+02 6.935822843967441413e-03
8.660000000000000000e+02 6.901911834064568436e-03
8.670000000000000000e+02 6.867766434804670542e-03
8.680000000000000000e+02 6.832182518610905968e-03
8.690000000000000000e+02 6.794640542632442680e-03
8.700000000000000000e+02 6.756764895746272467e-03
8.710000000000000000e+02 6.720972558090343441e-03
8.720000000000000000e+02 6.687255804421047591e-03
8.730000000000000000e+02 6.654571080334347431e-03
8.740000000000000000e+02 6.621649335940402517e-03
8.750000000000000000e+02 6.588725935344146023e-03
8.760000000000000000e+02 6.554637751633505746e-03
8.770000000000000000e+02 6.518960796462829575e-03
8.780000000000000000e+02 6.483491225320887029e-03
8.790000000000000000e+02 6.448301628659660820e-03
8.800000000000000000e+02 6.413683260044632413e-03
8.810000000000000000e+02 6.381034652288747160e-03
8.820000000000000000e+02 6.350567216154122917e-03
8.830000000000000000e+02 6.321196413678016601e-03
8.840000000000000000e+02 6.291606993435456228e-03
8.850000000000000000e+02 6.261036175169963809e-03
8.860000000000000000e+02 6.229020765078266408e-03
8.870000000000000000e+02 6.196440305902334821e-03
8.880000000000000000e+02 6.164391134494520523e-03
8.890000000000000000e+02 6.133846756025692661e-03
8.900000000000000000e+02 6.104695244454705870e-03
8.910000000000000000e+02 6.076325931468020379e-03
8.920000000000000000e+02 6.047682553268410657e-03
8.930000000000000000e+02 6.017978749804371585e-03
8.940000000000000000e+02 5.986596932878689506e-03
8.950000000000000000e+02 5.953695223753521955e-03
8.960000000000000000e+02 5.919536738145123565e-03
8.970000000000000000e+02 5.885032232712331286e-03
8.980000000000000000e+02 5.851071207002497832e-03
8.990000000000000000e+02 5.817173618568012919e-03
9.000000000000000000e+02 5.781900415275069080e-03
9.010000000000000000e+02 5.746177877448630997e-03
9.020000000000000000e+02 5.711754299547198120e-03
9.030000000000000000e+02 5.677308727970757293e-03
9.040000000000000000e+02 5.641774223759321409e-03
9.050000000000000000e+02 5.606059812809001570e-03
9.060000000000000000e+02 5.571327871815284945e-03
9.070000000000000000e+02 5.539615768112703988e-03
9.080000000000000000e+02 5.510573543206786357e-03
9.090000000000000000e+02 5.482059424525657747e-03
9.100000000000000000e+02 5.454931235484502226e-03
9.110000000000000000e+02 5.429482360810312415e-03
9.120000000000000000e+02 5.404672109920713279e-03
9.130000000000000000e+02 5.379597863734811823e-03
9.140000000000000000e+02 5.355259663863127899e-03
9.150000000000000000e+02 5.331508526229340045e-03
9.160000000000000000e+02 5.307069855040623570e-03
9.170000000000000000e+02 5.282269603634038614e-03
9.180000000000000000e+02 5.257325817319010407e-03
9.190000000000000000e+02 5.232571886164721561e-03
9.200000000000000000e+02 5.208035360095040339e-03
9.210000000000000000e+02 5.182367868476525294e-03
9.220000000000000000e+02 5.157101871783599176e-03
9.230000000000000000e+02 5.131987536073290106e-03
9.240000000000000000e+02 5.105928758633512810e-03
9.250000000000000000e+02 5.079558579191358579e-03
9.260000000000000000e+02 5.052768161479613551e-03
9.270000000000000000e+02 5.025277050940416684e-03
9.280000000000000000e+02 4.997755175056347449e-03
9.290000000000000000e+02 4.969466187404184693e-03
9.300000000000000000e+02 4.939625710310651882e-03
9.310000000000000000e+02 4.910583931345003338e-03
9.320000000000000000e+02 4.882971402650531680e-03
9.330000000000000000e+02 4.855532484959866613e-03
9.340000000000000000e+02 4.827520488316718733e-03
9.350000000000000000e+02 4.799113405607290626e-03
9.360000000000000000e+02 4.772854925617023986e-03
9.370000000000000000e+02 4.748255043860278961e-03
9.380000000000000000e+02 4.725459290466721418e-03
9.390000000000000000e+02 4.703234631679391667e-03
9.400000000000000000e+02 4.677784870214653744e-03
9.410000000000000000e+02 4.649888431819407079e-03
9.420000000000000000e+02 4.620910688565209833e-03
9.430000000000000000e+02 4.591631660123518879e-03
9.440000000000000000e+02 4.564181560283011446e-03
9.450000000000000000e+02 4.537804063967426291e-03
9.460000000000000000e+02 4.511258316826131064e-03
9.470000000000000000e+02 4.485022579842611393e-03
9.480000000000000000e+02 4.457064257724047997e-03
9.490000000000000000e+02 4.427026619877348808e-03
9.500000000000000000e+02 4.397462458356895393e-03
9.510000000000000000e+02 4.368525696168880194e-03
9.520000000000000000e+02 4.340907781243360554e-03
9.530000000000000000e+02 4.316410378792465835e-03
9.540000000000000000e+02 4.295137323155586578e-03
9.550000000000000000e+02 4.274583208342537868e-03
9.560000000000000000e+02 4.252525094286510078e-03
9.570000000000000000e+02 4.229004814385609046e-03
9.580000000000000000e+02 4.203942202510771615e-03
9.590000000000000000e+02 4.177051769041451382e-03
9.600000000000000000e+02 4.149123378268832277e-03
9.610000000000000000e+02 4.120850119161318520e-03
9.620000000000000000e+02 4.091286166274557892e-03
9.630000000000000000e+02 4.061494828396127431e-03
9.640000000000000000e+02 4.032827577685338914e-03
9.650000000000000000e+02 4.004798311822686981e-03
9.660000000000000000e+02 3.977224065523109198e-03
9.670000000000000000e+02 3.949558658854173190e-03
9.680000000000000000e+02 3.920610870910546525e-03
9.690000000000000000e+02 3.890357699364445365e-03
9.700000000000000000e+02 3.859330032666416239e-03
9.710000000000000000e+02 3.828590526264776753e-03
9.720000000000000000e+02 3.797790291143594583e-03
9.730000000000000000e+02 3.765871994378600790e-03
9.740000000000000000e+02 3.732711056871743094e-03
9.750000000000000000e+02 3.697627833214041804e-03
9.760000000000000000e+02 3.660700928786770388e-03
9.770000000000000000e+02 3.624128231381158055e-03
9.780000000000000000e+02 3.589406304543705205e-03
9.790000000000000000e+02 3.558675532076240565e-03
9.800000000000000000e+02 3.531604615009986334e-03
9.810000000000000000e+02 3.505906384508602081e-03
9.820000000000000000e+02 3.481945608875015256e-03
9.830000000000000000e+02 3.459777535964666129e-03
9.840000000000000000e+02 3.436939016311570984e-03
9.850000000000000000e+02 3.412453772517322435e-03
9.860000000000000000e+02 3.386578165582694155e-03
9.870000000000000000e+02 3.360398089139869215e-03
9.880000000000000000e+02 3.334015607149321773e-03
9.890000000000000000e+02 3.306713645967283323e-03
9.900000000000000000e+02 3.279796490854836565e-03
9.910000000000000000e+02 3.253706927325554325e-03
9.920000000000000000e+02 3.227705841863159897e-03
9.930000000000000000e+02 3.201096903840057548e-03
9.940000000000000000e+02 3.173799175447154786e-03
9.950000000000000000e+02 3.145030889035209214e-03
9.960000000000000000e+02 3.115255688989235390e-03
9.970000000000000000e+02 3.085425570487869331e-03
9.980000000000000000e+02 3.055609744077706497e-03
9.990000000000000000e+02 3.027081406968181419e-03
1.000000000000000000e+03 3.001239813932871352e-03
