# Long-range Heisenberg model
# L = 45, S_z^tot = -35/2, J = 1, Delta = 0.5, Alpha = 3.0
# Time dependence of center of mass, i.e. first density moment of <Sz_l(t)>
# time, center of mass

0.0000000000000000 3.0000000000000000
5.0000000000000003E-002 3.0001352077553025
0.10000000000000001 3.0005408020504438
0.15000000000000002 3.0012166961647400
0.20000000000000001 3.0021627462002383
0.25000000000000000 3.0033787520290094
0.29999999999999999 3.0048644586045121
0.34999999999999998 3.0066195576223356
0.39999999999999997 3.0086436895120663
0.44999999999999996 3.0109364457381260
0.49999999999999994 3.0134973713845654
0.54999999999999993 3.0163259679956873
0.59999999999999998 3.0194216966420200
0.65000000000000002 3.0227839811791086
0.70000000000000007 3.0264122116649506
0.75000000000000011 3.0303057479009770
0.80000000000000016 3.0344639230605766
0.85000000000000020 3.0388860473692691
0.90000000000000024 3.0435714118008446
0.95000000000000029 3.0485192917545278
1.0000000000000002 3.0537289506795862
1.0500000000000003 3.0591996436153126
1.1000000000000003 3.0649306206163485
1.1500000000000004 3.0709211300357455
1.2000000000000004 3.0771704216405729
1.2500000000000004 3.0836777495380532
1.3000000000000005 3.0904423748929322
1.3500000000000005 3.0974635684202236
1.4000000000000006 3.1047406126406014
1.4500000000000006 3.1122728038890486
1.5000000000000007 3.1200594540705948
1.5500000000000007 3.1280998921601992
1.6000000000000008 3.1363934654468095
1.6500000000000008 3.1449395405245419
1.7000000000000008 3.1537375040366427
1.7500000000000009 3.1627867631801485
1.8000000000000009 3.1720867459814208
1.8500000000000010 3.1816369013545653
1.9000000000000010 3.1914366989560863
1.9500000000000011 3.2014856288505613
2.0000000000000009 3.2117832010027088
2.0500000000000007 3.2223289446120589
2.1000000000000005 3.2331224073061602
2.1500000000000004 3.2441631542087066
2.2000000000000002 3.2554507668981167
2.2500000000000000 3.2669848422715906
2.2999999999999998 3.2787649913290480
2.3499999999999996 3.2907908378894906
2.3999999999999995 3.3030620172522274
2.4499999999999993 3.3155781748125577
2.4999999999999991 3.3283389646414760
2.5499999999999989 3.3413440480361385
2.5999999999999988 3.3545930920471343
2.6499999999999986 3.3680857679865368
2.6999999999999984 3.3818217499192511
2.7499999999999982 3.3958007131389483
2.7999999999999980 3.4100223326281598
2.8499999999999979 3.4244862815012818
2.8999999999999977 3.4391922294276642
2.9499999999999975 3.4541398410315360
2.9999999999999973 3.4693287742645285
3.0499999999999972 3.4847586787457638
3.0999999999999970 3.5004291940649348
3.1499999999999968 3.5163399480424467
3.1999999999999966 3.5324905549417314
3.2499999999999964 3.5488806136286954
3.2999999999999963 3.5655097056729206
3.3499999999999961 3.5823773933875454
3.3999999999999959 3.5994832178031770
3.4499999999999957 3.6168266965738445
3.4999999999999956 3.6344073218126991
3.5499999999999954 3.6522245578570320
3.5999999999999952 3.6702778389626651
3.6499999999999950 3.6885665669287873
3.6999999999999948 3.7070901086566699
3.7499999999999947 3.7258477936448391
3.7999999999999945 3.7448389114266840
3.8499999999999943 3.7640627089556902
3.8999999999999941 3.7835183879465402
3.9499999999999940 3.8032051021791080
3.9999999999999938 3.8231219547759996
4.0499999999999936 3.8432679954633122
4.0999999999999934 3.8636422178262051
4.1499999999999932 3.8842435565709597
4.1999999999999931 3.9050708848072913
4.2499999999999929 3.9261230113636261
4.2999999999999927 3.9473986781504173
4.3499999999999925 3.9688965575849866
4.3999999999999924 3.9906152500945975
4.4499999999999922 4.0125532817114067
4.4999999999999920 4.0347091017765599
4.5499999999999918 4.0570810807685849
4.5999999999999917 4.0796675082710410
4.6499999999999915 4.1024665910969125
4.6999999999999913 4.1254764515841442
4.7499999999999911 4.1486951260779712
4.7999999999999909 4.1721205636152154
4.8499999999999908 4.1957506248254939
4.8999999999999906 4.2195830810624333
4.9499999999999904 4.2436156137796059
4.9999999999999902 4.2678458141623166
5.0499999999999901 4.2922711830294222
5.0999999999999899 4.3168891310138475
5.1499999999999897 4.3416969790327000
5.1999999999999895 4.3666919590561175
5.2499999999999893 4.3918712151820820
5.2999999999999892 4.4172318050234267
5.3499999999999890 4.4427707014118711
5.3999999999999888 4.4684847944231993
5.4499999999999886 4.4943708937244615
5.4999999999999885 4.5204257312440417
5.5499999999999883 4.5466459641636705
5.5999999999999881 4.5730281782281246
5.6499999999999879 4.5995688913685431
5.6999999999999877 4.6262645576333101
5.7499999999999876 4.6531115714163720
5.7999999999999874 4.6801062719752551
5.8499999999999872 4.7072449482243295
5.8999999999999870 4.7345238437916120
5.9499999999999869 4.7619391623235447
5.9999999999999867 4.7894870730194992
6.0499999999999865 4.8171637163792038
6.0999999999999863 4.8449652101427585
6.1499999999999861 4.8728876554007510
6.1999999999999860 4.9009271428542815
6.2499999999999858 4.9290797591996522
6.2999999999999856 4.9573415936119032
6.3499999999999854 4.9857087443064625
6.3999999999999853 5.0141773251463180
6.4499999999999851 5.0427434722729805
6.4999999999999849 5.0714033507312619
6.5499999999999847 5.1001531610622477
6.5999999999999845 5.1289891458345771
6.6499999999999844 5.1579075960892515
6.6999999999999842 5.1869048576673071
6.7499999999999840 5.2159773373970006
6.7999999999999838 5.2451215091104260
6.8499999999999837 5.2743339194644383
6.8999999999999835 5.3036111935434596
6.9499999999999833 5.3329500402152963
6.9999999999999831 5.3623472572191968
7.0499999999999829 5.3917997359641125
7.0999999999999828 5.4213044660145320
7.1499999999999826 5.4508585392444759
7.1999999999999824 5.4804591536419700
7.2499999999999822 5.5101036167491273
7.2999999999999821 5.5397893487159422
7.3499999999999819 5.5695138849636470
7.3999999999999817 5.5992748784380453
7.4499999999999815 5.6290701014475157
7.4999999999999813 5.6588974470764013
7.5499999999999812 5.6887549301669047
7.5999999999999810 5.7186406878670679
7.6499999999999808 5.7485529797437112
7.6999999999999806 5.7784901874568346
7.7499999999999805 5.8084508140012403
7.7999999999999803 5.8384334825211708
7.8499999999999801 5.8684369346979333
7.8999999999999799 5.8984600287289854
7.9499999999999797 5.9285017368999355
7.9999999999999796 5.9585611427698835
8.0499999999999794 5.9886374379797980
8.0999999999999801 6.0187299187064838
8.1499999999999808 6.0488379817751374
8.1999999999999815 6.0789611204552472
8.2499999999999822 6.1090989199641781
8.2999999999999829 6.1392510526970039
8.3499999999999837 6.1694172732139458
8.3999999999999844 6.1995974130092169
8.4499999999999851 6.2297913750934457
8.4999999999999858 6.2599991284134555
8.5499999999999865 6.2902207021452003
8.5999999999999872 6.3204561798908907
8.6499999999999879 6.3507056938067867
8.6999999999999886 6.3809694186987702
8.7499999999999893 6.4112475661176465
8.7999999999999901 6.4415403784816680
8.8499999999999908 6.4718481232646443
8.8999999999999915 6.5021710872729992
8.9499999999999922 6.5325095710502872
8.9999999999999929 6.5628638834323452
9.0499999999999936 6.5932343362844241
9.0999999999999943 6.6236212394472744
9.1499999999999950 6.6540248959155264
9.1999999999999957 6.6844455972742640
9.2499999999999964 6.7148836194154748
9.2999999999999972 6.7453392185508045
9.3499999999999979 6.7758126275456627
9.3999999999999986 6.8063040525792147
9.4499999999999993 6.8368136701548776
9.5000000000000000 6.8673416244642063
9.5500000000000007 6.8978880251141339
9.6000000000000014 6.9284529452255672
9.6500000000000021 6.9590364199012829
9.7000000000000028 6.9896384450700078
9.7500000000000036 7.0202589767004753
9.8000000000000043 7.0508979303805859
9.8500000000000050 7.0815551812581559
9.9000000000000057 7.1122305643317452
9.9500000000000064 7.1429238750788384
10.000000000000007 7.1736348704109414
10.050000000000008 7.2043632699385940
10.100000000000009 7.2351087575274766
10.150000000000009 7.2658709831280150
10.200000000000010 7.2966495648589831
10.250000000000011 7.3274440913190428
10.300000000000011 7.3582541241068880
10.350000000000012 7.3890792005233799
10.400000000000013 7.4199188364295292
10.450000000000014 7.4507725292402869
10.500000000000014 7.4816397610214658
10.550000000000015 7.5125200016626081
10.600000000000016 7.5434127121080090
10.650000000000016 7.5743173476103181
10.700000000000017 7.6052333609849958
10.750000000000018 7.6361602058399658
10.800000000000018 7.6670973397516864
10.850000000000019 7.6980442273725807
10.900000000000020 7.7290003434366232
10.950000000000021 7.7599651756489942
11.000000000000021 7.7909382274343040
11.050000000000022 7.8219190205264297
11.100000000000023 7.8529070973859092
11.150000000000023 7.8839020234221682
11.200000000000024 7.9149033890113820
11.250000000000025 7.9459108112999468
11.300000000000026 7.9769239357773722
11.350000000000026 8.0079424376114563
11.400000000000027 8.0389660227478288
11.450000000000028 8.0699944287568997
11.500000000000028 8.1010274254384989
11.550000000000029 8.1320648151713026
11.600000000000030 8.1631064330206371
11.650000000000031 8.1941521466011409
11.700000000000031 8.2252018557007087
11.750000000000032 8.2562554916801592
11.800000000000033 8.2873130166411713
11.850000000000033 8.3183744223939229
11.900000000000034 8.3494397292221123
11.950000000000035 8.3805089844611391
12.000000000000036 8.4115822609119633
12.050000000000036 8.4426596550956301
12.100000000000037 8.4737412853735812
12.150000000000038 8.5048272899473822
12.200000000000038 8.5359178247591299
12.250000000000039 8.5670130613062110
12.300000000000040 8.5981131843975920
12.350000000000041 8.6292183898640396
12.400000000000041 8.6603288822432276
12.450000000000042 8.6914448724620623
12.500000000000043 8.7225665755341577
12.550000000000043 8.7536942082857028
12.600000000000044 8.7848279871367687
12.650000000000045 8.8159681259483893
12.700000000000045 8.8471148339507835
12.750000000000046 8.8782683137759371
12.800000000000047 8.9094287596030917
12.850000000000048 8.9405963554288181
12.900000000000048 8.9717712734766568
12.950000000000049 9.0029536727551296
13.000000000000050 9.0341436977761358
13.050000000000050 9.0653414774353696
13.100000000000051 9.0965471240647151
13.150000000000052 9.1277607326635124
13.200000000000053 9.1589823803014951
13.250000000000053 9.1902121257104810
13.300000000000054 9.2214500090460945
13.350000000000055 9.2526960518329187
13.400000000000055 9.2839502570832959
13.450000000000056 9.3152126095813141
13.500000000000057 9.3464830763352378
13.550000000000058 9.3777616071818670
13.600000000000058 9.4090481355416244
13.650000000000059 9.4403425793072255
13.700000000000060 9.4716448418627177
13.750000000000060 9.5029548132132931
13.800000000000061 9.5342723712209096
13.850000000000062 9.5655973829291394
13.900000000000063 9.5969297059610685
13.950000000000063 9.6282691899821540
14.000000000000064 9.6596156782063964
14.050000000000065 9.6909690089405807
14.100000000000065 9.7223290171410053
14.150000000000066 9.7536955359756039
14.200000000000067 9.7850683983782787
14.250000000000068 9.8164474385756666
14.300000000000068 9.8478324935766821
14.350000000000069 9.8792234046119241
14.400000000000070 9.9106200185118087
14.450000000000070 9.9420221890049891
14.500000000000071 9.9734297779396908
14.550000000000072 10.004842656403021
14.600000000000072 10.036260705743976
14.650000000000073 10.067683818484287
14.700000000000074 10.099111899108173
14.750000000000075 10.130544864737814
14.800000000000075 10.161982645675991
14.850000000000076 10.193425185827589
14.900000000000077 10.224872442983015
14.950000000000077 10.256324388978205
15.000000000000078 10.287781009718341
15.050000000000079 10.319242305081085
15.100000000000080 10.350708288688951
15.150000000000080 10.382178987566656
15.200000000000081 10.413654441679231
15.250000000000082 10.445134703363042
15.300000000000082 10.476619836654676
15.350000000000083 10.508109916527724
15.400000000000084 10.539605028040766
15.450000000000085 10.571105265410894
15.500000000000085 10.602610731024356
15.550000000000086 10.634121534382963
15.600000000000087 10.665637791014193
15.650000000000087 10.697159621339987
15.700000000000088 10.728687149525379
15.750000000000089 10.760220502313885
15.800000000000090 10.791759807857234
15.850000000000090 10.823305194562389
15.900000000000091 10.854856789949039
15.950000000000092 10.886414719541539
16.000000000000092 10.917979105799898
16.050000000000093 10.949550067099707
16.100000000000094 10.981127716765876
16.150000000000095 11.012712162177536
16.200000000000095 11.044303503938083
16.250000000000096 11.075901835129415
16.300000000000097 11.107507240647898
16.350000000000097 11.139119796629769
16.400000000000098 11.170739569972387
16.450000000000099 11.202366617943399
16.500000000000099 11.234000987893806
16.550000000000100 11.265642717071689
16.600000000000101 11.297291832526328
16.650000000000102 11.328948351116052
16.700000000000102 11.360612279611805
16.750000000000103 11.392283614891854
16.800000000000104 11.423962344226947
16.850000000000104 11.455648445651542
16.900000000000105 11.487341888414790
16.950000000000106 11.519042633507727
17.000000000000107 11.550750634256339
17.050000000000107 11.582465836979466
17.100000000000108 11.614188181697239
17.150000000000109 11.645917602889631
17.200000000000109 11.677654030291729
17.250000000000110 11.709397389718028
17.300000000000111 11.741147603911777
17.350000000000112 11.772904593402885
17.400000000000112 11.804668277377036
17.450000000000113 11.836438574532316
17.500000000000114 11.868215403933132
17.550000000000114 11.899998685837600
17.600000000000115 11.931788342500170
17.650000000000116 11.963584298939260
17.700000000000117 11.995386483661614
17.750000000000117 12.027194829340599
17.800000000000118 12.059009273439694
17.850000000000119 12.090829758775469
17.900000000000119 12.122656234020162
17.950000000000120 12.154488654135710
18.000000000000121 12.186326980734179
18.050000000000122 12.218171182370396
18.100000000000122 12.250021234758586
18.150000000000123 12.281877120910236
18.200000000000124 12.313738831199215
18.250000000000124 12.345606363353735
18.300000000000125 12.377479722370476
18.350000000000126 12.409358920357008
18.400000000000126 12.441243976312789
18.450000000000127 12.473134915832537
18.500000000000128 12.505031770755625
18.550000000000129 12.536934578756680
18.600000000000129 12.568843382880431
18.650000000000130 12.600758231034588
18.700000000000131 12.632679175433751
18.750000000000131 12.664606272013236
18.800000000000132 12.696539579812137
18.850000000000133 12.728479160333533
18.900000000000134 12.760425076887453
18.950000000000134 12.792377393923356
19.000000000000135 12.824336176364273
19.050000000000136 12.856301488937246
19.100000000000136 12.888273395521876
19.150000000000137 12.920251958508997
19.200000000000138 12.952237238182700
19.250000000000139 12.984229292132541
19.300000000000139 13.016228174701531
19.350000000000140 13.048233936462724
19.400000000000141 13.080246623748668
19.450000000000141 13.112266278224295
19.500000000000142 13.144292936507329
19.550000000000143 13.176326629846765
19.600000000000144 13.208367383854112
19.650000000000144 13.240415218292789
19.700000000000145 13.272470146924727
19.750000000000146 13.304532177420876
19.800000000000146 13.336601311324522
19.850000000000147 13.368677544080331
19.900000000000148 13.400760865115842
19.950000000000149 13.432851257980532
20.000000000000149 13.464948700539587
20.050000000000150 13.497053165219542
20.100000000000151 13.529164619297537
20.150000000000151 13.561283025241449
20.200000000000152 13.593408341083833
20.250000000000153 13.625540520838044
20.300000000000153 13.657679514939213
20.350000000000154 13.689825270719238
20.400000000000155 13.721977732894620
20.450000000000156 13.754136844078804
20.500000000000156 13.786302545300822
20.550000000000157 13.818474776530566
20.600000000000158 13.850653477205205
20.650000000000158 13.882838586747216
20.700000000000159 13.915030045080886
20.750000000000160 13.947227793120746
20.800000000000161 13.979431773257250
20.850000000000161 14.011641929798435
20.900000000000162 14.043858209402964
20.950000000000163 14.076080561467082
21.000000000000163 14.108308938481194
21.050000000000164 14.140543296349902
21.100000000000165 14.172783594666582
21.150000000000166 14.205029796945151
21.200000000000166 14.237281870813161
21.250000000000167 14.269539788149871
21.300000000000168 14.301803525180757
21.350000000000168 14.334073062526715
21.400000000000169 14.366348385203377
21.450000000000170 14.398629482575748
21.500000000000171 14.430916348266271
21.550000000000171 14.463208980018178
21.600000000000172 14.495507379521397
21.650000000000173 14.527811552194640
21.700000000000173 14.560121506931329
21.750000000000174 14.592437255815524
21.800000000000175 14.624758813801927
21.850000000000176 14.657086198373669
21.900000000000176 14.689419429176223
21.950000000000177 14.721758527630856
22.000000000000178 14.754103516535389
22.050000000000178 14.786454419655749
22.100000000000179 14.818811261306589
22.150000000000180 14.851174065934769
22.200000000000180 14.883542857701833
22.250000000000181 14.915917660078204
22.300000000000182 14.948298495441605
22.350000000000183 14.980685384691823
22.400000000000183 15.013078346890129
22.450000000000184 15.045477398911379
22.500000000000185 15.077882555125196
22.550000000000185 15.110293827104918
22.600000000000186 15.142711223368890
22.650000000000187 15.175134749149510
22.700000000000188 15.207564406201328
22.750000000000188 15.240000192640842
22.800000000000189 15.272442102830633
22.850000000000190 15.304890127294923
22.900000000000190 15.337344252673866
22.950000000000191 15.369804461720300
23.000000000000192 15.402270733332982
23.050000000000193 15.434743042618267
23.100000000000193 15.467221361006210
23.150000000000194 15.499705656383544
23.200000000000195 15.532195893265328
23.250000000000195 15.564692032999133
23.300000000000196 15.597194033998631
23.350000000000197 15.629701851990323
23.400000000000198 15.662215440300457
23.450000000000198 15.694734750144949
23.500000000000199 15.727259730950564
23.550000000000200 15.759790330674306
23.600000000000200 15.792326496138099
23.650000000000201 15.824868173375863
23.700000000000202 15.857415307966926
23.750000000000203 15.889967845385467
23.800000000000203 15.922525731332417
23.850000000000204 15.955088912066417
23.900000000000205 15.987657334718419
23.950000000000205 16.020230947595799
24.000000000000206 16.052809700465495
24.050000000000207 16.085393544821912
24.100000000000207 16.117982434125821
24.150000000000208 16.150576324026606
24.200000000000209 16.183175172551174
24.250000000000210 16.215778940265327
24.300000000000210 16.248387590410683
24.350000000000211 16.281001089005525
24.400000000000212 16.313619404919184
24.450000000000212 16.346242509911676
24.500000000000213 16.378870378640855
24.550000000000214 16.411502988645747
24.600000000000215 16.444140320288895
24.650000000000215 16.476782356676917
24.700000000000216 16.509429083549286
24.750000000000217 16.542080489140478
24.800000000000217 16.574736564021944
24.850000000000218 16.607397300909046
24.900000000000219 16.640062694462976
24.950000000000220 16.672732741055995
25.000000000000220 16.705407438539797
25.050000000000221 16.738086785985956
25.100000000000222 16.770770783421689
25.150000000000222 16.803459431557567
25.200000000000223 16.836152731511145
25.250000000000224 16.868850684525000
25.300000000000225 16.901553291693038
25.350000000000225 16.934260553680485
25.400000000000226 16.966972470462629
25.450000000000227 16.999689041059771
25.500000000000227 17.032410263298203
25.550000000000228 17.065136133572278
25.600000000000229 17.097866646632117
25.650000000000230 17.130601795386085
25.700000000000230 17.163341570727646
25.750000000000231 17.196085961374248
25.800000000000232 17.228834953744936
25.850000000000232 17.261588531845561
25.900000000000233 17.294346677195769
25.950000000000234 17.327109368769406
26.000000000000234 17.359876582965644
26.050000000000235 17.392648293607440
26.100000000000236 17.425424471964451
26.150000000000237 17.458205086801630
26.200000000000237 17.490990104449534
26.250000000000238 17.523779488905497
26.300000000000239 17.556573201950020
26.350000000000239 17.589371203286451
26.400000000000240 17.622173450700966
26.450000000000241 17.654979900238590
26.500000000000242 17.687790506394656
26.550000000000242 17.720605222321108
26.600000000000243 17.753424000041417
26.650000000000244 17.786246790673044
26.700000000000244 17.819073544663301
26.750000000000245 17.851904212016219
26.800000000000246 17.884738742538065
26.850000000000247 17.917577086063652
26.900000000000247 17.950419192693108
26.950000000000248 17.983265013011547
27.000000000000249 18.016114498313382
27.050000000000249 18.048967600803604
27.100000000000250 18.081824273793146
27.150000000000251 18.114684471884196
27.200000000000252 18.147548151128039
27.250000000000252 18.180415269176297
27.300000000000253 18.213285785410935
27.350000000000254 18.246159661049333
27.400000000000254 18.279036859235038
27.450000000000255 18.311917345106185
27.500000000000256 18.344801085834852
27.550000000000257 18.377688050659934
27.600000000000257 18.410578210873179
27.650000000000258 18.443471539816862
27.700000000000259 18.476368012830303
27.750000000000259 18.509267607185695
27.800000000000260 18.542170302013115
27.850000000000261 18.575076078197974
27.900000000000261 18.607984918258506
27.950000000000262 18.640896806217420
28.000000000000263 18.673811727449234
28.050000000000264 18.706729668521699
28.100000000000264 18.739650617022580
28.150000000000265 18.772574561380573
28.200000000000266 18.805501490674501
28.250000000000266 18.838431394441766
28.300000000000267 18.871364262488267
28.350000000000268 18.904300084684895
28.400000000000269 18.937238850777302
28.450000000000269 18.970180550191635
28.500000000000270 19.003125171855672
28.550000000000271 19.036072704010696
28.600000000000271 19.069023134046667
28.650000000000272 19.101976448343247
28.700000000000273 19.134932632123160
28.750000000000274 19.167891669319300
28.800000000000274 19.200853542458251
28.850000000000275 19.233818232551037
28.900000000000276 19.266785719017740
28.950000000000276 19.299755979618958
29.000000000000277 19.332728990397449
29.050000000000278 19.365704725659032
29.100000000000279 19.398683157954238
29.150000000000279 19.431664258087629
29.200000000000280 19.464647995143618
29.250000000000281 19.497634336527710
29.300000000000281 19.530623248026846
29.350000000000282 19.563614693887814
29.400000000000283 19.596608636908179
29.450000000000284 19.629605038545108
29.500000000000284 19.662603859037937
29.550000000000285 19.695605057533829
29.600000000000286 19.728608592232174
29.650000000000286 19.761614420541317
29.700000000000287 19.794622499230758
29.750000000000288 19.827632784594162
29.800000000000288 19.860645232622606
29.850000000000289 19.893659799171378
29.900000000000290 19.926676440123334
29.950000000000291 19.959695111564049
30.000000000000291 19.992715769942741
30.050000000000292 20.025738372230176
30.100000000000293 20.058762876073288
30.150000000000293 20.091789239936173
30.200000000000294 20.124817423241183
30.250000000000295 20.157847386484526
30.300000000000296 20.190879091355583
30.350000000000296 20.223912500829268
30.400000000000297 20.256947579252206
30.450000000000298 20.289984292409851
30.500000000000298 20.323022607589792
30.550000000000299 20.356062493613305
30.600000000000300 20.389103920856286
30.650000000000301 20.422146861262352
30.700000000000301 20.455191288329317
30.750000000000302 20.488237177084070
30.800000000000303 20.521284504047074
30.850000000000303 20.554333247170625
30.900000000000304 20.587383385776043
30.950000000000305 20.620434900468613
31.000000000000306 20.653487773045377
31.050000000000306 20.686541986390655
31.100000000000307 20.719597524359795
31.150000000000308 20.752654371660743
31.200000000000308 20.785712513715453
31.250000000000309 20.818771936532478
31.300000000000310 20.851832626563933
31.350000000000311 20.884894570563450
31.400000000000311 20.917957755445329
31.450000000000312 20.951022168138078
31.500000000000313 20.984087795443372
31.550000000000313 21.017154623903970
31.600000000000314 21.050222639662667
31.650000000000315 21.083291828341178
31.700000000000315 21.116362174924447
31.750000000000316 21.149433663641055
31.800000000000317 21.182506277870058
31.850000000000318 21.215580000047613
31.900000000000318 21.248654811592591
31.950000000000319 21.281730692831925
32.000000000000320 21.314807622958575
32.050000000000317 21.347885579981714
32.100000000000314 21.380964540708071
32.150000000000311 21.414044480721937
32.200000000000308 21.447125374388897
32.250000000000306 21.480207194875039
32.300000000000303 21.513289914170642
32.350000000000300 21.546373503123419
32.400000000000297 21.579457931507001
32.450000000000294 21.612543168071742
32.500000000000291 21.645629180627175
32.550000000000288 21.678715936125805
32.600000000000286 21.711803400756057
32.650000000000283 21.744891540043245
32.700000000000280 21.777980318961735
32.750000000000277 21.811069702045277
32.800000000000274 21.844159653502775
32.850000000000271 21.877250137345261
32.900000000000269 21.910341117502735
32.950000000000266 21.943432557947993
33.000000000000263 21.976524422815626
33.050000000000260 22.009616676523496
33.100000000000257 22.042709283886296
33.150000000000254 22.075802210222083
33.200000000000252 22.108895421462641
33.250000000000249 22.141988884239062
33.300000000000246 22.175082565977007
33.350000000000243 22.208176434974334
33.400000000000240 22.241270460468023
33.450000000000237 22.274364612693162
33.500000000000234 22.307458862926399
33.550000000000232 22.340553183523070
33.600000000000229 22.373647547937281
33.650000000000226 22.406741930736981
33.700000000000223 22.439836307592689
33.750000000000220 22.472930655273430
33.800000000000217 22.506024951607081
33.850000000000215 22.539119175450946
33.900000000000212 22.572213306637781
33.950000000000209 22.605307325908626
34.000000000000206 22.638401214848436
34.050000000000203 22.671494955795907
34.100000000000200 22.704588531757672
34.150000000000198 22.737681926306042
34.200000000000195 22.770775123469932
34.250000000000192 22.803868107624641
34.300000000000189 22.836960863371861
34.350000000000186 22.870053375417747
34.400000000000183 22.903145628445671
34.450000000000180 22.936237606991028
34.500000000000178 22.969329295310665
34.550000000000175 23.002420677256623
34.600000000000172 23.035511736145505
34.650000000000169 23.068602454639048
34.700000000000166 23.101692814621302
34.750000000000163 23.134782797079993
34.800000000000161 23.167872381996830
34.850000000000158 23.200961548241107
34.900000000000155 23.234050273469997
34.950000000000152 23.267138534036455
35.000000000000149 23.300226304904651
35.050000000000146 23.333313559573433
35.100000000000144 23.366400270009024
35.150000000000141 23.399486406585432
35.200000000000138 23.432571938030215
35.250000000000135 23.465656831381981
35.300000000000132 23.498741051961471
35.350000000000129 23.531824563339818
35.400000000000126 23.564907327315307
35.450000000000124 23.597989303911746
35.500000000000121 23.631070451363239
35.550000000000118 23.664150726121854
35.600000000000115 23.697230082856947
35.650000000000112 23.730308474470693
35.700000000000109 23.763385852098345
35.750000000000107 23.796462165138248
35.800000000000104 23.829537361260478
35.850000000000101 23.862611386423172
35.900000000000098 23.895684184889202
35.950000000000095 23.928755699237293
36.000000000000092 23.961825870376607
36.050000000000090 23.994894637548608
36.100000000000087 24.027961938333569
36.150000000000084 24.061027708639557
36.200000000000081 24.094091882691313
36.250000000000078 24.127154393014713
36.300000000000075 24.160215170400303
36.350000000000072 24.193274143863011
36.400000000000070 24.226331240598910
36.450000000000067 24.259386385916454
36.500000000000064 24.292439503162058
36.550000000000061 24.325490513638165
36.600000000000058 24.358539336500115
36.650000000000055 24.391585888642478
36.700000000000053 24.424630084577451
36.750000000000050 24.457671836290459
36.800000000000047 24.490711053085544
36.850000000000044 24.523747641420563
36.900000000000041 24.556781504729059
36.950000000000038 24.589812543224333
37.000000000000036 24.622840653690538
37.050000000000033 24.655865729272016
37.100000000000030 24.688887659238429
37.150000000000027 24.721906328742378
37.200000000000024 24.754921618576383
37.250000000000021 24.787933404902951
37.300000000000018 24.820941558997198
37.350000000000016 24.853945946958603
37.400000000000013 24.886946429434943
37.450000000000010 24.919942861331286
37.500000000000007 24.952935091515069
37.550000000000004 24.985922962520554
37.600000000000001 25.018906310241636
37.649999999999999 25.051884963637690
37.699999999999996 25.084858744418543
37.749999999999993 25.117827466748572
37.799999999999990 25.150790936941220
37.849999999999987 25.183748953153120
37.899999999999984 25.216701305084442
37.949999999999982 25.249647773690345
37.999999999999979 25.282588130875752
38.049999999999976 25.315522139216142
38.099999999999973 25.348449551670971
38.149999999999970 25.381370111303408
38.199999999999967 25.414283551012815
38.249999999999964 25.447189593267652
38.299999999999962 25.480087949843469
38.349999999999959 25.512978321575044
38.399999999999956 25.545860398108733
38.449999999999953 25.578733857667697
38.499999999999950 25.611598366816832
38.549999999999947 25.644453580245980
38.599999999999945 25.677299140544999
38.649999999999942 25.710134678006497
38.699999999999939 25.742959810407399
38.749999999999936 25.775774142831050
38.799999999999933 25.808577267464983
38.849999999999930 25.841368763428036
38.899999999999928 25.874148196586450
38.949999999999925 25.906915119388234
38.999999999999922 25.939669070694102
39.049999999999919 25.972409575623779
39.099999999999916 26.005136145398236
39.149999999999913 26.037848277190541
39.199999999999910 26.070545453984892
39.249999999999908 26.103227144432701
39.299999999999905 26.135892802726872
39.349999999999902 26.168541868465223
39.399999999999899 26.201173766530896
39.449999999999896 26.233787906972349
39.499999999999893 26.266383684891327
39.549999999999891 26.298960480335079
39.599999999999888 26.331517658197690
39.649999999999885 26.364054568123507
39.699999999999882 26.396570544418566
39.749999999999879 26.429064905977715
39.799999999999876 26.461536956207866
39.849999999999874 26.493985982973072
39.899999999999871 26.526411258537657
39.949999999999868 26.558812039531180
39.999999999999865 26.591187566917700
