# Random field Heisenberg chain
# L=14, J=1, Delta=0.9, W=1.5, h_i in [-W,W]
# Integrated spectral function of the Anderson LIOMs I_alpha
# omega I_alpha

0.000000000000000000e+00 1.023217847964631765e-03
0.000000000000000000e+00 2.026363147432485700e-03
0.000000000000000000e+00 3.008829824721166984e-03
0.000000000000000000e+00 4.011173652448509104e-03
0.000000000000000000e+00 5.011963402412942734e-03
0.000000000000000000e+00 6.027851342235533184e-03
0.000000000000000000e+00 7.024241552575147610e-03
0.000000000000000000e+00 8.089770509485685879e-03
0.000000000000000000e+00 9.043636974815633459e-03
0.000000000000000000e+00 1.000147356309945453e-02
0.000000000000000000e+00 1.103203124446969566e-02
0.000000000000000000e+00 1.200205337648047738e-02
0.000000000000000000e+00 1.301192324866132927e-02
0.000000000000000000e+00 1.400240963014056338e-02
0.000000000000000000e+00 1.501480484161534651e-02
0.000000000000000000e+00 1.610475642811217203e-02
0.000000000000000000e+00 1.701587410281435453e-02
0.000000000000000000e+00 1.816250639102158851e-02
0.000000000000000000e+00 1.900085470745157060e-02
0.000000000000000000e+00 2.001939618042975280e-02
0.000000000000000000e+00 2.113687572181246338e-02
0.000000000000000000e+00 2.201578375987340436e-02
0.000000000000000000e+00 2.300056975144208760e-02
0.000000000000000000e+00 2.402893325251858475e-02
0.000000000000000000e+00 2.502160678492234766e-02
0.000000000000000000e+00 2.600430044523914866e-02
0.000000000000000000e+00 2.704146435100540646e-02
0.000000000000000000e+00 2.801534222417609646e-02
0.000000000000000000e+00 2.900397262335533549e-02
0.000000000000000000e+00 3.003163677469772655e-02
0.000000000000000000e+00 3.103239942240932844e-02
0.000000000000000000e+00 3.201340071858596592e-02
0.000000000000000000e+00 3.313447035308487304e-02
0.000000000000000000e+00 3.400052603449377209e-02
0.000000000000000000e+00 3.500008475987261697e-02
0.000000000000000000e+00 3.610094840663256172e-02
0.000000000000000000e+00 3.703072601847906542e-02
0.000000000000000000e+00 3.801595397313430741e-02
0.000000000000000000e+00 3.909934755773351173e-02
0.000000000000000000e+00 4.005056315803042638e-02
0.000000000000000000e+00 4.100607352118029042e-02
0.000000000000000000e+00 4.202518083418002592e-02
0.000000000000000000e+00 4.304752989812982156e-02
0.000000000000000000e+00 4.404814765816781469e-02
0.000000000000000000e+00 4.503367919866919922e-02
0.000000000000000000e+00 4.602796611876349558e-02
0.000000000000000000e+00 4.707299087765342421e-02
0.000000000000000000e+00 4.801819506435642954e-02
0.000000000000000000e+00 4.912807133939990634e-02
1.128254457651856058e-04 5.000735999676899496e-02
4.779466860817575217e-04 5.100365660214416924e-02
7.177511089441314732e-04 5.200922344878563391e-02
8.922539899782755413e-04 5.300104059625154046e-02
1.061710030221929557e-03 5.400036128056927287e-02
1.185263213694609519e-03 5.500158339981193328e-02
1.325140566607707626e-03 5.601307366338325461e-02
1.418773265943418238e-03 5.700219788146149158e-02
1.512375847521507666e-03 5.800752628305490960e-02
1.605521497188400204e-03 5.900886976372031467e-02
1.741823273974318909e-03 6.001601053051913714e-02
1.838618975717576376e-03 6.100903316626111322e-02
1.963403047718692562e-03 6.202143876060518812e-02
2.084591760535658977e-03 6.300774972448204558e-02
2.179734723414816777e-03 6.400244593070777976e-02
2.265932008357118832e-03 6.500282402045773344e-02
2.365650547844211360e-03 6.601544591658435601e-02
2.469047086440578909e-03 6.700509399691684242e-02
2.556054001156216060e-03 6.800411349861934518e-02
2.679948777333684973e-03 6.900083952673299881e-02
2.771933847875773793e-03 7.000881183145568620e-02
2.884465366601585146e-03 7.100150132951647819e-02
3.006495840589540336e-03 7.200684356949649256e-02
3.113690934759993922e-03 7.300237998251989102e-02
3.198118599805788165e-03 7.400045428373648593e-02
3.283834318648093387e-03 7.500080990921906277e-02
3.411559710639888721e-03 7.600151128352904129e-02
3.542709983224590076e-03 7.701330894409813554e-02
3.668313605874828909e-03 7.800066648846445960e-02
3.764541162999179846e-03 7.900011672334394941e-02
3.854726517231288341e-03 8.002117232788018286e-02
3.930319260663894809e-03 8.100240046391102289e-02
4.031735682291912037e-03 8.200396222517067346e-02
4.148685186041944917e-03 8.300048114315114467e-02
4.292333130010206332e-03 8.400285270174681629e-02
4.395194816688707817e-03 8.500202313496622863e-02
4.502195485045490386e-03 8.600145916400216139e-02
4.600901376552446465e-03 8.700057260620970567e-02
4.690188380295001735e-03 8.800690883986221624e-02
4.825017041016455011e-03 8.900265050045030879e-02
4.967230330295002716e-03 9.000081707059713609e-02
5.044259101246062471e-03 9.100227364966134713e-02
5.130093142864389222e-03 9.200708801466110642e-02
5.236563909862379518e-03 9.300723247721887077e-02
5.333379548268291082e-03 9.401971146804445623e-02
5.465652519497155026e-03 9.500226668577933797e-02
5.576028314540071307e-03 9.600031523814873957e-02
5.666128013419147180e-03 9.700308206599585203e-02
5.783802287478767568e-03 9.800713394534391054e-02
5.879211812763088241e-03 9.900101556148994952e-02
5.981586479558487213e-03 1.000188835138737936e-01
6.074960035732032693e-03 1.010001478612120168e-01
6.192291960542828377e-03 1.020019816761801312e-01
6.319754600654592380e-03 1.030032217913230269e-01
6.414536297600470505e-03 1.040042900311292512e-01
6.506944512201351394e-03 1.050009300831068471e-01
6.613958706938039001e-03 1.060019557716250505e-01
6.721102017665403494e-03 1.070058668186729678e-01
6.815609871097194628e-03 1.080041409825902993e-01
6.893658116399414837e-03 1.090032828593081593e-01
6.979675189480616382e-03 1.100030608856244208e-01
7.090452508543343413e-03 1.110014786558511379e-01
7.206149488641067080e-03 1.120023600470601705e-01
7.343433446502123374e-03 1.130242377276559351e-01
7.480074763727806442e-03 1.141246435578433110e-01
7.578264936424439213e-03 1.150100362498011480e-01
7.664998182350307721e-03 1.160189594731375479e-01
7.764572348497367216e-03 1.170071101667192470e-01
7.902902772569914136e-03 1.180102576288800942e-01
7.998664799503174549e-03 1.190172847226975833e-01
8.112687998655707111e-03 1.200004439950562857e-01
8.221216949837462096e-03 1.210006705720217401e-01
8.333834742642931559e-03 1.220053982764229689e-01
8.431573246000745314e-03 1.230008735495018296e-01
8.553098835812456002e-03 1.240039951722042705e-01
8.660245175780900695e-03 1.250020059511482429e-01
8.763170649822349390e-03 1.260178143191066080e-01
8.852215962858789311e-03 1.270012900748616891e-01
8.954249673836844892e-03 1.280048361406704305e-01
9.073474892185018348e-03 1.290057493053742566e-01
9.178265239076055515e-03 1.300006859701635931e-01
9.278357927201774658e-03 1.310089599431635832e-01
9.408271297698833635e-03 1.320021163442169354e-01
9.540548068550203098e-03 1.330011988585562410e-01
9.667930051788564683e-03 1.340012732139223284e-01
9.800904319659853314e-03 1.350002887584778322e-01
9.899688860006694568e-03 1.360027742672111628e-01
1.003217546976120644e-02 1.370004999206896612e-01
1.016780415280393868e-02 1.380025634189850081e-01
1.027661315873773518e-02 1.390015142626418732e-01
1.037771975018242365e-02 1.400022081006792318e-01
1.047445614873998565e-02 1.410003807745116300e-01
1.058152932685674230e-02 1.420010665649618642e-01
1.070413131039882337e-02 1.430000230920041304e-01
1.084636132589034130e-02 1.440080781370976504e-01
1.095148872058571143e-02 1.450041102678767402e-01
1.106233922416022253e-02 1.460006848045288241e-01
1.114839180214444170e-02 1.470014259196290030e-01
1.125490345707325091e-02 1.480142805396988392e-01
1.139730667923966045e-02 1.490012529728735047e-01
1.156503615539361540e-02 1.500045058380771179e-01
1.169067963584424774e-02 1.510147593751891837e-01
1.180085591373725151e-02 1.520089888387891330e-01
1.195175105663315307e-02 1.530032378722037956e-01
1.207931246482268905e-02 1.540020209416388952e-01
1.219155561620155481e-02 1.550008679160664316e-01
1.230150693495524195e-02 1.560052648386353047e-01
1.241167374852337330e-02 1.570030740268748004e-01
1.251796878050370765e-02 1.580049361685406384e-01
1.267279105273211304e-02 1.590024261267571626e-01
1.279825656613908791e-02 1.600000966157762716e-01
1.293396789075451636e-02 1.610012667331464919e-01
1.305095170528236537e-02 1.620013127607382308e-01
1.317575684099869804e-02 1.630055914254398275e-01
1.329240901977923883e-02 1.640005719003830020e-01
1.342214657741624961e-02 1.650045095564096898e-01
1.353834327565905937e-02 1.660093676859273615e-01
1.365889419920351955e-02 1.670110264140828027e-01
1.376903891672798252e-02 1.680039636031140093e-01
1.390399342317838460e-02 1.690030308922495506e-01
1.403361246814682772e-02 1.700027087517773094e-01
1.419711175157756244e-02 1.710035129314779190e-01
1.433757895882559197e-02 1.720035820964778139e-01
1.446252230550637563e-02 1.730091835029932412e-01
1.461275506546000358e-02 1.740012567465160087e-01
1.474394772182829882e-02 1.750047208134166699e-01
1.485409793559266944e-02 1.760010733747109368e-01
1.496611086082122455e-02 1.770506547787598084e-01
1.507519505660015469e-02 1.780042619402016080e-01
1.516224966155554910e-02 1.790003614210479432e-01
1.528085917630961355e-02 1.800000019501974691e-01
1.539697246324456259e-02 1.810008291995867935e-01
1.556680859036596587e-02 1.820056977282553112e-01
1.571405086535726525e-02 1.830004618329231503e-01
1.586226776632670976e-02 1.840002086965447370e-01
1.601812869396379568e-02 1.850002832859993784e-01
1.614969175705649462e-02 1.860091048024449523e-01
1.626663788835136515e-02 1.870042218488118524e-01
1.637894753465474196e-02 1.880046684866693296e-01
1.649949051775645437e-02 1.890023051279206834e-01
1.661546748900732950e-02 1.900065090189399786e-01
1.675534819073343229e-02 1.910007592680867672e-01
1.687082420112240300e-02 1.920014497125261121e-01
1.701307977176280684e-02 1.930058734216771044e-01
1.712396713314223717e-02 1.940074902725349715e-01
1.725836370628819338e-02 1.950121520132447328e-01
1.741624120890117311e-02 1.960074533690013276e-01
1.756882937376147424e-02 1.970089772970643471e-01
1.772526338064661644e-02 1.980016489112304268e-01
1.786970200381166052e-02 1.990000482468464726e-01
1.800939223542030732e-02 2.000100837747591787e-01
1.815181783470132260e-02 2.010017114139178995e-01
1.827737346538249597e-02 2.020069561271006786e-01
1.844366198680980062e-02 2.030038533851757920e-01
1.855391324949173804e-02 2.040007727774288959e-01
1.867585965814266835e-02 2.050044817739928582e-01
1.880819743438078007e-02 2.060005367031327306e-01
1.892173241760403135e-02 2.070017580364527654e-01
1.903851851743632029e-02 2.080123118186047171e-01
1.920672947628254690e-02 2.090067025592056982e-01
1.936954270454371851e-02 2.100003794025730730e-01
1.954271560321385603e-02 2.110024569205934675e-01
1.966596446272284027e-02 2.120022637715627267e-01
1.982865555912627364e-02 2.130054143457815463e-01
1.997650751443780237e-02 2.140001428596631783e-01
2.013734248075138566e-02 2.150048073894105238e-01
2.031272006586748446e-02 2.160016332332674593e-01
2.047947404704553165e-02 2.170035935130258664e-01
2.058321586140521298e-02 2.180013617074400278e-01
2.073655658953255099e-02 2.190102599329069033e-01
2.091477885201520337e-02 2.200032190416154332e-01
2.107526353457167545e-02 2.210033858583932975e-01
2.123699317934324426e-02 2.220006089701114238e-01
2.141114845002878297e-02 2.230126664321945285e-01
2.156830452748215166e-02 2.240025910855096003e-01
2.171872919433170956e-02 2.250001730569953229e-01
2.186612514159014253e-02 2.260010109329169681e-01
2.203089655623013954e-02 2.270035494321122893e-01
2.215743343140383348e-02 2.280006946508927324e-01
2.229086994936690935e-02 2.290004009560639708e-01
2.242413905743112501e-02 2.300037974660212592e-01
2.259845844103969270e-02 2.310004139519249988e-01
2.276908542420130743e-02 2.320000581390737060e-01
2.292739614943339888e-02 2.330000013004181192e-01
2.310801008441187854e-02 2.340048062706610588e-01
2.325799350741031279e-02 2.350167567699986138e-01
2.339867849197840854e-02 2.360040453259729665e-01
2.354308518690162444e-02 2.370013958396200993e-01
2.371501353642502252e-02 2.380068456919052777e-01
2.389559213343250832e-02 2.390000795720356175e-01
2.407871095115066140e-02 2.400002445394024964e-01
2.423520843177073836e-02 2.410021026378193487e-01
2.438529527765709304e-02 2.420004340598967407e-01
2.457417189890964693e-02 2.430029495292276576e-01
2.471539045667769940e-02 2.440009140840361801e-01
2.487896219365470785e-02 2.450030217541089017e-01
2.502979955243045396e-02 2.460012813322652037e-01
2.520839654793594065e-02 2.470510867869202820e-01
2.536376085848957018e-02 2.480032594149391978e-01
2.554771407492806290e-02 2.490025140171756302e-01
2.573269360502328240e-02 2.500013258876837563e-01
2.591165132162975837e-02 2.510011347694464656e-01
2.607690633187753626e-02 2.520005444659793592e-01
2.628225492940927666e-02 2.530000422241936442e-01
2.642887979576968860e-02 2.540000542192365485e-01
2.659787946596869901e-02 2.550004158638027874e-01
2.670794441442636558e-02 2.560002171297084961e-01
2.685654553993455096e-02 2.570007481261863957e-01
2.704419083039522054e-02 2.580091983292311375e-01
2.723090687806761778e-02 2.590015880645214486e-01
2.742914011827451981e-02 2.600064378536713350e-01
2.757055797502072636e-02 2.610000381124279456e-01
2.775343499727678243e-02 2.620006271572212775e-01
2.790749162376915393e-02 2.630055606688847525e-01
2.807617464272649244e-02 2.640005573408784056e-01
2.825197717375826922e-02 2.650004127150866196e-01
2.844017379115038047e-02 2.660020415304490959e-01
2.859643513399934278e-02 2.670146805749269991e-01
2.877181206238899058e-02 2.680000542687273613e-01
2.896838465818163399e-02 2.690003355904105331e-01
2.918503706057595792e-02 2.700102491734658883e-01
2.938892696490302825e-02 2.710040870346135944e-01
2.956063512738893451e-02 2.720111343591481989e-01
2.969927096102908948e-02 2.730010630801764093e-01
2.987022442331627170e-02 2.740002423964219003e-01
3.004747743165303575e-02 2.750095721808614169e-01
3.020864219784602511e-02 2.760079712112034622e-01
3.037492665660623814e-02 2.770002696826263655e-01
3.056359911721573397e-02 2.780020048687635859e-01
3.075595382485141194e-02 2.790035519389684748e-01
3.096455102051098862e-02 2.800147772425359838e-01
3.113639743101259683e-02 2.810006059328200578e-01
3.135672786803400669e-02 2.820001206998462018e-01
3.152616575112532349e-02 2.830077703258195299e-01
3.171668181336118053e-02 2.840027714000352144e-01
3.192714071028346368e-02 2.850016204479823290e-01
3.207873551248024979e-02 2.860017384139496577e-01
3.226160561794078063e-02 2.870004452704438269e-01
3.246290002278184872e-02 2.880016717624632183e-01
3.265669433870921345e-02 2.890160971544051827e-01
3.288223176188864727e-02 2.900024792854267730e-01
3.310260273912923878e-02 2.910006617121179695e-01
3.324892575909310644e-02 2.920027599405678465e-01
3.344725279264570972e-02 2.930014095546404351e-01
3.365693813434944559e-02 2.940030562428998517e-01
3.391303331017470057e-02 2.950001964744232708e-01
3.409151915996955218e-02 2.960001980827794976e-01
3.428854641171752426e-02 2.970011590690663228e-01
3.447567376180038501e-02 2.980026803501811816e-01
3.471184783485803393e-02 2.990019491793015072e-01
3.487561735673772034e-02 3.000126639526581318e-01
3.504993358052810315e-02 3.010006078345335290e-01
3.526563565080742535e-02 3.020019183209891045e-01
3.544267390237243465e-02 3.030009283824703914e-01
3.563956995621442303e-02 3.040044799343220583e-01
3.580594865966757467e-02 3.050001943541220117e-01
3.599420773946682139e-02 3.060028683907997094e-01
3.617210663794656611e-02 3.070042458890885340e-01
3.639314765911727534e-02 3.080006694767006281e-01
3.655144404894183907e-02 3.090015427665844250e-01
3.676756226624143531e-02 3.100034053249056676e-01
3.697292874484503500e-02 3.110066828792732441e-01
3.716568267809172710e-02 3.120002055240890804e-01
3.741195513214978785e-02 3.130022713178844396e-01
3.765108267421840571e-02 3.140032543531051101e-01
3.782550693330621883e-02 3.150043145655652133e-01
3.803000434076175829e-02 3.160007714034989146e-01
3.826948999108203964e-02 3.170045172574438297e-01
3.851890643363753419e-02 3.180025447075056078e-01
3.875362913570712387e-02 3.190106470194339350e-01
3.896547661817173491e-02 3.200003614215082282e-01
3.915034249104731856e-02 3.210013907699634239e-01
3.937427211542177119e-02 3.220008577182905118e-01
3.954325064666674994e-02 3.230002716557039966e-01
3.973617918280236694e-02 3.240006602823604642e-01
3.994573872403162085e-02 3.250008453398567920e-01
4.016573278149770942e-02 3.260031233563800979e-01
4.038149027866828888e-02 3.270055763069951715e-01
4.058990872824885798e-02 3.280008845007358897e-01
4.079000631802998100e-02 3.290006106887481407e-01
4.102686483143980212e-02 3.300023711753868327e-01
4.125349449840909344e-02 3.310002672468402296e-01
4.150868917425132310e-02 3.320050153055558173e-01
4.177892386031833993e-02 3.330004078827098479e-01
4.200306662064999530e-02 3.340008619091834885e-01
4.219256179831587517e-02 3.350005342804383557e-01
4.244639332323640879e-02 3.360000073957059019e-01
4.262612853257330414e-02 3.370057667412231783e-01
4.286694865959361778e-02 3.380040158672575346e-01
4.313312042968586724e-02 3.390111343803636212e-01
4.335060203131835266e-02 3.400003509896986631e-01
4.355648898626895971e-02 3.410159223236439718e-01
4.377693574901297957e-02 3.420006220225090821e-01
4.399097499034301806e-02 3.430030844185785743e-01
4.421595646800069446e-02 3.440009581322829302e-01
4.447767076908837325e-02 3.450029893400755610e-01
4.471502273541361205e-02 3.460009273647867700e-01
4.495294828178408864e-02 3.470005719941849920e-01
4.514683462903756883e-02 3.480014330237928277e-01
4.541308897250831422e-02 3.490101881641313186e-01
4.562567265729899901e-02 3.500023696635521375e-01
4.591686700718966563e-02 3.510002623476833894e-01
4.616366446398156853e-02 3.520030954110706656e-01
4.641113259665763380e-02 3.530010812428657219e-01
4.667220972694008374e-02 3.540018502064477546e-01
4.695466412420556956e-02 3.550016778852458366e-01
4.722697884435689275e-02 3.560002645746868644e-01
4.747925120134866006e-02 3.570001148539887481e-01
4.778131149459843852e-02 3.580068051399919460e-01
4.801780198403982070e-02 3.590019359679607613e-01
4.827729189849572222e-02 3.600017060787151779e-01
4.858724154258275973e-02 3.610015239839899914e-01
4.884182280022031364e-02 3.620003671036086113e-01
4.905263255630698538e-02 3.630004347758913341e-01
4.934503336152440411e-02 3.640000537279516890e-01
4.957848042200407868e-02 3.650006801676145551e-01
4.985996851742702241e-02 3.660009886381293542e-01
5.016360331089157742e-02 3.670007673899683964e-01
5.040714891801290065e-02 3.680003519539941093e-01
5.063027579550588575e-02 3.690030319010619286e-01
5.090607347504505498e-02 3.700022197887366526e-01
5.114447241695652124e-02 3.710010022774643534e-01
5.135253587351762405e-02 3.720014002975876033e-01
5.165372124748968119e-02 3.730002983983344844e-01
5.193616146620794183e-02 3.740004649742410536e-01
5.214705921922035969e-02 3.750023815856795562e-01
5.240294662935474079e-02 3.760100942272531221e-01
5.267056970102412805e-02 3.770060200098392378e-01
5.292801579768990905e-02 3.780128880955525017e-01
5.318502790968344940e-02 3.790063093793320514e-01
5.346500396649389586e-02 3.800027905793511018e-01
5.373547038048354096e-02 3.810006549574181944e-01
5.403336699300187451e-02 3.820011829539175507e-01
5.436899531651295803e-02 3.830007217564193045e-01
5.464240500137407253e-02 3.840007284518895392e-01
5.486273465762980805e-02 3.850108670453495363e-01
5.516128764222449909e-02 3.860025384175930774e-01
5.548246087595432030e-02 3.870005283757037562e-01
5.582748414522598068e-02 3.880007529966507107e-01
5.610751971982841368e-02 3.890011762253305361e-01
5.633927743394950838e-02 3.900061885549985230e-01
5.658133373862872517e-02 3.910002149564722473e-01
5.682864641666807159e-02 3.920003969836566293e-01
5.714684748248810564e-02 3.930017504287039443e-01
5.733342771504923441e-02 3.940001134808499561e-01
5.762664188253441289e-02 3.950001116642296028e-01
5.791614818773727080e-02 3.960043635132596829e-01
5.818647941048160632e-02 3.970051916549052207e-01
5.843623081776838646e-02 3.980024770036772463e-01
5.871892919990345794e-02 3.990026775969553463e-01
5.907467300432167612e-02 4.000043505709700020e-01
5.930253294703646816e-02 4.010063546394544987e-01
5.957031582540484038e-02 4.020006230439355233e-01
5.989855717795822265e-02 4.030020845459190149e-01
6.024780829369402735e-02 4.040043810085461318e-01
6.049422959231010033e-02 4.050021674273714956e-01
6.081063149253673750e-02 4.060006433931111491e-01
6.114514387309744059e-02 4.070028268389420112e-01
6.140945178315604380e-02 4.080000486110257896e-01
6.171491715393928601e-02 4.090008221627703944e-01
6.207245117183368688e-02 4.100011398399077134e-01
6.239335080411478884e-02 4.110028764864422368e-01
6.266040834562813799e-02 4.120023343913360447e-01
6.295399968096138110e-02 4.130047083943234054e-01
6.333937118567245506e-02 4.140015116624092273e-01
6.368559999925071935e-02 4.150002668870487743e-01
6.400204868385994672e-02 4.160013794759238048e-01
6.429793155197272014e-02 4.170001551533824569e-01
6.461517498398805515e-02 4.180002831807467789e-01
6.493733937036427761e-02 4.190184440243616693e-01
6.525693369611706984e-02 4.200003496848682683e-01
6.553444559963850224e-02 4.210021059268133636e-01
6.585896662652590550e-02 4.220013182806893748e-01
6.620833313644736151e-02 4.230016113549607826e-01
6.651363163070023177e-02 4.240002181944449444e-01
6.686103680053689935e-02 4.250001103044678818e-01
6.720572428024551570e-02 4.260006129918261220e-01
6.754990648471848047e-02 4.270025060498100489e-01
6.788556202317597155e-02 4.280003005661120463e-01
6.823059598678948845e-02 4.290037282001432084e-01
6.858337148362819713e-02 4.300039717877428558e-01
6.889440109527789069e-02 4.310006108701014416e-01
6.927269687748904836e-02 4.320101867734072454e-01
6.962754307425678135e-02 4.330015734223663371e-01
6.998231086848649696e-02 4.340002750761630113e-01
7.029853685521647577e-02 4.350002696762378385e-01
7.068546527211028163e-02 4.360010252814167098e-01
7.101428539646403859e-02 4.370003911381298289e-01
7.140222737273349551e-02 4.380043781292173311e-01
7.172969545938394365e-02 4.390045230088449602e-01
7.208772249131220611e-02 4.400008077174358267e-01
7.248213645660150917e-02 4.410006649438306114e-01
7.281412037987267105e-02 4.420000448548086491e-01
7.315271912489906825e-02 4.430000775762513165e-01
7.350335355418469163e-02 4.440021314614255310e-01
7.381776231779113573e-02 4.450010600244140857e-01
7.418932240846221049e-02 4.460020148843719667e-01
7.457253824128495800e-02 4.470001904322322694e-01
7.495313442159923234e-02 4.480056816175070900e-01
7.529093902255068471e-02 4.490000829676741856e-01
7.571060665659068434e-02 4.500000522290397154e-01
7.612033775233262300e-02 4.510000091675736011e-01
7.647562878238733930e-02 4.520000524128245933e-01
7.669298575648308969e-02 4.530009765807693767e-01
7.713280214824358438e-02 4.540001576414698925e-01
7.754586875104241273e-02 4.550002374048790488e-01
7.795646576088754998e-02 4.560025038968953393e-01
7.829612925824314118e-02 4.570026773924793506e-01
7.866360926884752303e-02 4.580004677201521823e-01
7.900996378096403205e-02 4.590095020297313422e-01
7.949035770643675392e-02 4.600005337962266849e-01
7.984615239270764775e-02 4.610018970771150859e-01
8.025603758302057855e-02 4.620001713749086747e-01
8.069563513055344472e-02 4.630001621702493630e-01
8.112916552531945769e-02 4.640001712406612300e-01
8.149393719976139039e-02 4.650014453152068739e-01
8.192017060304823683e-02 4.660000173543044077e-01
8.228845233324033615e-02 4.670002763601829310e-01
8.272266288300134107e-02 4.680023274253909404e-01
8.311530835250380278e-02 4.690018844479918458e-01
8.352572552711590159e-02 4.700013326928708102e-01
8.393422684356011132e-02 4.712118526371147365e-01
8.415898179158176617e-02 4.720005005115012198e-01
8.463340347667447361e-02 4.730016746187449828e-01
8.498428569707061619e-02 4.740003697632321211e-01
8.542392929887654418e-02 4.750004877766905165e-01
8.594303188288798800e-02 4.760001883821446400e-01
8.643507453988430456e-02 4.770004051887448693e-01
8.683420465370295105e-02 4.780268898383129850e-01
8.728285048888917430e-02 4.790000556654890329e-01
8.769906165419105726e-02 4.800001074766552245e-01
8.807967234536651091e-02 4.810011242057515846e-01
8.849001016269308906e-02 4.820322561907489090e-01
8.893815339331156977e-02 4.830000635416413779e-01
8.941279652527711619e-02 4.840002727405151584e-01
8.991588437804731715e-02 4.850022378295365533e-01
9.037777413434611162e-02 4.860006858823450182e-01
9.081091871694679796e-02 4.870047719709266754e-01
9.130602668891274476e-02 4.880000281184617705e-01
9.183510657418914036e-02 4.890048593787192921e-01
9.229637218102926255e-02 4.900016188713954834e-01
9.280148012548927738e-02 4.910001057363943544e-01
9.328777221624307003e-02 4.920038595221123412e-01
9.374367910685599270e-02 4.930007612259913463e-01
9.424839594008149746e-02 4.940000639219533918e-01
9.465394736971077805e-02 4.950002155173527374e-01
9.523605149478742149e-02 4.960016215286456864e-01
9.574086336206066861e-02 4.970005965728488961e-01
9.622060799271814346e-02 4.980069015670969268e-01
9.679521409917235530e-02 4.990008359980691033e-01
9.731347301398418637e-02 5.000001810415110048e-01
9.784538907757589499e-02 5.010003409188649171e-01
9.838551081700952494e-02 5.020004032916666192e-01
9.894498422838382545e-02 5.030011046096184435e-01
9.950889211849123228e-02 5.040021004646083602e-01
1.000824100869402433e-01 5.050003674725996872e-01
1.006319753193773980e-01 5.060004528832128257e-01
1.011001556037962601e-01 5.070017258311069197e-01
1.016269163809866427e-01 5.080101010264254091e-01
1.021371056737469529e-01 5.090002446460611951e-01
1.026488267973109103e-01 5.100016331033118133e-01
1.032292057038476374e-01 5.110026288492451885e-01
1.038303707088236716e-01 5.120093102595523193e-01
1.044357900841638154e-01 5.130002987670322367e-01
1.049854806923238293e-01 5.140000320257633870e-01
1.055490777225331911e-01 5.150009041478030847e-01
1.061410000284803701e-01 5.160010044731915269e-01
1.066909908409612306e-01 5.170013952936870494e-01
1.072426754378028868e-01 5.180012184548953291e-01
1.077269100187175921e-01 5.190002526580298481e-01
1.083292625349336902e-01 5.200007613878042667e-01
1.089227624024111662e-01 5.210000301780258747e-01
1.095180370854276219e-01 5.220028798248664836e-01
1.101248996281911918e-01 5.230000069563703891e-01
1.106691988973262930e-01 5.240013299917002376e-01
1.112086195390744603e-01 5.250040129749519169e-01
1.117828380232066543e-01 5.260000649654271720e-01
1.123807801592633382e-01 5.270000426545430328e-01
1.128296846283358690e-01 5.280008093897853305e-01
1.134090481701270914e-01 5.290012647585491390e-01
1.139712154511008935e-01 5.300001332509253205e-01
1.145479741274439967e-01 5.310002029676376134e-01
1.152107412806770981e-01 5.320005308824452550e-01
1.158628697162291665e-01 5.330000944681024810e-01
1.164994433528723644e-01 5.340011084095627192e-01
1.170869367645723802e-01 5.350012550672769152e-01
1.177269972687660093e-01 5.360261828971496501e-01
1.183587729767516805e-01 5.370000813088151581e-01
1.189850847670585743e-01 5.380001681873086694e-01
1.195694727854954564e-01 5.390064882012105540e-01
1.201174779331717346e-01 5.400004679585391765e-01
1.207135711856883731e-01 5.410027846626282999e-01
1.214522541860955096e-01 5.420001735460132641e-01
1.221782049644675183e-01 5.430000400521720616e-01
1.229198808790057384e-01 5.440003737455224586e-01
1.235860567528916931e-01 5.450052170839457810e-01
1.241880543398496961e-01 5.460161548448699831e-01
1.248010698530368501e-01 5.470032071385005912e-01
1.255157716688595215e-01 5.480000487249584440e-01
1.262019245804592016e-01 5.490039055970523663e-01
1.268527297729591385e-01 5.500004675432003109e-01
1.274087218707693481e-01 5.510006389077644062e-01
1.281183517776298686e-01 5.520012211012551573e-01
1.287945185639642887e-01 5.530006279299543026e-01
1.295867421061095426e-01 5.540005959235214661e-01
1.303316141175416831e-01 5.550000913295398686e-01
1.311134385647791945e-01 5.560005710778407328e-01
1.317760035181287925e-01 5.570029777901939205e-01
1.325117955931358615e-01 5.580004557965173584e-01
1.332004256528405151e-01 5.590005002061737560e-01
1.339256706962759225e-01 5.600007395683038736e-01
1.347587466327446748e-01 5.610011617041140708e-01
1.355542407404204397e-01 5.620277049027936345e-01
1.362209936243945485e-01 5.630001239032914606e-01
1.371430213281987776e-01 5.640006663998019532e-01
1.379110287619145225e-01 5.650006114956521719e-01
1.388114989227844376e-01 5.660009201372252496e-01
1.396865132809788079e-01 5.670005627540369852e-01
1.404239157429536533e-01 5.680008725321187280e-01
1.411439341424860494e-01 5.690000011469610319e-01
1.419636358333526971e-01 5.700002910111617860e-01
1.428639002984666284e-01 5.710005493838526958e-01
1.437267970734907863e-01 5.720010582932747445e-01
1.445986533303615929e-01 5.730001727423509328e-01
1.454506792941949733e-01 5.740009877976989250e-01
1.463025480961153146e-01 5.750001704687807136e-01
1.472668062611930395e-01 5.760002242739433731e-01
1.481690935087942584e-01 5.770004871003882041e-01
1.491230200393398597e-01 5.780001651130181051e-01
1.499435922593608250e-01 5.790000781017662357e-01
1.508026250137353141e-01 5.800001588710661515e-01
1.516634603982809359e-01 5.810002956396814744e-01
1.526174952774290716e-01 5.820004002205690918e-01
1.535186299463089377e-01 5.830000495351733703e-01
1.545218145833939793e-01 5.840000951979437138e-01
1.554549066956401049e-01 5.850000952712834934e-01
1.563627134897629389e-01 5.860001776429921705e-01
1.574076810924798231e-01 5.870001247012738288e-01
1.583466558401216417e-01 5.880000791224175849e-01
1.593408749825995230e-01 5.890049719179739629e-01
1.604254951085994918e-01 5.900000020257266664e-01
1.613948261785784766e-01 5.910001813512701929e-01
1.624076521880143953e-01 5.920001892605513127e-01
1.633639410971032824e-01 5.930005395629366349e-01
1.643910101397191292e-01 5.940000932136945133e-01
1.654791710430594254e-01 5.950002478266095407e-01
1.665703133494989552e-01 5.960013090585956075e-01
1.676598484136049283e-01 5.970013261759872236e-01
1.687951172218191687e-01 5.980001065584189535e-01
1.699314630985071517e-01 5.990027413998002537e-01
1.709957456672581699e-01 6.000005200463838229e-01
1.719817043903800746e-01 6.010000464801936726e-01
1.729766639450904808e-01 6.020014212180729851e-01
1.742248468283484897e-01 6.030002335045604456e-01
1.753954530315184890e-01 6.040001103882378652e-01
1.766068476594870873e-01 6.050000025042990837e-01
1.776994413438823806e-01 6.060001407906475679e-01
1.789807370268974296e-01 6.070002858794640854e-01
1.802036727816798134e-01 6.080132005188847444e-01
1.814419163855771622e-01 6.090003051396757350e-01
1.827321618561357219e-01 6.100001433113143579e-01
1.840358694424620856e-01 6.110022475254096586e-01
1.852628126618865445e-01 6.120013962100027127e-01
1.864793979197667539e-01 6.130003320139503220e-01
1.876851436751766355e-01 6.140004410363130161e-01
1.890321175608602744e-01 6.150000503103392191e-01
1.902908518944439464e-01 6.160000312138081968e-01
1.916388331112248711e-01 6.170000187665979352e-01
1.930738016565358706e-01 6.180003270017008221e-01
1.945167914408219012e-01 6.190004318674869888e-01
1.958486039115685529e-01 6.200314608368868718e-01
1.971630762259399816e-01 6.210000633469955345e-01
1.986836608846098140e-01 6.220002185468249678e-01
1.999294378005496142e-01 6.230001230308208626e-01
2.013129017149601907e-01 6.240020924169541461e-01
2.027290040630225221e-01 6.250006356157994380e-01
2.042407024256229775e-01 6.260000077846293864e-01
2.057987769370523967e-01 6.270005312754786120e-01
2.073605515535004162e-01 6.280000751738507025e-01
2.089616518838850467e-01 6.290001688814915726e-01
2.105394851727501182e-01 6.300002076725821354e-01
2.120681486907214364e-01 6.310003640576601347e-01
2.136441858447931663e-01 6.320002982879256992e-01
2.152330285008107191e-01 6.330002711537775495e-01
2.168378828245276502e-01 6.340001544848495874e-01
2.184548540417203810e-01 6.350000856918806003e-01
2.200090649039481150e-01 6.360002455001175781e-01
2.216775349431872044e-01 6.370000248365510487e-01
2.233693753861125675e-01 6.380002050522478596e-01
2.250822290759688649e-01 6.390008979958048396e-01
2.267980028095895051e-01 6.400002188954897475e-01
2.283810222963902348e-01 6.410000140337007712e-01
2.299089080103744465e-01 6.420002521967429487e-01
2.316493221823882620e-01 6.430000250754032143e-01
2.334278467190684658e-01 6.440003285378760323e-01
2.352193453807003287e-01 6.450002053583675510e-01
2.369962773348159857e-01 6.460002002166717050e-01
2.387602605590120608e-01 6.470003060864456534e-01
2.406574455854106898e-01 6.480000181328805509e-01
2.425716966293252064e-01 6.490000339570566323e-01
2.443405332661983120e-01 6.500000476154100815e-01
2.461257525734590890e-01 6.510018505908480302e-01
2.479574471073320296e-01 6.520026055433635337e-01
2.498942839172810793e-01 6.530000506532461779e-01
2.520299971907982162e-01 6.540005467600930045e-01
2.540195883633455942e-01 6.550002051309561368e-01
2.561564626553796686e-01 6.560003460148566834e-01
2.582956335454067442e-01 6.570000370475100882e-01
2.605404322943711826e-01 6.580000083315423742e-01
2.629297192491328872e-01 6.590005215004962613e-01
2.649667729997960408e-01 6.600000369753989959e-01
2.671171528958753427e-01 6.610001972278423121e-01
2.694306445999892219e-01 6.620002550178940570e-01
2.718147933193579835e-01 6.630000076563208333e-01
2.742313105025377951e-01 6.640000866257964596e-01
2.767682041681762684e-01 6.650016182174891544e-01
2.791408975582418961e-01 6.660009687071328788e-01
2.813138282548559577e-01 6.670006224074245260e-01
2.836802391519661626e-01 6.680115909298832699e-01
2.860119349702912039e-01 6.690012210969191742e-01
2.885011805537067708e-01 6.700000515926839428e-01
2.910157962910093765e-01 6.710000166870044858e-01
2.936099357438930468e-01 6.720002273484030342e-01
2.961356875195997329e-01 6.730001524068774943e-01
2.987146583781838394e-01 6.740002005521786854e-01
3.013218714756915606e-01 6.750000067772966572e-01
3.040549032910531135e-01 6.760001678763646327e-01
3.068612527180459848e-01 6.770001283378320744e-01
3.094833889768149326e-01 6.780006462816804413e-01
3.122553766172360135e-01 6.790004004852080444e-01
3.150170045224820470e-01 6.800003011203233916e-01
3.178077748815848480e-01 6.810004663310388340e-01
3.207389106282877433e-01 6.820000731528405025e-01
3.236194706792068776e-01 6.830006157043310155e-01
3.266008767206294294e-01 6.840002425435079969e-01
3.295085069871837025e-01 6.850000931557299610e-01
3.324318239336951919e-01 6.860000725360045903e-01
3.352918612517221675e-01 6.870005520874122862e-01
3.380599217701925063e-01 6.880000232768704871e-01
3.409699704312041391e-01 6.890000636885927898e-01
3.438742162821379900e-01 6.900002925706557599e-01
3.468933936723903599e-01 6.910002626179329033e-01
3.498478953766879229e-01 6.920004093864724481e-01
3.527480244828096190e-01 6.930002747936873098e-01
3.560212653132106553e-01 6.940000411289551918e-01
3.592608376557766547e-01 6.950000294507658882e-01
3.624875585095987951e-01 6.960001139042309992e-01
3.657821312916627043e-01 6.970000664879428820e-01
3.692155084632355866e-01 6.980001222386245097e-01
3.724789037973894601e-01 6.990000595443606191e-01
3.758283104889583726e-01 7.000004269389369371e-01
3.794505549682627432e-01 7.010000310336353957e-01
3.829628928468560289e-01 7.020023084877895503e-01
3.865824880055466206e-01 7.030000299109683271e-01
3.901986101083769753e-01 7.040000048309387193e-01
3.938915582367494284e-01 7.050000592916232378e-01
3.974364540083006325e-01 7.060000470577424414e-01
4.010432885611199261e-01 7.070000304575867478e-01
4.046938922673390948e-01 7.080001046603245918e-01
4.083940235156044984e-01 7.090001887675296821e-01
4.119610429538598240e-01 7.100074538857149564e-01
4.156628773156554324e-01 7.110000430414924466e-01
4.193827790434363489e-01 7.120000765408166510e-01
4.231688353217046838e-01 7.130003646526603678e-01
4.270194008382044992e-01 7.140014690288808419e-01
4.309420999099682348e-01 7.150000936366432969e-01
4.348932885033898188e-01 7.160000012003177039e-01
4.388721085470781436e-01 7.170016007454990126e-01
4.429225941377925579e-01 7.180000100876917646e-01
4.467705151949874498e-01 7.190000799020440647e-01
4.508015964149789667e-01 7.200007474248101280e-01
4.550754939566235002e-01 7.210000266154222848e-01
4.592105265113723966e-01 7.220000624383690058e-01
4.632416802952992185e-01 7.230000108849912177e-01
4.673529412340893252e-01 7.240000311698510105e-01
4.715736846044516484e-01 7.250000063158655861e-01
4.758390262513350066e-01 7.260000117510242434e-01
4.801133399739203611e-01 7.270001628518832915e-01
4.844416585991204727e-01 7.280005407093174119e-01
4.887483729130090992e-01 7.290002353942076629e-01
4.931951483464530606e-01 7.300000502347173681e-01
4.974679704431155258e-01 7.310001174331451912e-01
5.020618446664562029e-01 7.320000025494607376e-01
5.063742339668531045e-01 7.330002928387561179e-01
5.110091465446851000e-01 7.340001214613242064e-01
5.154413789995366812e-01 7.350000120490769451e-01
5.199259643757025984e-01 7.360001132715344729e-01
5.245650544657278758e-01 7.370002468898041448e-01
5.291435384756435489e-01 7.380000634083802025e-01
5.337575828358788188e-01 7.390000134713803348e-01
5.382757849128774197e-01 7.400000038238727651e-01
5.428179764989695677e-01 7.410000697659340219e-01
5.476926629346441366e-01 7.420001053056135554e-01
5.523617179624781270e-01 7.430001027081835074e-01
5.570339684441307782e-01 7.440002054708301227e-01
5.618434781731250771e-01 7.450000661912562494e-01
5.666707639268442342e-01 7.460000329896344651e-01
5.711031357705383948e-01 7.470000971258320410e-01
5.760618513234607718e-01 7.480000711816328085e-01
5.808102244160275873e-01 7.490001141013669095e-01
5.854535354127716751e-01 7.500006650177521994e-01
5.903984245137534614e-01 7.510000014305708849e-01
5.951201103025618444e-01 7.520000265784082538e-01
5.997436080305789119e-01 7.530007286019368973e-01
6.044566316357780078e-01 7.540002772142887499e-01
6.091995345718344002e-01 7.550002489834777286e-01
6.139867935113654251e-01 7.560000806721079991e-01
6.187405734652071665e-01 7.570000024542672401e-01
6.234268752650726775e-01 7.580000152108613554e-01
6.278766047234016767e-01 7.590004609778103761e-01
6.323170763676571049e-01 7.600000432875937406e-01
6.368939617170241707e-01 7.610000837444649280e-01
6.413179590138989861e-01 7.620003626275615449e-01
6.457172927407075491e-01 7.630000663317108023e-01
6.501740720366147031e-01 7.640245343654928911e-01
6.544120371922512724e-01 7.650000263877819728e-01
6.587939827578201957e-01 7.660020180360808117e-01
6.630005638312619354e-01 7.670001516496151028e-01
6.674891699301763737e-01 7.680004330167177207e-01
6.713943050073933883e-01 7.690008532142152964e-01
6.759576856092364139e-01 7.700002812983629541e-01
6.802038658050195696e-01 7.710000691352468793e-01
6.846201179078841292e-01 7.720001298025145342e-01
6.888998745533543300e-01 7.730000832822198076e-01
6.932028674471921725e-01 7.740001687865939450e-01
6.973893481201117739e-01 7.750002414130964246e-01
7.016939335497707209e-01 7.760000672699919333e-01
7.061026338452709439e-01 7.770001551248090221e-01
7.107992984770215017e-01 7.780000648143811093e-01
7.150457381856680783e-01 7.790000766539119104e-01
7.191992772782261900e-01 7.800000487580315278e-01
7.234846307860199888e-01 7.810008872618808828e-01
7.279914947985011153e-01 7.820010704004689561e-01
7.323132999678114707e-01 7.830000072536630329e-01
7.366113944203128705e-01 7.840000994683977709e-01
7.409180530607610837e-01 7.850000203552214284e-01
7.452432312392733849e-01 7.860002928079604656e-01
7.494929928728542023e-01 7.870008944199191614e-01
7.537407469675487803e-01 7.880006212654463438e-01
7.577511696317356105e-01 7.890000857300745185e-01
7.619078248131261333e-01 7.900002983221173780e-01
7.660039299691303594e-01 7.910000409080495398e-01
7.699329918682034091e-01 7.920000033704409637e-01
7.738403439553205310e-01 7.930001248700058181e-01
7.776843958957551095e-01 7.940000395904931452e-01
7.816470471102792139e-01 7.950001344417358951e-01
7.854502770108204857e-01 7.960000375851079557e-01
7.894228981560038605e-01 7.970001276799991707e-01
7.933374603679936854e-01 7.980001306429280739e-01
7.971747987761199639e-01 7.990059793049794079e-01
8.010858288956703710e-01 8.000003554220118662e-01
8.046421934348648719e-01 8.010032105030009397e-01
8.086770696045566531e-01 8.020000547259957813e-01
8.126162532522851478e-01 8.030001456332089838e-01
8.164079477900889614e-01 8.040000603312202898e-01
8.204758234139601925e-01 8.050000004821735722e-01
8.244502036431273773e-01 8.060000491266426925e-01
8.282295190879707114e-01 8.070000624131564715e-01
8.320637577651655015e-01 8.080001559890411800e-01
8.359593915575653789e-01 8.090000684470193271e-01
8.397055373265029932e-01 8.100001320669117932e-01
8.434477233418111730e-01 8.110000589135044624e-01
8.471392733470906045e-01 8.120000890374827751e-01
8.508552954842683036e-01 8.130005134751157048e-01
8.547693621065377556e-01 8.140005504677907400e-01
8.584487124446732453e-01 8.150000116739463119e-01
8.621958091589996265e-01 8.160005966952601497e-01
8.660379159162940876e-01 8.170002225888148839e-01
8.698808420459678281e-01 8.180000059865105699e-01
8.736652462075402692e-01 8.190003186559595694e-01
8.772798303299045308e-01 8.200004850109150478e-01
8.808999596883388961e-01 8.210000738508010931e-01
8.845985331059449397e-01 8.220001735940434262e-01
8.883974624814059418e-01 8.230000148039453567e-01
8.921052330015075693e-01 8.240000071280577654e-01
8.956779314930658487e-01 8.250005858741131792e-01
8.991556921227177313e-01 8.260000256309962818e-01
9.028198256750378237e-01 8.270001914875808602e-01
9.065032489818936057e-01 8.280000469144550568e-01
9.100722433524983668e-01 8.290002875564199680e-01
9.135095206006387247e-01 8.300000080252967205e-01
9.170282480770453049e-01 8.310000056795929790e-01
9.205337266362454418e-01 8.320015076553262112e-01
9.239954977821676074e-01 8.330000290186384548e-01
9.274140388568736793e-01 8.340000244051830602e-01
9.307744221305309651e-01 8.350006499407763849e-01
9.340036586117217432e-01 8.360000335980285469e-01
9.374061362485672788e-01 8.370000694022994292e-01
9.407452136100279416e-01 8.380000729820396010e-01
9.441469205173347312e-01 8.390006546313657498e-01
9.475991213279835179e-01 8.400001363511886421e-01
9.507788022313634624e-01 8.410000218629005708e-01
9.541175039908464939e-01 8.420000038612631688e-01
9.574831250272648475e-01 8.430003543194510840e-01
9.607920887526857356e-01 8.440003898926442538e-01
9.639841284883869932e-01 8.450000805652086999e-01
9.671946909814426174e-01 8.460000464890455874e-01
9.704186081188996837e-01 8.470000236952160977e-01
9.737013415708197783e-01 8.480001750353968193e-01
9.769804275491869028e-01 8.490000698377044852e-01
9.800071379792567594e-01 8.500001770731911988e-01
9.831813866907861410e-01 8.510011418137803929e-01
9.862695436309580899e-01 8.520000517179409094e-01
9.895833955034589735e-01 8.530015421201491144e-01
9.928429925040131998e-01 8.540000407605891075e-01
9.961150928840784013e-01 8.550000732391587199e-01
9.992335576903381700e-01 8.560000747968623536e-01
1.002439659609198452e+00 8.570002637171412196e-01
1.005701515323728978e+00 8.580000650337118451e-01
1.008909566670332936e+00 8.590004175637168116e-01
1.011835030086731813e+00 8.600000123971460742e-01
1.015150516211039911e+00 8.610000296586117763e-01
1.018453350617860798e+00 8.620000114950099324e-01
1.021661672705139079e+00 8.630000375148324521e-01
1.024700547091967451e+00 8.640003146456630700e-01
1.027721394129089472e+00 8.650000603396158505e-01
1.031083225081990795e+00 8.660001490403709257e-01
1.034072106727260021e+00 8.670013187719647352e-01
1.037106519838775220e+00 8.680028096068858057e-01
1.040103796700444505e+00 8.690000894127453135e-01
1.043129664097011577e+00 8.700000889967360873e-01
1.045994593600631628e+00 8.710025176995106477e-01
1.049076108269826335e+00 8.720000835059885658e-01
1.052049250159462268e+00 8.730000918723906933e-01
1.055149396896824188e+00 8.740000772043560184e-01
1.058346176418165197e+00 8.750000728031669395e-01
1.061397313694765199e+00 8.760000341408600288e-01
1.064395877346131503e+00 8.770003036109745853e-01
1.067090115140030715e+00 8.780001019717736943e-01
1.070453222968336782e+00 8.790006284492225541e-01
1.073689300753163156e+00 8.800000272862187334e-01
1.076832822372582044e+00 8.810010971710622307e-01
1.080434468327000630e+00 8.820000096633445752e-01
1.083790073694835598e+00 8.830000963686307491e-01
1.087296630088436800e+00 8.840000217400837412e-01
1.090896193942559655e+00 8.850016537908307335e-01
1.094761025621272754e+00 8.860000005048672689e-01
1.098455393802021840e+00 8.870002073228675510e-01
1.102281770050933973e+00 8.880000334341430213e-01
1.106396480867495979e+00 8.890000559676299874e-01
1.110653003271435235e+00 8.900002003051069588e-01
1.114759410538282758e+00 8.910000593442294337e-01
1.119161456093682894e+00 8.920000557522627105e-01
1.123433583237969380e+00 8.930004077175507371e-01
1.127895672247696268e+00 8.940000045703433429e-01
1.132314964808797786e+00 8.950001002728612542e-01
1.136879012942442646e+00 8.960001335796633493e-01
1.141443058743408123e+00 8.970000938195373807e-01
1.146122682684991956e+00 8.980000282160957026e-01
1.150914481806179168e+00 8.990000408140553789e-01
1.155825257829458330e+00 9.000000816322625274e-01
1.160390411805597655e+00 9.010000173805633450e-01
1.165305481266172061e+00 9.020000136917641909e-01
1.170400516618508080e+00 9.030001452541573936e-01
1.175115890295023835e+00 9.040005651682841981e-01
1.180100124996186661e+00 9.050000690406519999e-01
1.185236564692858430e+00 9.060000322191840150e-01
1.190512301726662336e+00 9.070000286669069878e-01
1.195590364744951284e+00 9.080001902561468663e-01
1.200657232585766288e+00 9.090001069353843555e-01
1.205870055869118662e+00 9.100000415669646792e-01
1.210863436349268740e+00 9.110001373090080845e-01
1.215608682236137161e+00 9.120000962727862204e-01
1.220832664004535939e+00 9.130000511828592069e-01
1.225893575308742101e+00 9.140000030989136048e-01
1.231047410367636763e+00 9.150001480997714820e-01
1.236165673403735621e+00 9.160001216722781781e-01
1.241283700173028137e+00 9.170000140323294469e-01
1.246301291877339068e+00 9.180000830733868744e-01
1.251572507805815082e+00 9.190000240956949229e-01
1.256999217084806109e+00 9.200000358566271519e-01
1.262243297270827735e+00 9.210001761234481998e-01
1.267558700865556887e+00 9.220000946906025119e-01
1.272899604418050057e+00 9.230000205154758053e-01
1.278321784904506764e+00 9.240000015833251812e-01
1.283927678736948463e+00 9.250000112713273603e-01
1.289418894845774322e+00 9.260000054664638824e-01
1.295231167040370224e+00 9.270003466953048443e-01
1.300902286780530215e+00 9.280000602485846128e-01
1.306550732478226173e+00 9.290001632546130983e-01
1.312057431822886144e+00 9.300002755083647266e-01
1.317805959865966159e+00 9.310001127641847063e-01
1.323773838218034626e+00 9.320000278852956788e-01
1.329654576158910251e+00 9.330000533750056890e-01
1.335412587604693835e+00 9.340000107247102834e-01
1.341451970417299133e+00 9.350000452326198142e-01
1.347190095122936526e+00 9.360003279328853454e-01
1.353265795024245488e+00 9.370002721757487718e-01
1.359281127811831302e+00 9.380004511018548152e-01
1.365147940535183846e+00 9.390000182322860711e-01
1.371013205821983938e+00 9.400002589206319925e-01
1.376877914167546901e+00 9.410001786431239079e-01
1.383036844365767237e+00 9.420000461265516378e-01
1.389231171007592192e+00 9.430000044801301051e-01
1.395363047790032507e+00 9.440001475817599852e-01
1.401837733537721897e+00 9.450000274666620070e-01
1.408883016542022082e+00 9.460000406274113871e-01
1.416077156436161832e+00 9.470000272106963157e-01
1.423595206101031518e+00 9.480001196686103082e-01
1.431357276760018893e+00 9.490000004520041665e-01
1.439458025264128693e+00 9.500002172064000439e-01
1.447839394636559973e+00 9.510000147888524324e-01
1.456082876406404658e+00 9.520000661373783091e-01
1.464629550290971416e+00 9.530001451668411727e-01
1.473451349018937595e+00 9.540006617031008274e-01
1.482607025133912071e+00 9.550000828327345204e-01
1.492052859169519907e+00 9.560001676050166042e-01
1.501837509609102561e+00 9.570000018710174139e-01
1.511557702133714987e+00 9.580000554013243796e-01
1.522114487580143560e+00 9.590000004506228359e-01
1.533320880608323833e+00 9.600000425450200270e-01
1.544816969987971689e+00 9.610000423363159738e-01
1.556523588972056338e+00 9.620001128815723890e-01
1.569117875124700134e+00 9.630000183676835634e-01
1.581356509909616959e+00 9.640000864035379591e-01
1.593918863544831588e+00 9.650000244879560762e-01
1.608179275936388208e+00 9.660000069297466352e-01
1.622493887875905427e+00 9.670000405520272624e-01
1.637185222027006670e+00 9.680000135569111208e-01
1.652325808499775839e+00 9.690000835965276726e-01
1.668734332751526050e+00 9.700000929377982084e-01
1.685326964887408074e+00 9.710001541031293426e-01
1.702559501531439423e+00 9.720001518662090279e-01
1.720440249719947801e+00 9.730000657266687503e-01
1.738389881223270539e+00 9.740000182276030705e-01
1.757313827538775186e+00 9.750000048951962262e-01
1.776324600429533218e+00 9.760000510625638226e-01
1.796282469601035103e+00 9.770000715469777663e-01
1.817134430937608958e+00 9.780003772762136949e-01
1.838268992817176262e+00 9.790000336362080224e-01
1.860547648094004636e+00 9.800000214840525192e-01
1.883770297225386470e+00 9.810000006529672190e-01
1.907637764130060365e+00 9.820000640172290574e-01
1.932750707424682357e+00 9.830000483319283333e-01
1.959289796889113422e+00 9.840000109076373347e-01
1.986909381493850546e+00 9.850000303545903835e-01
2.015606158208378851e+00 9.860000005363801501e-01
2.046005231744727482e+00 9.870000149521860333e-01
2.077547646968526784e+00 9.880000395087152887e-01
2.114057873677235744e+00 9.890000101447866676e-01
2.157769584622331038e+00 9.900000002639496310e-01
2.206774198330769821e+00 9.910000016467996886e-01
2.264537239007250236e+00 9.920000072983107264e-01
2.331987385996366680e+00 9.930000255916757723e-01
2.414583324564960609e+00 9.940000076543485941e-01
2.522827852239832858e+00 9.950000995747798616e-01
2.673089833392218395e+00 9.960000038816073653e-01
2.862452717902056243e+00 9.970000014115120157e-01
3.104306809508587506e+00 9.980000161190216712e-01
3.448798209863833897e+00 9.990000036071696732e-01
1.343309083092053058e+01 9.999999999998269162e-01
