# Random field Heisenberg chain
# L=14, J=1, Delta=1.0, W=1.5, h_i in [-W,W]
# Integrated spectral function of the Anderson LIOMs I_alpha
# omega I_alpha

0.000000000000000000e+00 1.001261442978893185e-03
0.000000000000000000e+00 2.093774120755251787e-03
0.000000000000000000e+00 3.027962063762670419e-03
0.000000000000000000e+00 4.035617717907575425e-03
0.000000000000000000e+00 5.005115236452868654e-03
0.000000000000000000e+00 6.005833658000924932e-03
0.000000000000000000e+00 7.037553858381266451e-03
0.000000000000000000e+00 8.000073649045294846e-03
0.000000000000000000e+00 9.062859091347205340e-03
0.000000000000000000e+00 1.002747017695430030e-02
0.000000000000000000e+00 1.101358986170562944e-02
0.000000000000000000e+00 1.203356692942380776e-02
0.000000000000000000e+00 1.300779745846601665e-02
0.000000000000000000e+00 1.401206223016585907e-02
0.000000000000000000e+00 1.500362437060129978e-02
0.000000000000000000e+00 1.601064104528976406e-02
0.000000000000000000e+00 1.700027061311128185e-02
0.000000000000000000e+00 1.801073597962353154e-02
0.000000000000000000e+00 1.901626569933842492e-02
0.000000000000000000e+00 2.000132621129514093e-02
0.000000000000000000e+00 2.100107333814051416e-02
0.000000000000000000e+00 2.201681663997763841e-02
0.000000000000000000e+00 2.304027045958501052e-02
0.000000000000000000e+00 2.412411884432275749e-02
0.000000000000000000e+00 2.504209600877540728e-02
0.000000000000000000e+00 2.603209367746034050e-02
0.000000000000000000e+00 2.700576727073578098e-02
0.000000000000000000e+00 2.801546888109124334e-02
0.000000000000000000e+00 2.900082671235849202e-02
0.000000000000000000e+00 3.000132009484415135e-02
0.000000000000000000e+00 3.100143600585645795e-02
0.000000000000000000e+00 3.201890853548040178e-02
0.000000000000000000e+00 3.300874208240162783e-02
0.000000000000000000e+00 3.401079586381976910e-02
0.000000000000000000e+00 3.504648475461243085e-02
0.000000000000000000e+00 3.608286752521750601e-02
0.000000000000000000e+00 3.700936875110583807e-02
0.000000000000000000e+00 3.800028929228435604e-02
0.000000000000000000e+00 3.903641272686629582e-02
0.000000000000000000e+00 4.000871952728089070e-02
0.000000000000000000e+00 4.105581848992084781e-02
0.000000000000000000e+00 4.200252382089434550e-02
4.127165798020193677e-04 4.301405691685816074e-02
6.822924028742072267e-04 4.400127355921860245e-02
9.121245297447622136e-04 4.502490873465923166e-02
1.088236389911401147e-03 4.600913598095307533e-02
1.235816342145090729e-03 4.700265029644049020e-02
1.336276203089070691e-03 4.801423416725020960e-02
1.494392215391826539e-03 4.900520291294301750e-02
1.621763167106493597e-03 5.000185399737797770e-02
1.758559759198696781e-03 5.100697781381107604e-02
1.883402567909975289e-03 5.200241190789530593e-02
1.981665979540636613e-03 5.300574053433523836e-02
2.089328578526394864e-03 5.400063545853964198e-02
2.199518571134984057e-03 5.500205933147409021e-02
2.326977530742624367e-03 5.600503187545936151e-02
2.432594139864630023e-03 5.700120659783532162e-02
2.543389871421553039e-03 5.803924801970793135e-02
2.661083376897326568e-03 5.902120765462243179e-02
2.751711590216920911e-03 6.000074752869866135e-02
2.879910710978011990e-03 6.100092461616513084e-02
3.027275080926372652e-03 6.200521657887405474e-02
3.118755450220556114e-03 6.300491762836281373e-02
3.244641561785499562e-03 6.400767352403208266e-02
3.327826396530841890e-03 6.501288778978127347e-02
3.398296919657539661e-03 6.602676295213398550e-02
3.505607538221156005e-03 6.700618514914491453e-02
3.601220972712981805e-03 6.801582569575605197e-02
3.707252348985612400e-03 6.900091055223191161e-02
3.841802935073523884e-03 7.000273465134237982e-02
3.964450561955268348e-03 7.100043105661237031e-02
4.057872300917364505e-03 7.200642771962501021e-02
4.194558399166492535e-03 7.300549009637091746e-02
4.303829586069340962e-03 7.400408242300438033e-02
4.420844685697034038e-03 7.500139099084314476e-02
4.530286447579245923e-03 7.600057882138766541e-02
4.622660682340296034e-03 7.702537847707582874e-02
4.719483876440611070e-03 7.800064407474389949e-02
4.849017719996240317e-03 7.900972387533801433e-02
5.005327480913701610e-03 8.000141573348529267e-02
5.120463962564603122e-03 8.100196421088946830e-02
5.246942886893750380e-03 8.200337134925171634e-02
5.342212936987333904e-03 8.301326651896590025e-02
5.443751245705730213e-03 8.400267640525498070e-02
5.565141335712286974e-03 8.500825416718603422e-02
5.681591245714656679e-03 8.600166213273163773e-02
5.766764844398419854e-03 8.701608518254330682e-02
5.862179098831798996e-03 8.800150749090979163e-02
5.963785579533364967e-03 8.900783949696242092e-02
6.071191706943812605e-03 9.000023549527055855e-02
6.197319043904747637e-03 9.101324978544660105e-02
6.313849454252729032e-03 9.200094514971678128e-02
6.402414220200824957e-03 9.300006122421498878e-02
6.525736284843652868e-03 9.400046074627337045e-02
6.648826959690268268e-03 9.500012170199707839e-02
6.763194383174742086e-03 9.600207626286415274e-02
6.878986104843498595e-03 9.700463784912609355e-02
6.989492126792562487e-03 9.800066841473176193e-02
7.097444299423383285e-03 9.900178195436108719e-02
7.223472892585292016e-03 1.000012674059963663e-01
7.317609292742055516e-03 1.010022361997473944e-01
7.418477529366640510e-03 1.020016787975974865e-01
7.548430840071729264e-03 1.030000129766802802e-01
7.710884470978562888e-03 1.040074973556350396e-01
7.867456528569571894e-03 1.050055267795708264e-01
7.967954249120889898e-03 1.060003884113360634e-01
8.122109464814730728e-03 1.070004652178095789e-01
8.252382596542817694e-03 1.080000561298373046e-01
8.337990279870144406e-03 1.090055805818924556e-01
8.470385970303917489e-03 1.100065597708629189e-01
8.606284573532185789e-03 1.110005086956847714e-01
8.744746293308569562e-03 1.120023706207541186e-01
8.868855528103569696e-03 1.130041911853434944e-01
8.993886500421766073e-03 1.140101574024225128e-01
9.101571803974195518e-03 1.150001254322979283e-01
9.225873722199295912e-03 1.160032625780001020e-01
9.355657343765200196e-03 1.170054466945334160e-01
9.447185591492601731e-03 1.180011900083524773e-01
9.560898562789965638e-03 1.190029841631866925e-01
9.677645011041846601e-03 1.200024966602847298e-01
9.805783344084773034e-03 1.210027561188535966e-01
9.930104443228948696e-03 1.220027796325582614e-01
1.006793154994878314e-02 1.230012583980067409e-01
1.020179980371427320e-02 1.240079846541345260e-01
1.036919656489310171e-02 1.250061659312895479e-01
1.050641450209166550e-02 1.260127053002598752e-01
1.061993844065378667e-02 1.270071938945271095e-01
1.074607333347632476e-02 1.280008774759627266e-01
1.090662994770763561e-02 1.290002784163187255e-01
1.103099549217034792e-02 1.300117346181265121e-01
1.115799451078736126e-02 1.310008107626065010e-01
1.135239358300699219e-02 1.320084024216216512e-01
1.148516798900178770e-02 1.330059083298789357e-01
1.166284718208387972e-02 1.340032468779470409e-01
1.176924349493191357e-02 1.350002516108264605e-01
1.188741608439025654e-02 1.360055391408494518e-01
1.203395498174086864e-02 1.370002054693345850e-01
1.215786642499416814e-02 1.380279969987063815e-01
1.231006691842262413e-02 1.390013530630271055e-01
1.246262334299963470e-02 1.400057013331144073e-01
1.256181005520140559e-02 1.410003435673723438e-01
1.272075628489810484e-02 1.420020340556558125e-01
1.286990013426070334e-02 1.430023355729948542e-01
1.302244890548731604e-02 1.440030284026545260e-01
1.316211683381496300e-02 1.450037796692137670e-01
1.328428974268547336e-02 1.460160972031143978e-01
1.341826210895735727e-02 1.470001375943293664e-01
1.357859677324757541e-02 1.480046030138418567e-01
1.371003067278864229e-02 1.490004678352958578e-01
1.387236621855764129e-02 1.500010622784448688e-01
1.398195579206662487e-02 1.510017185627807457e-01
1.413190953239507053e-02 1.520072685374501686e-01
1.430642505623147542e-02 1.530006783315721319e-01
1.446671044520719818e-02 1.540007340116031631e-01
1.463449696317908888e-02 1.550003328509635125e-01
1.479689152082031001e-02 1.560050323680059192e-01
1.494530167058982784e-02 1.570080956879564005e-01
1.508138999954811155e-02 1.580015569580428825e-01
1.525267684513987448e-02 1.590011706446874118e-01
1.537810130263750352e-02 1.600000195306311157e-01
1.553206394938344559e-02 1.610006376676337558e-01
1.569202365232891250e-02 1.620013817077575469e-01
1.585507117070306116e-02 1.630121759656352753e-01
1.600305192589690506e-02 1.640011845456282591e-01
1.613946065267013452e-02 1.650013946537928766e-01
1.629090477833639028e-02 1.660013154357141973e-01
1.643197400967100208e-02 1.670005323617005932e-01
1.658615776416483278e-02 1.680139441142377288e-01
1.675117950143145684e-02 1.690041335101910014e-01
1.694208096075566772e-02 1.700013123800323267e-01
1.713027415320644842e-02 1.710045406179740712e-01
1.729891709309450132e-02 1.720003146127686844e-01
1.743725154560582524e-02 1.730257734754089005e-01
1.756241876856812212e-02 1.740008911280982173e-01
1.771056746503862911e-02 1.750004431391374016e-01
1.788354714838114035e-02 1.760059554901592105e-01
1.801866801233598103e-02 1.770011947935542229e-01
1.818592734041180048e-02 1.780011849659447198e-01
1.835502213814077521e-02 1.790009270482962600e-01
1.851326355723825756e-02 1.800008117237399674e-01
1.867298540794015693e-02 1.810002528960231449e-01
1.884369436132971032e-02 1.820043086667999799e-01
1.902709515210077029e-02 1.830015348769464811e-01
1.917625908211606500e-02 1.840002053510214619e-01
1.934330688944108090e-02 1.850000163968112399e-01
1.950497808007911615e-02 1.860040763212893467e-01
1.969033056227575962e-02 1.870087540798749670e-01
1.989711252045056611e-02 1.880010825128407004e-01
2.007208672350202505e-02 1.890039707706072103e-01
2.023770894584631108e-02 1.900013864152878817e-01
2.040939499499261345e-02 1.910000014093744536e-01
2.054684003676632287e-02 1.920038414967704665e-01
2.069563772475069285e-02 1.930349990725332976e-01
2.084053241752037433e-02 1.940003366582588595e-01
2.102271835504965214e-02 1.950007547512088713e-01
2.121512390992275066e-02 1.960025126150634345e-01
2.137054079617395352e-02 1.970108930575832362e-01
2.151787747448796750e-02 1.980406020959545044e-01
2.165081198468499224e-02 1.990152805051344231e-01
2.182393780633828939e-02 2.000000161844449620e-01
2.198287299653056692e-02 2.010003350169574654e-01
2.215542893707533878e-02 2.020005565649234391e-01
2.233629573153539383e-02 2.030013882352533494e-01
2.251230342337739998e-02 2.040008237210207964e-01
2.264589711947362360e-02 2.050017605344716110e-01
2.281771745245997352e-02 2.060061347269979692e-01
2.301966830349488902e-02 2.070053333984321897e-01
2.321573241987850977e-02 2.080000047169580368e-01
2.336706322971870975e-02 2.090008146439097103e-01
2.359837847429657742e-02 2.100024896547579289e-01
2.385663670269011494e-02 2.110111160262168606e-01
2.403467969475414634e-02 2.120009923435588473e-01
2.418746283211645198e-02 2.130014312224272899e-01
2.431916026920299956e-02 2.140082064278327201e-01
2.448965251762735829e-02 2.150001146730053103e-01
2.464036656860180141e-02 2.160194977429772678e-01
2.480547643439168226e-02 2.170004174453420143e-01
2.499338640735393469e-02 2.180004949593141728e-01
2.519387729181321589e-02 2.190007382897211363e-01
2.539899441905824062e-02 2.200046582499513848e-01
2.562445553349945726e-02 2.210053012745172574e-01
2.581261105695276115e-02 2.220007182184091654e-01
2.603989319339072850e-02 2.230015608424706364e-01
2.623133698836088712e-02 2.240007924487558144e-01
2.641871432094416994e-02 2.250015643024252943e-01
2.661339962694597716e-02 2.260001236088836074e-01
2.685842121886494738e-02 2.270005899882741041e-01
2.704348811087609050e-02 2.280001637118814206e-01
2.721578057620988034e-02 2.290009311004631565e-01
2.741917507644320295e-02 2.300003212147050113e-01
2.762976414644469081e-02 2.310001636748068021e-01
2.784672724104719777e-02 2.320008686912281293e-01
2.805922960437490232e-02 2.330013578186930778e-01
2.824760312896934522e-02 2.340055139934330564e-01
2.845776204299621526e-02 2.350072870340093323e-01
2.864254077686201327e-02 2.360118026861956209e-01
2.883455156803371722e-02 2.370036180866267050e-01
2.904297310296988233e-02 2.380041957068762815e-01
2.924747368680424842e-02 2.390005565343540084e-01
2.940922784969091097e-02 2.400004587876926887e-01
2.959518223196999642e-02 2.410001547528662358e-01
2.977959765438009665e-02 2.420041411879150506e-01
2.998684187361511100e-02 2.430038391606830217e-01
3.014306105415287540e-02 2.440003925544063090e-01
3.033648773610725380e-02 2.450000734063849384e-01
3.056242461681613065e-02 2.460192944788857083e-01
3.077583569594333213e-02 2.470002117665343611e-01
3.100107908558036307e-02 2.480015296285713877e-01
3.121963939703387148e-02 2.490009432474113993e-01
3.144620163103793720e-02 2.500039375229899941e-01
3.168379992675118828e-02 2.510021729726002460e-01
3.194958290476557217e-02 2.520147392890082494e-01
3.210101771763129719e-02 2.530000565169791549e-01
3.231711533325909436e-02 2.540024641532735994e-01
3.252598399992745470e-02 2.550008083958358318e-01
3.268350544779075051e-02 2.560008581469778721e-01
3.289169812945846871e-02 2.570025783144047060e-01
3.313625557523658394e-02 2.580013644494599245e-01
3.335910979466483184e-02 2.590003867775420021e-01
3.347992045702685715e-02 2.600024813582525463e-01
3.369868004326836974e-02 2.610007373287974164e-01
3.393269276771060383e-02 2.620025354359445946e-01
3.418515591917525853e-02 2.630023219581341665e-01
3.438379319543960477e-02 2.640010589916413353e-01
3.457036454431738903e-02 2.650000851281684722e-01
3.481066076908501117e-02 2.660009390504049498e-01
3.497767749317137742e-02 2.670001813888076558e-01
3.517795518639124652e-02 2.680005264020222655e-01
3.544553988766474539e-02 2.690037277149345818e-01
3.571745776315893295e-02 2.700007531147416429e-01
3.594092613356814070e-02 2.710024649485768822e-01
3.617848954028840547e-02 2.720057234998263240e-01
3.638615341598833153e-02 2.730082249814417827e-01
3.661190388523705153e-02 2.740011857333431999e-01
3.686291584153433831e-02 2.750036964415527030e-01
3.705850211512506931e-02 2.760021579929723412e-01
3.729617935029327924e-02 2.770009750121543157e-01
3.752488222787236927e-02 2.780018384243910234e-01
3.773917304132612394e-02 2.790064787551368997e-01
3.798234809393630229e-02 2.800005272639343179e-01
3.824786862861362380e-02 2.810023776518196792e-01
3.846323489129122031e-02 2.820119622848502039e-01
3.869678306867285755e-02 2.830005094989150316e-01
3.881583380137687556e-02 2.840394549308099537e-01
3.901320978069788836e-02 2.850040610088379611e-01
3.925913747998488468e-02 2.860018504317198285e-01
3.956390531056475091e-02 2.870009486856652803e-01
3.980338516460379950e-02 2.880049755535663003e-01
4.006106159296063396e-02 2.890021317380864208e-01
4.035829399008594720e-02 2.900006437986342722e-01
4.062109166695904161e-02 2.910001574486310583e-01
4.094618683528894465e-02 2.920023139132360557e-01
4.120804542404599147e-02 2.930048979966269895e-01
4.151992460738140878e-02 2.940003807032279814e-01
4.178851792272864074e-02 2.950018869461517590e-01
4.203876503613201976e-02 2.960046291366426052e-01
4.227779189051794617e-02 2.970009667503206163e-01
4.252539052130055452e-02 2.980004513938488420e-01
4.281973115487502923e-02 2.990038870917754998e-01
4.308382618523420859e-02 3.000001944665629527e-01
4.332896279749176571e-02 3.010004776604100485e-01
4.357383518899116126e-02 3.020118590457948615e-01
4.382080592768977656e-02 3.030027146881592026e-01
4.403163471506399418e-02 3.040006103635102264e-01
4.433264602780706554e-02 3.050029979092790389e-01
4.458673643146138232e-02 3.060000782159132404e-01
4.484072625482493635e-02 3.070273134630132073e-01
4.504959377990536140e-02 3.080011707627707818e-01
4.530875332484063378e-02 3.090019667388916313e-01
4.557368974609232737e-02 3.100022730458463771e-01
4.581449456224784278e-02 3.110003781159712544e-01
4.605851892945800330e-02 3.120023648521418891e-01
4.626613005166557713e-02 3.130203069375669944e-01
4.653837129339333245e-02 3.140008573147454185e-01
4.675645655274873747e-02 3.150010260224422876e-01
4.703536657194984372e-02 3.160002889023950656e-01
4.737790382408779699e-02 3.170002121860306943e-01
4.765647137085515794e-02 3.180003378122210900e-01
4.799032911001388513e-02 3.190026358273830853e-01
4.826328073494290383e-02 3.200013766580753760e-01
4.857482414505165380e-02 3.210020930267141748e-01
4.882795048108068414e-02 3.220007436949073321e-01
4.916414269055824349e-02 3.230029826095901502e-01
4.941511800578801683e-02 3.240082808582314677e-01
4.968835258743986572e-02 3.250017652199220231e-01
4.999452328893561059e-02 3.260020497107837256e-01
5.025760871366746763e-02 3.270000802718382449e-01
5.061147214088901336e-02 3.280078793842846063e-01
5.090486837210117521e-02 3.290001316108828178e-01
5.125115612506370155e-02 3.300002191830866405e-01
5.152783025865570465e-02 3.310005995672289369e-01
5.178644393733566886e-02 3.320003784308254158e-01
5.205877257864344188e-02 3.330000463300846203e-01
5.234083078757656438e-02 3.340008618683372177e-01
5.260924281491430321e-02 3.350036465057465440e-01
5.286849831639850450e-02 3.360027363173123671e-01
5.320433465895302305e-02 3.370002842915259533e-01
5.343477187743439494e-02 3.380028921495876748e-01
5.374956681793729985e-02 3.390043596471109533e-01
5.409049391654763284e-02 3.400118247385318648e-01
5.438523838954090195e-02 3.410105382193580059e-01
5.469841269701147812e-02 3.420006932079832085e-01
5.495786910847444418e-02 3.430010694759001444e-01
5.529579541785700769e-02 3.440040939894557503e-01
5.559114357039618426e-02 3.450029142225236045e-01
5.589316815023148699e-02 3.460024243861229420e-01
5.619550056118072234e-02 3.470001881284741629e-01
5.646804305274111258e-02 3.480117533186225520e-01
5.682932810698404502e-02 3.490030084609394012e-01
5.709793806319474196e-02 3.500039955406678005e-01
5.740907485187973780e-02 3.510001772866276348e-01
5.777073535855059561e-02 3.520017351793932048e-01
5.811238613435354416e-02 3.530000254494284340e-01
5.841731410687467374e-02 3.540007687994828900e-01
5.869465428702014265e-02 3.550006358220063607e-01
5.901554096254812976e-02 3.560035811543798556e-01
5.930919062216410964e-02 3.570019690797429646e-01
5.967469022130078571e-02 3.580005512658775424e-01
5.997657392997157721e-02 3.590024534860914995e-01
6.034351366161327945e-02 3.600014510083117680e-01
6.068046576619212651e-02 3.610000608974242575e-01
6.098086853433604126e-02 3.620004234735649806e-01
6.125046762016284063e-02 3.630018171485767109e-01
6.159398321853482017e-02 3.640000097180207672e-01
6.194674255242382799e-02 3.650000841192959089e-01
6.231964316348270749e-02 3.660015777946520887e-01
6.267198997663836479e-02 3.670586165801599243e-01
6.298069975434472667e-02 3.680033618268505058e-01
6.334079545090887109e-02 3.690004826178368558e-01
6.370302791576376578e-02 3.700018323336511372e-01
6.402499292837715572e-02 3.710002653617524571e-01
6.443401452228147974e-02 3.720018039734564463e-01
6.482710406395142400e-02 3.730005885042136371e-01
6.513880604680144515e-02 3.740041995550980602e-01
6.553596883908774373e-02 3.750035021211447495e-01
6.587371260182361965e-02 3.760049567223868183e-01
6.625931710398136332e-02 3.770004039358010872e-01
6.664484834767536725e-02 3.780010588309971054e-01
6.702956392967251986e-02 3.790033061472470877e-01
6.738195617955622385e-02 3.800002919558103098e-01
6.779076658880800466e-02 3.810005943751771929e-01
6.816622695618157479e-02 3.820018518441778976e-01
6.851431251277739776e-02 3.830016625063760172e-01
6.888735821276581461e-02 3.840004013816393780e-01
6.922788507955202064e-02 3.850004506874068477e-01
6.962447444526276286e-02 3.860001827731878166e-01
6.999130378354989634e-02 3.870006231276839070e-01
7.042341189593770423e-02 3.880031195229241003e-01
7.085459302880958710e-02 3.890044999203843279e-01
7.124394328787975184e-02 3.900031815735166552e-01
7.162065378853998965e-02 3.910012266753303267e-01
7.201299779947722968e-02 3.920018737656776331e-01
7.239199842993260248e-02 3.930024765072315240e-01
7.273942183316139953e-02 3.940072028504268964e-01
7.315829630181180931e-02 3.950015194707814370e-01
7.354621649770543002e-02 3.960002547725322009e-01
7.394705789974853616e-02 3.970003289537865632e-01
7.435022158043436136e-02 3.980002004026650386e-01
7.475801588791153307e-02 3.990000862554423100e-01
7.521025309627393796e-02 4.000031398908355240e-01
7.560254334484335648e-02 4.010007497008348798e-01
7.602936987517394662e-02 4.020029023597774254e-01
7.641088511001026262e-02 4.030001230161324166e-01
7.683363934134856965e-02 4.040001792015915916e-01
7.728039216087179142e-02 4.050029314333140618e-01
7.766544402100672428e-02 4.060001490716380612e-01
7.808957821221262918e-02 4.070001935454293229e-01
7.855954706077206140e-02 4.080002139141202799e-01
7.897790589119235705e-02 4.090004983216171119e-01
7.917307629723602247e-02 4.100084139125176330e-01
7.959504221643776134e-02 4.110024281424032311e-01
8.007646154410874573e-02 4.120007793500482518e-01
8.049313548048875333e-02 4.130047132779194330e-01
8.092415324303736668e-02 4.140583386441193947e-01
8.136181508112505512e-02 4.150019859509810893e-01
8.159511731876900598e-02 4.160231474653509620e-01
8.202765270997236513e-02 4.170001203316638927e-01
8.242659548607322861e-02 4.180008686094169867e-01
8.288089597958459009e-02 4.190028361873123774e-01
8.329660450433484797e-02 4.200010367218164342e-01
8.376995425043243237e-02 4.210008988827186327e-01
8.424871606183104156e-02 4.220030519204571728e-01
8.469475331556530762e-02 4.230004647678957119e-01
8.512642800951886191e-02 4.240001874223781053e-01
8.559171176011082238e-02 4.250004326721055214e-01
8.600547654573420520e-02 4.260000105854729324e-01
8.652021248407093523e-02 4.270002558200542975e-01
8.702756298684377612e-02 4.280001451867161411e-01
8.745156196332803944e-02 4.290004430254485968e-01
8.794834241570964606e-02 4.300044797119885187e-01
8.838771664633227054e-02 4.310044591429916805e-01
8.890595005205720325e-02 4.320058797917439852e-01
8.930301942298513040e-02 4.330158624763762454e-01
8.970673809537410559e-02 4.340001082354095763e-01
9.021649913392559839e-02 4.350024349982523075e-01
9.058805834737171381e-02 4.360011092592737669e-01
9.114371545010202524e-02 4.370008128501867706e-01
9.159587568128735313e-02 4.380005326236320329e-01
9.206138098021776628e-02 4.390001742136690477e-01
9.258629262054185460e-02 4.400003950615157811e-01
9.306786212880391318e-02 4.410003712866269465e-01
9.357116617630878430e-02 4.420000141942092009e-01
9.416434541874940667e-02 4.430043732108187582e-01
9.466375307158575447e-02 4.440073139808992098e-01
9.516754564987595089e-02 4.450001859763593748e-01
9.558045917361823740e-02 4.460018763346123016e-01
9.616414696199646062e-02 4.470017152602709931e-01
9.665439519163410154e-02 4.480001358711266368e-01
9.717552306313503863e-02 4.490000138197182133e-01
9.763060693002900692e-02 4.500001631393225066e-01
9.819226110822609765e-02 4.510038603601175256e-01
9.874882264153761469e-02 4.520007608293196144e-01
9.926990342082575580e-02 4.530023334302251126e-01
9.977948465043251502e-02 4.540002937445538622e-01
1.003468640749232144e-01 4.550006347256311812e-01
1.008978936430260376e-01 4.560000189831361905e-01
1.014569895090176033e-01 4.570027874254809497e-01
1.020502599813131184e-01 4.580000250840680631e-01
1.026418417055721122e-01 4.590007051169718855e-01
1.032473106851616862e-01 4.600001104081091752e-01
1.038545014607406003e-01 4.610007765859282514e-01
1.043363942263950683e-01 4.620005842902460413e-01
1.048904492170001923e-01 4.630003505621166915e-01
1.055126892052994370e-01 4.640070671577314898e-01
1.061166482217288376e-01 4.650002322336177496e-01
1.066897807518136787e-01 4.660002036495269895e-01
1.071801883615735029e-01 4.670007568480675775e-01
1.078107985396696833e-01 4.680018206455770491e-01
1.084084454588731816e-01 4.690030098870802133e-01
1.089462197060151460e-01 4.700051768897171023e-01
1.095282327687523427e-01 4.710003299600900029e-01
1.101874329295076116e-01 4.720112077974497611e-01
1.106617347655055872e-01 4.730000329328457598e-01
1.112869417331572297e-01 4.740000264179278222e-01
1.118720186572428332e-01 4.750024091817600103e-01
1.125163582730852596e-01 4.760005604845080063e-01
1.131209575428244740e-01 4.770000151491093354e-01
1.137200030306753096e-01 4.780051155692922604e-01
1.143630296596027662e-01 4.790003664018601670e-01
1.149970722764122044e-01 4.800002748747261849e-01
1.156105750924312225e-01 4.810008168309481968e-01
1.162596521077072786e-01 4.820002030915671032e-01
1.168010746486887186e-01 4.830331011582373879e-01
1.174191332589620274e-01 4.840003645516980368e-01
1.180463914066844922e-01 4.850003325538699839e-01
1.188040447730007720e-01 4.860007110234775274e-01
1.194916971252104609e-01 4.870012899349002167e-01
1.201544264828005026e-01 4.880009660395092652e-01
1.208095844402814478e-01 4.890000495316971230e-01
1.214770832299749692e-01 4.900002314362472688e-01
1.221581598963896731e-01 4.910008679003684540e-01
1.228289952767243065e-01 4.920000101275940341e-01
1.235348849931097170e-01 4.930003430745070747e-01
1.242379613357855739e-01 4.940002202783987939e-01
1.248010729705359145e-01 4.950047312581411507e-01
1.254859453661235635e-01 4.960013250178792465e-01
1.262243107029732414e-01 4.970030434234756767e-01
1.269737856761530281e-01 4.980005972033965111e-01
1.276626709178732000e-01 4.990001072411822114e-01
1.284054706095064669e-01 5.000005834092694501e-01
1.291713584538095039e-01 5.010003518213599349e-01
1.299855372964766609e-01 5.020001181672517632e-01
1.306452528373303057e-01 5.030029688212938055e-01
1.313004543124449697e-01 5.040002307080395649e-01
1.319814615589907092e-01 5.050000130376376406e-01
1.326711152612309874e-01 5.060000318110033923e-01
1.333578647831272779e-01 5.070000018993904289e-01
1.341280362620318467e-01 5.080006826651719543e-01
1.347824992984496539e-01 5.090014658373385181e-01
1.355306481460476498e-01 5.100000957364305698e-01
1.362627153814733871e-01 5.110015165924400860e-01
1.369876807042401667e-01 5.120003922556966014e-01
1.377682633239927235e-01 5.130005580472261073e-01
1.385021988862495945e-01 5.140010375669596954e-01
1.392488531925870632e-01 5.150005992493484896e-01
1.400416951618526085e-01 5.160004067877372869e-01
1.408316576960902400e-01 5.170030756190635568e-01
1.417474579837390003e-01 5.180010117175832818e-01
1.426189987633053047e-01 5.190007143770584142e-01
1.434054389097103588e-01 5.200000858159330441e-01
1.441842546729148467e-01 5.210010016733523930e-01
1.450431375720693250e-01 5.220008109276087493e-01
1.459251567343136102e-01 5.230015449688993900e-01
1.467637657608902302e-01 5.240008739627416423e-01
1.476576681197698804e-01 5.250857039685014049e-01
1.482633807203850296e-01 5.260004080098734658e-01
1.492761679059215751e-01 5.270000140543842360e-01
1.501495616243815334e-01 5.280012839763428278e-01
1.509714620059943169e-01 5.290000645211878627e-01
1.517949992261555803e-01 5.300002880576243358e-01
1.527294315203433506e-01 5.310009239630446576e-01
1.536279220315468486e-01 5.320005671800945857e-01
1.544527492456824191e-01 5.330026026844549847e-01
1.554061163241091670e-01 5.340001345630400742e-01
1.562881505864032183e-01 5.350003902587627813e-01
1.571907728663691217e-01 5.360024130699740930e-01
1.581250382162399104e-01 5.370034647780790316e-01
1.590452788716867349e-01 5.380002139085703350e-01
1.599269760086658998e-01 5.390009037119374291e-01
1.609532934366770807e-01 5.400003936992514575e-01
1.619400609803948177e-01 5.410008206914191931e-01
1.629032430482455496e-01 5.420018644338908675e-01
1.639046647924686795e-01 5.430000963245494860e-01
1.649333057524957624e-01 5.440038688659861732e-01
1.658868211384580960e-01 5.450076302195590028e-01
1.669407264782316602e-01 5.460000224647579836e-01
1.679059650902576806e-01 5.470012106206399993e-01
1.691001862620002960e-01 5.480003170322339523e-01
1.701347002371988992e-01 5.490009665032821173e-01
1.711806846847823138e-01 5.500002508130911183e-01
1.722584090868188866e-01 5.510000193732663698e-01
1.733825384935374636e-01 5.520006922564436591e-01
1.744944226366312856e-01 5.530000399006653744e-01
1.756575805289544157e-01 5.540003346671236173e-01
1.767942030926219488e-01 5.550005530877569759e-01
1.779089698590992086e-01 5.560004689596351746e-01
1.790427121714417424e-01 5.570002327140364251e-01
1.801290808865031456e-01 5.580019425917889242e-01
1.812620998347639345e-01 5.590002967987759419e-01
1.824434184403322945e-01 5.600000076834806828e-01
1.835672958556937573e-01 5.610000616933293882e-01
1.848313401647203591e-01 5.620003129240408457e-01
1.860750977791134630e-01 5.630001559000273881e-01
1.872479201335557342e-01 5.640000705353548360e-01
1.884492091722409501e-01 5.650017690474608001e-01
1.896983911292764446e-01 5.660017776980285076e-01
1.910045431174955954e-01 5.670003232349400957e-01
1.923366713007492734e-01 5.680001330105698409e-01
1.935602117407229095e-01 5.690000471970689810e-01
1.948705603751447191e-01 5.700013926422916599e-01
1.961798394453171390e-01 5.710014564611258781e-01
1.974140935110817452e-01 5.720001218941385135e-01
1.986642734831414181e-01 5.730003894347822646e-01
2.000935574425957153e-01 5.740004706861184802e-01
2.013350815381302894e-01 5.750001063467186091e-01
2.026484972982816046e-01 5.760003268081356209e-01
2.040234003578469402e-01 5.770003720147384163e-01
2.052988027660385129e-01 5.780007474332241602e-01
2.066888551983510069e-01 5.790015373846653102e-01
2.080675834653820111e-01 5.800000168115336807e-01
2.094209033066611880e-01 5.810002003375170920e-01
2.107103605785503042e-01 5.820003006677928470e-01
2.121021826711784186e-01 5.830001035901597461e-01
2.135195750679653726e-01 5.840000847008431917e-01
2.149666720329834746e-01 5.850028120372104956e-01
2.163606862385147878e-01 5.860001010373953045e-01
2.178327587311623681e-01 5.870005245520917292e-01
2.193064710106189530e-01 5.880000229584433358e-01
2.207316753277894783e-01 5.890014594097757739e-01
2.222043240011819520e-01 5.900051267316995807e-01
2.236200684826070706e-01 5.910021003058708589e-01
2.249820699659741408e-01 5.920001523548266142e-01
2.263869388425222562e-01 5.930003751428272185e-01
2.279646386420379756e-01 5.940002120747560621e-01
2.296553184178110607e-01 5.950011116955085111e-01
2.312795869610155819e-01 5.960006562573216815e-01
2.328425081407652364e-01 5.970012406075999589e-01
2.344565005363534738e-01 5.980001463683799479e-01
2.360672800175078745e-01 5.990010608495545119e-01
2.376143750083213879e-01 6.000000988623704901e-01
2.393960520125197888e-01 6.010006487532411068e-01
2.410367608019625685e-01 6.020001177564744399e-01
2.427640947291394014e-01 6.030000132753570163e-01
2.446535989008493672e-01 6.040006280137444339e-01
2.464355679820116052e-01 6.050001007990384316e-01
2.481852836611029289e-01 6.060003961104782899e-01
2.501784439452462983e-01 6.070000976753776589e-01
2.520448503044474542e-01 6.080001532763539274e-01
2.537944067206439058e-01 6.090001199908948726e-01
2.557223256127501010e-01 6.100004243594616682e-01
2.576031192585621632e-01 6.110003268544044186e-01
2.596037229914145428e-01 6.120003374570714971e-01
2.614147327470535132e-01 6.130000475675883020e-01
2.634530799714515092e-01 6.140006178194505893e-01
2.653523706471069832e-01 6.150000080140195502e-01
2.672586743365470419e-01 6.160000508005470943e-01
2.692621259549813351e-01 6.170001270126377335e-01
2.714124924063412436e-01 6.180001137878368134e-01
2.735479509189158165e-01 6.190000573983841514e-01
2.756643802171518942e-01 6.200000942892133216e-01
2.777518905242899461e-01 6.210002269653327467e-01
2.799339812416539175e-01 6.220000731724607546e-01
2.820327216715496910e-01 6.230001540555668571e-01
2.842591919983576965e-01 6.240005314973137152e-01
2.865962705085496331e-01 6.250001873876027680e-01
2.890466654290277937e-01 6.260001583702573535e-01
2.912590006201166704e-01 6.270000898863166139e-01
2.935958191458353239e-01 6.280001255830069962e-01
2.960217446959836352e-01 6.290003830578462241e-01
2.981654667739737086e-01 6.300002811604812347e-01
3.006151404740449173e-01 6.310001398093130209e-01
3.028081703164957617e-01 6.320003814384592689e-01
3.052113749294500522e-01 6.330000025338454739e-01
3.073865701496695246e-01 6.340000143125434917e-01
3.098489502047128141e-01 6.350009211086898864e-01
3.122997318241544917e-01 6.360001213899143524e-01
3.146742474139152534e-01 6.370001257842845543e-01
3.170945244954310738e-01 6.380001319774032398e-01
3.194796585316499460e-01 6.390000022394266566e-01
3.221112840359143803e-01 6.400004195380900596e-01
3.247179360413827709e-01 6.410000590877459326e-01
3.272256596789735461e-01 6.420001280036979896e-01
3.297174545073873198e-01 6.430000452968421820e-01
3.324078563401378084e-01 6.440002662148006651e-01
3.350631910148117454e-01 6.450003357420867056e-01
3.378330332264747327e-01 6.460000434241668366e-01
3.404844447788626383e-01 6.470003980641217955e-01
3.432197246133323887e-01 6.480003027631136003e-01
3.459797376171633854e-01 6.490000957176785823e-01
3.487809422393171044e-01 6.500000352998818176e-01
3.514279137412432696e-01 6.510001679775816452e-01
3.541524461542933100e-01 6.520003284349581429e-01
3.569371952469229115e-01 6.530001021916648218e-01
3.598058047833143647e-01 6.540000946396286041e-01
3.625432283586756954e-01 6.550011574236612732e-01
3.653897068203075804e-01 6.560003478219263995e-01
3.684400826199514256e-01 6.570004833842501002e-01
3.712729090131903220e-01 6.580001407158607707e-01
3.741571255763118664e-01 6.590000087225541536e-01
3.772479267998323227e-01 6.600001489496288842e-01
3.802702432105409258e-01 6.610000245512501760e-01
3.834017186169438318e-01 6.620005715422888626e-01
3.865604078698470225e-01 6.630001087360281042e-01
3.897907764478230064e-01 6.640004736701858867e-01
3.930662612955946322e-01 6.650000695202641365e-01
3.964414697065244964e-01 6.660000821145889427e-01
3.997104046428319180e-01 6.670001916898491423e-01
4.032143221068715810e-01 6.680002099382481573e-01
4.066820079322508441e-01 6.690000716190097618e-01
4.104080205975284557e-01 6.700001343250762131e-01
4.140728236667947648e-01 6.710000677749240472e-01
4.174521547020644263e-01 6.720000978814099080e-01
4.210059310487137552e-01 6.730000285723017894e-01
4.246862959718036290e-01 6.740002319989903956e-01
4.283377196472907822e-01 6.750000543044891721e-01
4.321121971112518168e-01 6.760000322479834400e-01
4.358124084738417281e-01 6.770005169014449153e-01
4.393054599974615115e-01 6.780002088356783529e-01
4.427292078556977484e-01 6.790003641975357329e-01
4.464697597208884261e-01 6.800000908713329517e-01
4.504027466252096268e-01 6.810000545152595786e-01
4.542325460206180221e-01 6.820000953726096382e-01
4.580561831944537365e-01 6.830005778778160952e-01
4.619795311158340634e-01 6.840000978345255334e-01
4.660241858701599238e-01 6.850006861766485544e-01
4.699073879594672931e-01 6.860012055382113116e-01
4.737641627723641058e-01 6.870001073792166846e-01
4.777071062277252755e-01 6.880002810322031204e-01
4.817769006110323993e-01 6.890000337775479267e-01
4.857560935388032242e-01 6.900000133778966260e-01
4.897202284329047473e-01 6.910002372457791919e-01
4.938663602224666604e-01 6.920000456439127090e-01
4.978317017543953948e-01 6.930001544739551322e-01
5.021899252296875282e-01 6.940000082276827076e-01
5.063729212392764634e-01 6.950001384801918203e-01
5.104694589323910403e-01 6.960000537148857136e-01
5.145397287973390021e-01 6.970000515887743164e-01
5.187343834877236048e-01 6.980000378639678038e-01
5.229803811319169160e-01 6.990000454146038100e-01
5.272428355082032780e-01 7.000007801774074112e-01
5.313244822212424001e-01 7.010005126949518939e-01
5.356862515595972596e-01 7.020000342294770990e-01
5.398741612248718624e-01 7.030000374346625502e-01
5.441547955563312833e-01 7.040001106793268848e-01
5.485413039128990143e-01 7.050000028620247994e-01
5.529642715849116819e-01 7.060001951557981492e-01
5.571560413128135991e-01 7.070000096257418321e-01
5.614668719568918220e-01 7.080000790469294092e-01
5.657057266490252978e-01 7.090000059881663708e-01
5.699332182617733444e-01 7.100000587286868781e-01
5.742782541032078747e-01 7.110001100836603749e-01
5.787120309056517087e-01 7.120002191726984009e-01
5.829133148796472597e-01 7.130001429541830138e-01
5.873621377978599511e-01 7.140004627546129301e-01
5.915860708327436157e-01 7.150002452744211867e-01
5.952314250790271544e-01 7.160001641733146904e-01
5.993886294153518701e-01 7.170004147981158260e-01
6.035561587299236308e-01 7.180000106812386429e-01
6.077047605681811238e-01 7.190000074915094963e-01
6.115239598698085643e-01 7.200000237779614620e-01
6.157591554484012075e-01 7.210002184028165839e-01
6.198598001984492178e-01 7.220006390464479562e-01
6.237828311996991282e-01 7.230001573954509819e-01
6.275968988712268271e-01 7.240000395075683048e-01
6.316723878904272338e-01 7.250001173082381012e-01
6.355316378953226319e-01 7.260000953325373985e-01
6.396558184002469893e-01 7.270001690775051983e-01
6.434824109816588145e-01 7.280000015102434663e-01
6.476428358173309530e-01 7.290001141915027905e-01
6.515388885842301470e-01 7.300001280241130708e-01
6.555284615131791170e-01 7.310001662421639068e-01
6.596182966322627905e-01 7.320000469700180812e-01
6.637609536266770860e-01 7.330002096920397170e-01
6.675506964073880667e-01 7.340000958433592348e-01
6.714710892439277323e-01 7.350001038431519529e-01
6.756471414023446087e-01 7.360000062090299444e-01
6.797242213598246874e-01 7.370000969894020537e-01
6.836253715013107524e-01 7.380007829543896447e-01
6.876215879804004061e-01 7.390003764802405284e-01
6.914242927934641791e-01 7.400000429027236981e-01
6.955582183014961117e-01 7.410003486458707211e-01
6.995790711335594381e-01 7.420000536933688551e-01
7.034503342613769306e-01 7.430000223983190821e-01
7.074018365730747604e-01 7.440000928317980211e-01
7.115572043304982941e-01 7.450001013056376520e-01
7.156316752044169505e-01 7.460000407942624090e-01
7.197812852815523854e-01 7.470000359054115302e-01
7.238159024217969417e-01 7.480017087147895483e-01
7.279177348388016222e-01 7.490000219793749858e-01
7.319005512212333198e-01 7.500000123220008641e-01
7.360005667376814387e-01 7.510017808940794293e-01
7.398540949444560866e-01 7.520002539535647346e-01
7.439566636043253300e-01 7.530000425964461508e-01
7.478142494076817082e-01 7.540002467389282925e-01
7.516797302413282811e-01 7.550000539826834389e-01
7.557123932212621575e-01 7.560000351044684486e-01
7.595321040858227235e-01 7.570000504804977881e-01
7.633527613259170064e-01 7.580003930855953032e-01
7.672958098114168735e-01 7.590001780653851116e-01
7.710888122692267643e-01 7.600000008235211491e-01
7.749114182093848058e-01 7.610003026610785426e-01
7.788402334267967575e-01 7.620000850656013514e-01
7.826092462244269576e-01 7.630000435561046235e-01
7.863708369073467708e-01 7.640005768934957642e-01
7.900829520703291919e-01 7.650002459463173254e-01
7.938284200795280299e-01 7.660002701749989429e-01
7.976026706190009197e-01 7.670005256696610374e-01
8.012224485467809298e-01 7.680001876509240377e-01
8.050694694402076301e-01 7.690000909369040238e-01
8.086916801078540828e-01 7.700000968315463545e-01
8.123392810968317335e-01 7.710003712214680283e-01
8.159492518747442080e-01 7.720000176467103348e-01
8.193108110121434251e-01 7.730006137626164175e-01
8.226704583169612839e-01 7.740001735736552479e-01
8.262522669056222568e-01 7.750000199270872248e-01
8.299812717109245064e-01 7.760004722190991799e-01
8.335168926899130248e-01 7.770001372239412341e-01
8.371916970555441928e-01 7.780001326852473698e-01
8.405847107073052271e-01 7.790005558668222641e-01
8.441458761414666334e-01 7.800001117080712643e-01
8.476618902258907795e-01 7.810000263660098474e-01
8.510083092769464841e-01 7.820002417153149032e-01
8.547101529352434390e-01 7.830008900388670812e-01
8.582364033775091716e-01 7.840000072240281836e-01
8.616776265585112116e-01 7.850001528340603274e-01
8.653044175175459429e-01 7.860000353118868910e-01
8.687664061573876495e-01 7.870003278041249883e-01
8.723284451679083062e-01 7.880000459543867741e-01
8.758756384654087235e-01 7.890003204100850542e-01
8.793544139659013048e-01 7.900000206839169481e-01
8.829564466060766392e-01 7.910000077283593223e-01
8.865510839500070350e-01 7.920002107834025473e-01
8.901185783355285430e-01 7.930002106082680857e-01
8.935485851002393787e-01 7.940001190987210355e-01
8.969225847355626335e-01 7.950002489972451958e-01
9.002934116517442575e-01 7.960008763788790631e-01
9.038537618797015671e-01 7.970000579164442378e-01
9.072916351103690324e-01 7.980005652292074814e-01
9.107466593871937910e-01 7.990001595083013886e-01
9.142757809394443935e-01 8.000001529063316408e-01
9.175971740232538032e-01 8.010000320796817341e-01
9.209402866900706641e-01 8.020000583054156529e-01
9.241151252939410199e-01 8.030000531253559393e-01
9.273449367541335420e-01 8.040001072124224324e-01
9.306721315863617505e-01 8.050002082018036242e-01
9.338190779156374521e-01 8.060001347423140228e-01
9.371676321358117789e-01 8.070007340954604702e-01
9.404188533103248204e-01 8.080000465468075710e-01
9.437123104683129426e-01 8.090003866107400299e-01
9.469638396761601573e-01 8.100023664741951013e-01
9.501866873660151924e-01 8.110001816308771705e-01
9.536031098259041272e-01 8.120002761413765979e-01
9.568492566633370888e-01 8.130002277582175640e-01
9.601645161403736806e-01 8.140001061539260396e-01
9.632938872807481623e-01 8.150013171022256753e-01
9.666346696414558348e-01 8.160002451868586526e-01
9.700388495194882665e-01 8.170000966521896446e-01
9.732355190606876150e-01 8.180000960785955844e-01
9.764650949485491616e-01 8.190000826743275564e-01
9.797836676095245112e-01 8.200005465281441364e-01
9.829274559011169643e-01 8.210000258548553198e-01
9.860908912446683106e-01 8.220000968103915451e-01
9.896344716813554321e-01 8.230005438414098595e-01
9.928350514827166684e-01 8.240000611588391699e-01
9.961141807025932771e-01 8.250003236045662103e-01
9.993307179009121022e-01 8.260000027535558953e-01
1.002620858766559708e+00 8.270002296331522285e-01
1.005854497952844095e+00 8.280000046828860372e-01
1.009466649306806074e+00 8.290000154524160836e-01
1.012659530709045352e+00 8.300004193521290929e-01
1.015924522228673021e+00 8.310000104315893310e-01
1.019103261754388701e+00 8.320001340864184858e-01
1.022553634254186772e+00 8.330000149017130484e-01
1.025824779018858823e+00 8.340002488523035051e-01
1.029113477459906001e+00 8.350002128177482774e-01
1.032572539016034074e+00 8.360001356477884116e-01
1.035940783037746726e+00 8.370002154335753897e-01
1.039085447177278798e+00 8.380000377286263014e-01
1.042350586057422479e+00 8.390002210170124375e-01
1.045847222253376563e+00 8.400009323912400738e-01
1.049056482396730772e+00 8.410002628682552439e-01
1.052366933806446303e+00 8.420000945703981499e-01
1.055918814448705945e+00 8.430000017073897567e-01
1.059250000844410788e+00 8.440004775747055321e-01
1.062599223642521240e+00 8.450004013567166128e-01
1.065741585572935968e+00 8.460000063309055518e-01
1.069032450565074122e+00 8.470000331247818925e-01
1.072230742540527082e+00 8.480001131223006139e-01
1.075390442578024075e+00 8.490000219504106882e-01
1.078724951827497947e+00 8.500007009911108025e-01
1.081772522756587751e+00 8.510003887142105761e-01
1.084841212709700908e+00 8.520001114138604503e-01
1.087871615500751732e+00 8.530004813471580016e-01
1.091169379948568441e+00 8.540000529700128018e-01
1.094390490824765916e+00 8.550003344271793759e-01
1.097586973311497349e+00 8.560012248741227792e-01
1.100596919079296576e+00 8.570008911221626002e-01
1.103692645787827997e+00 8.580007685971763332e-01
1.106785391766554660e+00 8.590000316778401146e-01
1.109847949496560737e+00 8.600000172902705353e-01
1.112934096245675519e+00 8.610000318166100008e-01
1.115593940188324806e+00 8.620000273626606813e-01
1.118728478995418829e+00 8.630001287549337041e-01
1.122001950311350083e+00 8.640001250237471231e-01
1.125402684117018826e+00 8.650006665884263368e-01
1.128666236231733677e+00 8.660001185052125239e-01
1.131943752802241132e+00 8.670000201329722822e-01
1.135389325826563933e+00 8.680008216549274236e-01
1.138681181173675228e+00 8.690000709816908531e-01
1.142170422322423384e+00 8.700000614005408694e-01
1.145977182947330197e+00 8.710001201729996589e-01
1.149537153478128904e+00 8.720000196834930550e-01
1.153183328542200847e+00 8.730000325375980585e-01
1.156621479427517141e+00 8.740001590518829966e-01
1.160346094287806107e+00 8.750003327922362129e-01
1.163998878365777756e+00 8.760000428249187232e-01
1.167686773129033906e+00 8.770000538309731253e-01
1.171670790696572872e+00 8.780000937130431060e-01
1.175738631025970982e+00 8.790005594816084900e-01
1.179728223826765898e+00 8.800000405611280163e-01
1.183812262865031606e+00 8.810000646735297591e-01
1.187915857713409906e+00 8.820000050214088505e-01
1.192018085392504201e+00 8.830001459411910281e-01
1.196076090247884416e+00 8.840004480883346671e-01
1.200485842724788199e+00 8.850001712977820789e-01
1.204913250500821320e+00 8.860000113241209840e-01
1.209186287854609354e+00 8.870000074926893685e-01
1.213352639420579138e+00 8.880000133519311278e-01
1.217624288203932537e+00 8.890034687008826486e-01
1.221996738427487461e+00 8.900000142506726553e-01
1.226576904149047520e+00 8.910000091579325376e-01
1.231074993327434308e+00 8.920001830537688248e-01
1.235711292186901566e+00 8.930000164799359874e-01
1.240256442823210570e+00 8.940006624222728293e-01
1.245151583349976887e+00 8.950000620475273561e-01
1.249799377576245263e+00 8.960000587151946139e-01
1.254479697043943798e+00 8.970003615270329966e-01
1.259564097113890391e+00 8.980001564466659758e-01
1.264308904714545490e+00 8.990000736177549134e-01
1.268928228698806393e+00 9.000001171744561601e-01
1.273937125056977759e+00 9.010007033924036790e-01
1.278684799735131605e+00 9.020000819973561512e-01
1.283523916944454335e+00 9.030000076796991237e-01
1.288660337868244632e+00 9.040000367296714412e-01
1.293433417610381220e+00 9.050000904766699605e-01
1.298621013615892217e+00 9.060001077455775986e-01
1.303711887569578565e+00 9.070001699427193698e-01
1.308844064828015519e+00 9.080000049863383715e-01
1.314087616217341825e+00 9.090000192807782264e-01
1.318898929164112444e+00 9.100003050269797056e-01
1.324116509196215485e+00 9.110002598968721665e-01
1.329021679048990601e+00 9.120023741036948906e-01
1.334379527932034293e+00 9.130002234757294000e-01
1.339784711236971404e+00 9.140000764153722868e-01
1.345580181659889352e+00 9.150000018513219091e-01
1.351298976224829751e+00 9.160000469536042633e-01
1.357045777586825430e+00 9.170000168912961769e-01
1.362612047734562459e+00 9.180002182250260878e-01
1.368446957293438571e+00 9.190000050359000694e-01
1.374180366432420586e+00 9.200000529592284870e-01
1.379910592790625223e+00 9.210000186758663387e-01
1.385499909649696271e+00 9.220003912618373043e-01
1.391181970197703732e+00 9.230000553378966410e-01
1.396805143781831848e+00 9.240001658187791955e-01
1.402323519797598728e+00 9.250000162574801843e-01
1.408201312430398922e+00 9.260001430696988001e-01
1.414070175118665951e+00 9.270000107126019628e-01
1.419967933466452781e+00 9.280000451498001679e-01
1.425909532602337215e+00 9.290000978652274144e-01
1.431747343109007531e+00 9.300002850556042810e-01
1.437461299149048077e+00 9.310000441861934206e-01
1.443352026809201050e+00 9.320000249395077319e-01
1.449240541328410181e+00 9.330000376298916986e-01
1.455033353037727739e+00 9.340000325600966713e-01
1.460704436157264530e+00 9.350016637572021727e-01
1.466891440167559235e+00 9.360000987552604679e-01
1.472922698493841498e+00 9.370002035181835831e-01
1.479318911872155251e+00 9.380003265632506082e-01
1.485843326899780825e+00 9.390000138271793473e-01
1.492133692386093280e+00 9.400000741570530005e-01
1.498807506422128677e+00 9.410002459593344026e-01
1.506069383258340499e+00 9.420000228016705002e-01
1.513574072676407312e+00 9.430000943691642101e-01
1.521303951066551807e+00 9.440000499225347230e-01
1.529063861510715272e+00 9.450006275166762393e-01
1.537173499928011777e+00 9.460010424771230220e-01
1.545518876201363412e+00 9.470001124400592163e-01
1.554305627899097431e+00 9.480001317801430849e-01
1.563289467862591486e+00 9.490000941102868515e-01
1.572556353274403129e+00 9.500000012653772030e-01
1.582200464596395184e+00 9.510000066825526899e-01
1.592017614667013081e+00 9.520000353336008914e-01
1.602113666782678525e+00 9.530000552317680063e-01
1.612589870212349563e+00 9.540000928523487689e-01
1.623217833883471517e+00 9.550000237124532942e-01
1.634663127289735396e+00 9.560000092071058164e-01
1.646353497527244691e+00 9.570001776703490615e-01
1.657869010745621541e+00 9.580000017518236488e-01
1.669938575956032345e+00 9.590000016391407867e-01
1.682461263699271292e+00 9.600008007422390355e-01
1.695469652649100656e+00 9.610000104309999180e-01
1.709202802936788945e+00 9.620000477781677217e-01
1.723265441789689323e+00 9.630000374577029065e-01
1.737586326146028703e+00 9.640000032688561538e-01
1.752241934336469908e+00 9.650001432248095368e-01
1.767403625105287812e+00 9.660000096546366155e-01
1.783316350820824070e+00 9.670000607132224202e-01
1.799611751064886356e+00 9.680008143362139883e-01
1.816639126151095240e+00 9.690000840669973359e-01
1.833276625782763292e+00 9.700001337292397663e-01
1.850231085138932308e+00 9.710000653158313844e-01
1.867442500868754740e+00 9.720000401456222461e-01
1.884789727676809079e+00 9.730000869423655052e-01
1.902864606656404334e+00 9.740000322191951776e-01
1.921838970535648894e+00 9.750000224341887067e-01
1.940878417568962178e+00 9.760000114794199488e-01
1.961206840595906442e+00 9.770000928319340083e-01
1.982269321216064917e+00 9.780000180990274794e-01
2.003015488189475057e+00 9.790000075448699324e-01
2.025582231233849395e+00 9.800000728537612282e-01
2.048912250945424951e+00 9.810000053189298352e-01
2.073618309662551784e+00 9.820000014898430107e-01
2.099015499039190491e+00 9.830000451805696038e-01
2.125907716647881252e+00 9.840000006922660081e-01
2.153613504338747653e+00 9.850000166732622020e-01
2.183788424327295807e+00 9.860000067386902600e-01
2.216315947040677248e+00 9.870000005809864696e-01
2.253048277356281215e+00 9.880000025479100945e-01
2.293970034992480311e+00 9.890000147130079133e-01
2.340298342336385229e+00 9.900000212707285030e-01
2.391250889295344351e+00 9.910000038567499114e-01
2.451886478961701421e+00 9.920000045395126476e-01
2.524545699858282699e+00 9.930000052395622223e-01
2.619797369376239526e+00 9.940000014258520977e-01
2.742887374974548376e+00 9.950000111127855762e-01
2.895035623066089414e+00 9.960000018858714554e-01
3.071370791924516563e+00 9.970000053403020868e-01
3.304433855143594112e+00 9.980000105611936956e-01
3.607506065146894869e+00 9.990000003935231021e-01
1.366175985180130681e+01 9.999999999996398437e-01
