# Random field Heisenberg chain
# L=14, J=1, Delta=0.8, W=1.5, h_i in [-W,W]
# Integrated spectral function of the Anderson LIOMs I_alpha
# omega I_alpha

0.000000000000000000e+00 1.051396376463005966e-03
0.000000000000000000e+00 2.003335209114429517e-03
0.000000000000000000e+00 3.095622333367907195e-03
0.000000000000000000e+00 4.010611374149978224e-03
0.000000000000000000e+00 5.007907788267697453e-03
0.000000000000000000e+00 6.065962451109860668e-03
0.000000000000000000e+00 7.006962962276949355e-03
0.000000000000000000e+00 8.019643107769999432e-03
0.000000000000000000e+00 9.006593569891242074e-03
0.000000000000000000e+00 1.000391812003816397e-02
0.000000000000000000e+00 1.107000324418386250e-02
0.000000000000000000e+00 1.202193020178543743e-02
0.000000000000000000e+00 1.301315795134266352e-02
0.000000000000000000e+00 1.412835858515234383e-02
0.000000000000000000e+00 1.506814410811470502e-02
0.000000000000000000e+00 1.601784446440088910e-02
0.000000000000000000e+00 1.701116979725801615e-02
0.000000000000000000e+00 1.811526888804278895e-02
0.000000000000000000e+00 1.902097890057741214e-02
0.000000000000000000e+00 2.002027864406410312e-02
0.000000000000000000e+00 2.100968009131446226e-02
0.000000000000000000e+00 2.201011772256009774e-02
0.000000000000000000e+00 2.300268153552742154e-02
0.000000000000000000e+00 2.426190398220716762e-02
0.000000000000000000e+00 2.504999679874567522e-02
0.000000000000000000e+00 2.600960122389659943e-02
0.000000000000000000e+00 2.700082470119381448e-02
0.000000000000000000e+00 2.803362580355318184e-02
0.000000000000000000e+00 2.908779427789649069e-02
0.000000000000000000e+00 3.001507495493378752e-02
0.000000000000000000e+00 3.100091436181288615e-02
0.000000000000000000e+00 3.202629973043154971e-02
0.000000000000000000e+00 3.300073899802982713e-02
0.000000000000000000e+00 3.400698469345172364e-02
0.000000000000000000e+00 3.500581498054283758e-02
0.000000000000000000e+00 3.611109137326758145e-02
0.000000000000000000e+00 3.701593492783009087e-02
0.000000000000000000e+00 3.809832168878362485e-02
0.000000000000000000e+00 3.900575101371640818e-02
0.000000000000000000e+00 4.002980899275566246e-02
0.000000000000000000e+00 4.100931545159149094e-02
0.000000000000000000e+00 4.204886145470237979e-02
0.000000000000000000e+00 4.309899451000476223e-02
0.000000000000000000e+00 4.414487053160481150e-02
0.000000000000000000e+00 4.500467237158905370e-02
0.000000000000000000e+00 4.602640302994299298e-02
0.000000000000000000e+00 4.700395881629459982e-02
0.000000000000000000e+00 4.806042724914402070e-02
0.000000000000000000e+00 4.900169279385424570e-02
0.000000000000000000e+00 5.000574124241372043e-02
0.000000000000000000e+00 5.101734031096927247e-02
0.000000000000000000e+00 5.204084280987650302e-02
0.000000000000000000e+00 5.300213513474856530e-02
0.000000000000000000e+00 5.401226912318739942e-02
0.000000000000000000e+00 5.500312555913504375e-02
0.000000000000000000e+00 5.600091138420860287e-02
0.000000000000000000e+00 5.704805533210408758e-02
3.649749904020005431e-04 5.800644181269222488e-02
6.157922429088635852e-04 5.902423971364861854e-02
7.271486465567633672e-04 6.000410026251626339e-02
8.861193630345098882e-04 6.100140069323455039e-02
9.900640799540560977e-04 6.200207479468707039e-02
1.093235181826024416e-03 6.300638349344267475e-02
1.209308158176547465e-03 6.406020619224846169e-02
1.301227721013820116e-03 6.500847329504018390e-02
1.404064697687529284e-03 6.602730083145758044e-02
1.503309706875732843e-03 6.700174521512651526e-02
1.597604256431517378e-03 6.800119749104004130e-02
1.675134419819368503e-03 6.900293272708943326e-02
1.775913155361664997e-03 7.000111686147376944e-02
1.836398315798071224e-03 7.100998659702217886e-02
1.921464310651099794e-03 7.202002888814836024e-02
1.974154798053073812e-03 7.300202770148608855e-02
2.048186914724692276e-03 7.400219422514731082e-02
2.143151559100275882e-03 7.500568563631419827e-02
2.227091445690332350e-03 7.600899182939524490e-02
2.323482008684540912e-03 7.700154584972827843e-02
2.419884166017460814e-03 7.800829098606883172e-02
2.498039078326019791e-03 7.900947409179759351e-02
2.594284888877584905e-03 8.001169234723813639e-02
2.678975112018644467e-03 8.100712636805466882e-02
2.780575327396839214e-03 8.200166463373222137e-02
2.882685507249238555e-03 8.300812280807204346e-02
2.968046222467490836e-03 8.400369793254551520e-02
3.069759455612164345e-03 8.503528386356680457e-02
3.170109359437844887e-03 8.600727548960968027e-02
3.257069982599780644e-03 8.700801177731108671e-02
3.359350201439070815e-03 8.800234264376619042e-02
3.448345360061999543e-03 8.900035969361848320e-02
3.528656721971223931e-03 9.000448778708970698e-02
3.607111698323617333e-03 9.100052364498492641e-02
3.690752171525701897e-03 9.200074025988087822e-02
3.751603284680271599e-03 9.300217630702652116e-02
3.848740667326655540e-03 9.400113732872661387e-02
3.943064140010221763e-03 9.500614050029485003e-02
4.037960323958422748e-03 9.600025128146447151e-02
4.133871159614166402e-03 9.700134775837852830e-02
4.235313988322580991e-03 9.800814254915793389e-02
4.313623029914559481e-03 9.901279953395232536e-02
4.400219487643575178e-03 1.000019456951572600e-01
4.476024283223356548e-03 1.010068890327886909e-01
4.549519698397563872e-03 1.020037651479808183e-01
4.628139727374858126e-03 1.030125087180109589e-01
4.708193910942681804e-03 1.040066098244683546e-01
4.791945657959484350e-03 1.050013051410024628e-01
4.885652012648344922e-03 1.060295647493344484e-01
4.961737586818948387e-03 1.070016690430731221e-01
5.057406602764658032e-03 1.080054612471625930e-01
5.142824193358208618e-03 1.090029428062701117e-01
5.223171042256335994e-03 1.100010374760321263e-01
5.309961957436826196e-03 1.110106620986307524e-01
5.387249835524521302e-03 1.120006115228908417e-01
5.496927236195325861e-03 1.130109977207175154e-01
5.570892260418069952e-03 1.140230810647568233e-01
5.660574742562207717e-03 1.150015073689419354e-01
5.722589523174947956e-03 1.160017658786763883e-01
5.815717505452067115e-03 1.170076710160111999e-01
5.882271730028643120e-03 1.180064747357668781e-01
5.952867167935860238e-03 1.190288762304789888e-01
6.055105467315691214e-03 1.200016503882400803e-01
6.142990437162154649e-03 1.210133771467848257e-01
6.216637866738317086e-03 1.220003007958796876e-01
6.288765517338701372e-03 1.230362400520380733e-01
6.381638318599058834e-03 1.240088248734565329e-01
6.463041855099049826e-03 1.250011452259209843e-01
6.561960951968259792e-03 1.260096060797748496e-01
6.639113521203610091e-03 1.270091809034783470e-01
6.720499042442318327e-03 1.280004415062137024e-01
6.789119635609353054e-03 1.290025974367216000e-01
6.893703001589202017e-03 1.300000241639305554e-01
6.992457669093843364e-03 1.310005199791801633e-01
7.087537527725729092e-03 1.320610422911441262e-01
7.191073711484974318e-03 1.330001832630273162e-01
7.253992280278120930e-03 1.340211238759664303e-01
7.348024417517251550e-03 1.350177657165585188e-01
7.424249303540186862e-03 1.360149602482299824e-01
7.543269580736700064e-03 1.370035145644647456e-01
7.619055657787754399e-03 1.380052931456441923e-01
7.715688592170477644e-03 1.390014903724455242e-01
7.777847422318018289e-03 1.400038242250947196e-01
7.862251208202053476e-03 1.410081371229435776e-01
7.953162940046443197e-03 1.420000153347374949e-01
8.040567792684694126e-03 1.430002046309873376e-01
8.144498959433810192e-03 1.440001549843453743e-01
8.213443072188297833e-03 1.450098961612255322e-01
8.305367292361420795e-03 1.460051772722096297e-01
8.404288396616443890e-03 1.470029942979254600e-01
8.532921924247927059e-03 1.480006914561596276e-01
8.637445322278641813e-03 1.490178420156378358e-01
8.733337915080907621e-03 1.500016663656557614e-01
8.828393251943733588e-03 1.510011087403426433e-01
8.939926136064535456e-03 1.520050826124822729e-01
9.060659987890518074e-03 1.530013242431122189e-01
9.163415504620076035e-03 1.540023480797688138e-01
9.248370545520856467e-03 1.550040283197504642e-01
9.354299003504484844e-03 1.560086675620283303e-01
9.457141441016836403e-03 1.570006404812870071e-01
9.567284207618431680e-03 1.580003110109230169e-01
9.681344878306408219e-03 1.590089014363686715e-01
9.799779480901021911e-03 1.600007210930495527e-01
9.889352177122112675e-03 1.610026067552225160e-01
9.989002381134426400e-03 1.620175774305608607e-01
1.010178740921632845e-02 1.630020587078418182e-01
1.021352511763407023e-02 1.640039156757799599e-01
1.031579805360793856e-02 1.650054841457180288e-01
1.041541216766816991e-02 1.660003204126021814e-01
1.052307410221392514e-02 1.670054682484245490e-01
1.062955736179826971e-02 1.680002105887256347e-01
1.073591499269932470e-02 1.690008521601093772e-01
1.084620399804681057e-02 1.700004171104541884e-01
1.094814458724002737e-02 1.710004165762336048e-01
1.104934904918408733e-02 1.720011418732791120e-01
1.114696053388342101e-02 1.730119867564295644e-01
1.123106883825997215e-02 1.740012425901899251e-01
1.133688074348482289e-02 1.750077004000285819e-01
1.144587370204397381e-02 1.760383937283530875e-01
1.152666614461689276e-02 1.770101889192615685e-01
1.165041596504856614e-02 1.780014979871717695e-01
1.178147896134684736e-02 1.790055441146827242e-01
1.190824815374558199e-02 1.800057683255758267e-01
1.200732563051243318e-02 1.810018708632745721e-01
1.214526068020815863e-02 1.820060552126405995e-01
1.225381416077686580e-02 1.830040002447052561e-01
1.234015357625928289e-02 1.840008486543665001e-01
1.243663490632429536e-02 1.850025633943980230e-01
1.254942254245361433e-02 1.860024277557898176e-01
1.264677513332412850e-02 1.870014516965935736e-01
1.275923079870883159e-02 1.880019235051984539e-01
1.284175658042277512e-02 1.890048271937408986e-01
1.293538792958814909e-02 1.900010229347237622e-01
1.304678877230291967e-02 1.910000422473884796e-01
1.317755253155561412e-02 1.920066908104924863e-01
1.326024342919573940e-02 1.930001122699523952e-01
1.339533056574282455e-02 1.940005621170180494e-01
1.349641253409195052e-02 1.950052369578358369e-01
1.358635561777443712e-02 1.960058867987778675e-01
1.368545900442885710e-02 1.970183457045667219e-01
1.379040005998888319e-02 1.980100556825909464e-01
1.391575062846261979e-02 1.990109494242411903e-01
1.403945015983198985e-02 2.000010285912280916e-01
1.416145013674330322e-02 2.010072049921776127e-01
1.429897304966365468e-02 2.020038728113133786e-01
1.440614277670446142e-02 2.030020138863338763e-01
1.454122327382512125e-02 2.040136597035535071e-01
1.465719457237391055e-02 2.050000313427056686e-01
1.476156288800711813e-02 2.060003278490464551e-01
1.488342688017385562e-02 2.070134243481735747e-01
1.498929232451096105e-02 2.080008704837012223e-01
1.511466244386205915e-02 2.090012542570070520e-01
1.524314251658509534e-02 2.100107181449697991e-01
1.536979264985438576e-02 2.110041464721801874e-01
1.547715379139003034e-02 2.120006792880281543e-01
1.556897504601240101e-02 2.130007782333928623e-01
1.569260132663252705e-02 2.140015877891114915e-01
1.580381157604682230e-02 2.150013845111545252e-01
1.593799121885108860e-02 2.160405658126458572e-01
1.603851993026506051e-02 2.170016139930127097e-01
1.617341130976868158e-02 2.180033226761000642e-01
1.627359634332403715e-02 2.190009311499732103e-01
1.638540957972134393e-02 2.200055426875647258e-01
1.647113458157067889e-02 2.210003222240060905e-01
1.659560616100241859e-02 2.220007737369613654e-01
1.670137410167704672e-02 2.230041932227679602e-01
1.682736929207351295e-02 2.240041125416389056e-01
1.696317034215866215e-02 2.250043563163877103e-01
1.708217870419481699e-02 2.260013906511530724e-01
1.722659996055420084e-02 2.270214884709300385e-01
1.736446637739863519e-02 2.280033613293331596e-01
1.751196262999066278e-02 2.290005714010661941e-01
1.762598560306860573e-02 2.300040959263424389e-01
1.773855781783240104e-02 2.310009489786490344e-01
1.786388275120595615e-02 2.320106619834704509e-01
1.799401791112087423e-02 2.330020139534220991e-01
1.811979832088583819e-02 2.340257360488530169e-01
1.825475099451701055e-02 2.350024210263093327e-01
1.841244477268677571e-02 2.360043992104059185e-01
1.852736501289031779e-02 2.370011180582657362e-01
1.867728966836229229e-02 2.380010068045207150e-01
1.882051325081235404e-02 2.390003363472631703e-01
1.894593258495769206e-02 2.400021507362503359e-01
1.907457271607679306e-02 2.410003348436591530e-01
1.919016409798124378e-02 2.420028714227213940e-01
1.930822541680266013e-02 2.430105122964552888e-01
1.944922788173020223e-02 2.440009531224017203e-01
1.958523707412107573e-02 2.450000281207102282e-01
1.971641927383238624e-02 2.460006973929628749e-01
1.985991440624579329e-02 2.470014443789453062e-01
2.000888787840970906e-02 2.480039695261427313e-01
2.012471762591810931e-02 2.490005317042774668e-01
2.025233814458190368e-02 2.500058674052328955e-01
2.040174093560365165e-02 2.510002414854490826e-01
2.052109015251624147e-02 2.520048818254430611e-01
2.066258610479065894e-02 2.530081055354340136e-01
2.081580585109144010e-02 2.540035106909027118e-01
2.094822185539046977e-02 2.550002939193949936e-01
2.107926433661211352e-02 2.560001921874978104e-01
2.121552599924036997e-02 2.570091054865111246e-01
2.132069403398095808e-02 2.580004950162533284e-01
2.143808690268750317e-02 2.590171372521646864e-01
2.159479203342695719e-02 2.600014488123061351e-01
2.171077032876944646e-02 2.610047608264248753e-01
2.184400949674006331e-02 2.620006604550749740e-01
2.200375356721462339e-02 2.630002034276070488e-01
2.217498263710426798e-02 2.640018984615814523e-01
2.231132275590730352e-02 2.650002201110433497e-01
2.243502153377985309e-02 2.660052604762459527e-01
2.258681329996825582e-02 2.670004006244372508e-01
2.272526053042422944e-02 2.680009527863833063e-01
2.288904003120029174e-02 2.690094684865667607e-01
2.302311537476098291e-02 2.700026164582776667e-01
2.317026633244545497e-02 2.710017998785762550e-01
2.331387777255677918e-02 2.720071531028993572e-01
2.345923640857416892e-02 2.730034859583385098e-01
2.358686757519778965e-02 2.740003823393616367e-01
2.376781759530699478e-02 2.750008287487754610e-01
2.388859594821512999e-02 2.760000419438958241e-01
2.400161289601276948e-02 2.770003351638643529e-01
2.413427500534681691e-02 2.780021559746780335e-01
2.428727972117505907e-02 2.790026672821691034e-01
2.443153859541924433e-02 2.800081471066776517e-01
2.456173703102138006e-02 2.810016145944779220e-01
2.466952227162044764e-02 2.820084093019268878e-01
2.482238674399006584e-02 2.830063974609491328e-01
2.497574182598238934e-02 2.840268199629909507e-01
2.511624080581342788e-02 2.850000759966841990e-01
2.529212891290910648e-02 2.860009310059498655e-01
2.546162474564450662e-02 2.870009038639627086e-01
2.561502659895475986e-02 2.880006934809231645e-01
2.575927887487927670e-02 2.890033016721448855e-01
2.589346824692428939e-02 2.900058602116205031e-01
2.603925106993176808e-02 2.910021670420072648e-01
2.618522231589004434e-02 2.920025653227645845e-01
2.633978833294592370e-02 2.930084401958331086e-01
2.653087471954584942e-02 2.940005050393028618e-01
2.671420883416697478e-02 2.950007152953767475e-01
2.688040677022129898e-02 2.960000185467666078e-01
2.705494390116802705e-02 2.970028149388291849e-01
2.720344619624004423e-02 2.980015914286605061e-01
2.735492743601408705e-02 2.990002103707578573e-01
2.754249780225664912e-02 3.000041763479244228e-01
2.768186828986429759e-02 3.010012519346793036e-01
2.783598683981186941e-02 3.020001475727908113e-01
2.802557410917971836e-02 3.030024674870712698e-01
2.824424483368126459e-02 3.040121972179363752e-01
2.841164413248309373e-02 3.050007895166664262e-01
2.855610255707263789e-02 3.060003589438128890e-01
2.867609952277438978e-02 3.070082235533039272e-01
2.881138034761576705e-02 3.080432302579612092e-01
2.897057133085167990e-02 3.090003752485985800e-01
2.914125764355202097e-02 3.100060126707214758e-01
2.922978045502672151e-02 3.110055509873408397e-01
2.939844745615372013e-02 3.120002176916226166e-01
2.957716947705257837e-02 3.130049349078267151e-01
2.974769851668934706e-02 3.140013490425795917e-01
2.988520595247257106e-02 3.150015359593543729e-01
3.004289803278092919e-02 3.160046335981595567e-01
3.023166275180866336e-02 3.170007667723243605e-01
3.041201390500702928e-02 3.180008428284873956e-01
3.059524452801998251e-02 3.190008342968058686e-01
3.077740334672052214e-02 3.200004179717834685e-01
3.094044840834186960e-02 3.210120309779235237e-01
3.112440340275224315e-02 3.220108126848111318e-01
3.132281467123232410e-02 3.230022924733660927e-01
3.148860268043707222e-02 3.240133468895559643e-01
3.164999087571018777e-02 3.250153794543673702e-01
3.181353609032577801e-02 3.260007410542790085e-01
3.196536831691121350e-02 3.270343569006196605e-01
3.213314657422339238e-02 3.280013722744868354e-01
3.230607763276494016e-02 3.290021170243224158e-01
3.247928256919374590e-02 3.300008996976585007e-01
3.264096275198458130e-02 3.310049279518054166e-01
3.283079976334901673e-02 3.320008499192864670e-01
3.301598146982964721e-02 3.330041922894538819e-01
3.314605716731811036e-02 3.340065279715097035e-01
3.331722219406718644e-02 3.350009267622847675e-01
3.347711454641888462e-02 3.360080947489237357e-01
3.366506164334845397e-02 3.370013173524636363e-01
3.384172340170188420e-02 3.380154620143615007e-01
3.403637185860342029e-02 3.390005800838315486e-01
3.418632678080757437e-02 3.400004973017558552e-01
3.436189334728412259e-02 3.410008665893340951e-01
3.457824256473962521e-02 3.420007317718718465e-01
3.471878910134940099e-02 3.430029540554198619e-01
3.490489305445687584e-02 3.440074017016186425e-01
3.511439611989053411e-02 3.450000309910343232e-01
3.529529057625291344e-02 3.460045355811038337e-01
3.552088390439678278e-02 3.470032832745185147e-01
3.569793627894213284e-02 3.480003301390405812e-01
3.589376701625868193e-02 3.490092933043639767e-01
3.611733776484782332e-02 3.500025465760727150e-01
3.630408286183772759e-02 3.510008137505145620e-01
3.647386043964184754e-02 3.520067414558910035e-01
3.665971824891467445e-02 3.530001007983823436e-01
3.685200461217830181e-02 3.540018681823416946e-01
3.703213502157520765e-02 3.550010467589231333e-01
3.723476121522906190e-02 3.560003047455226333e-01
3.748045385758613790e-02 3.570001560253892037e-01
3.768102020548802500e-02 3.580003072830168498e-01
3.784170991547952667e-02 3.590017531543055473e-01
3.806042371597762042e-02 3.600006069024020983e-01
3.828614455887979773e-02 3.610006452141757971e-01
3.849799295920897091e-02 3.620001892422199385e-01
3.871503830005940117e-02 3.630056486142649308e-01
3.891218506809557276e-02 3.640002943803485880e-01
3.912761494146099750e-02 3.650023375857640029e-01
3.935836406375159413e-02 3.660034210298292456e-01
3.955024132046802698e-02 3.670019590279048893e-01
3.973627212886299276e-02 3.680010982427514565e-01
3.997422505208092502e-02 3.690000791960830195e-01
4.015591682843044907e-02 3.700029797156035305e-01
4.032069510943014912e-02 3.710022804907194827e-01
4.056015777613719564e-02 3.720011284777549054e-01
4.077810501964673762e-02 3.730015110282468016e-01
4.101227388900907656e-02 3.740001740606064273e-01
4.121877847117305649e-02 3.750008898988221318e-01
4.142419419913867529e-02 3.760005360608804081e-01
4.158913671351482932e-02 3.770029311428318430e-01
4.181331195990667382e-02 3.780001487467918309e-01
4.206671140108930729e-02 3.790055710160945557e-01
4.226059620018451923e-02 3.800004227973305393e-01
4.248045336361538915e-02 3.810005421372225642e-01
4.272684095866186027e-02 3.820005906987458677e-01
4.293543199100602337e-02 3.830005576081259577e-01
4.317074181576963099e-02 3.840011769841059075e-01
4.339983760812682334e-02 3.850013727404696384e-01
4.356731966946325585e-02 3.860044165485604917e-01
4.380021652166687929e-02 3.870032030590092043e-01
4.400192302418887147e-02 3.880003101792358633e-01
4.425307035170966685e-02 3.890009710080803984e-01
4.448877703752707191e-02 3.900127796562748439e-01
4.473243514543656651e-02 3.910060746672793242e-01
4.495818014280317243e-02 3.920044539410720286e-01
4.516573328098361095e-02 3.930031828958768236e-01
4.541766196841590109e-02 3.940040690590221883e-01
4.564366253331453294e-02 3.950016217042959243e-01
4.584249683602781289e-02 3.960010213986279726e-01
4.604193433865599872e-02 3.970000602550388114e-01
4.625574675117827272e-02 3.980017744391340928e-01
4.647406417943944490e-02 3.990013935016434310e-01
4.668156596880668197e-02 4.000048284773726759e-01
4.686076612620748705e-02 4.010018131165781208e-01
4.707997099891936266e-02 4.020066046743152044e-01
4.731468917416825626e-02 4.030019819779264156e-01
4.756450399912415250e-02 4.040029296045931639e-01
4.781082865509977964e-02 4.050008064010792719e-01
4.802513531281071835e-02 4.060038247291030133e-01
4.826643884317860511e-02 4.070007917494469218e-01
4.852282680908848178e-02 4.080017515946955386e-01
4.871691185581150663e-02 4.090006375517411530e-01
4.896782605201810412e-02 4.100022164244735423e-01
4.924402110641465380e-02 4.110127087206937313e-01
4.948110673846545238e-02 4.120002269893662805e-01
4.975067922436426926e-02 4.130010301262809769e-01
4.998359686281572678e-02 4.140014114491981090e-01
5.021377611880817327e-02 4.150007490720505343e-01
5.045982435964813106e-02 4.160466580329111319e-01
5.070356429067146564e-02 4.170039322548916294e-01
5.093824358805454366e-02 4.180041056584752335e-01
5.112634306961805208e-02 4.190014277020794875e-01
5.132204314820132396e-02 4.200038289989654894e-01
5.159820412645288457e-02 4.210257267965080152e-01
5.178596181872308080e-02 4.220006326154729370e-01
5.202620872886787318e-02 4.230001240054442890e-01
5.223997292161275396e-02 4.240053821023559433e-01
5.248741830136530173e-02 4.250012406055412306e-01
5.273790179627069197e-02 4.260017717126384218e-01
5.298805076386359225e-02 4.270012631016480986e-01
5.318648506153378364e-02 4.280051291290548621e-01
5.346266301543822763e-02 4.290027495766219889e-01
5.378326182341153228e-02 4.300006581780727033e-01
5.398107550336539440e-02 4.310019154740045710e-01
5.419977610122317380e-02 4.320043528703041980e-01
5.447003718737430944e-02 4.330008095865169881e-01
5.469035662972832057e-02 4.340021479658324743e-01
5.492765027421864232e-02 4.350009251271588773e-01
5.514871692277090176e-02 4.360141795288779987e-01
5.543701342593543302e-02 4.370008281143772377e-01
5.565600192881214880e-02 4.380025276308551208e-01
5.593476529434449063e-02 4.390016766096888068e-01
5.621399416178762820e-02 4.400033257537616649e-01
5.652950369814752074e-02 4.410001699982659673e-01
5.676092214486327947e-02 4.420013898098631433e-01
5.708707277057489815e-02 4.430005207905157727e-01
5.740026338254700100e-02 4.440014296114507264e-01
5.763137957973796244e-02 4.450012978869414271e-01
5.798379674350606638e-02 4.460031102474363296e-01
5.828680908399253013e-02 4.470032450312159122e-01
5.856059709696159743e-02 4.480076613540600605e-01
5.884561335073978938e-02 4.490012305760887057e-01
5.913319792980829132e-02 4.500006451312204558e-01
5.942105741835312926e-02 4.510010069797057430e-01
5.972389874186712078e-02 4.520008595126602247e-01
6.003006522973342030e-02 4.530000130828648053e-01
6.032876089285665877e-02 4.540022822869875241e-01
6.060084294101564240e-02 4.550005874554652330e-01
6.094050766794545382e-02 4.560021694844271223e-01
6.118076127386362639e-02 4.570032122347663095e-01
6.146798571794653832e-02 4.580099134680963857e-01
6.177822014592027067e-02 4.590002426175893713e-01
6.208822457010931828e-02 4.600028071673629149e-01
6.241037966462315012e-02 4.610087588107437684e-01
6.272416087049581535e-02 4.620001807309413455e-01
6.303871116654580220e-02 4.630010831331105581e-01
6.334040763724235745e-02 4.640001085778300283e-01
6.359975582289845164e-02 4.650000585041861867e-01
6.389146790492139516e-02 4.660007994156428190e-01
6.422977853289210670e-02 4.670001008673458354e-01
6.451683840322286478e-02 4.680005160744248882e-01
6.483109119753915905e-02 4.690004127712040782e-01
6.510474945122357582e-02 4.700019710403346429e-01
6.542629612256867233e-02 4.710010756382842501e-01
6.570397385495241327e-02 4.720000827397412002e-01
6.599614670593312304e-02 4.730008976479674887e-01
6.634573790055231512e-02 4.740006299618641505e-01
6.669037973470004488e-02 4.750005671076797387e-01
6.698922949221941536e-02 4.760007192275712562e-01
6.733552937771314362e-02 4.770018876260910257e-01
6.768816381176612218e-02 4.780053713531492443e-01
6.799502160142623097e-02 4.790004119533573523e-01
6.825774886809998776e-02 4.800025552783342975e-01
6.851728652677602227e-02 4.810017547444725428e-01
6.881128574265282793e-02 4.820002008465831822e-01
6.918174594235404484e-02 4.830005258274411850e-01
6.954337542262845062e-02 4.840000278097535413e-01
6.981828987251414986e-02 4.850005242591429178e-01
7.022752291239964251e-02 4.860000339799320224e-01
7.053406174602905310e-02 4.870001624073554414e-01
7.090003151565005268e-02 4.880016609699434071e-01
7.122858122599939890e-02 4.890038980432429572e-01
7.151089221056183831e-02 4.900000323004481961e-01
7.186236235790754989e-02 4.910004798838823459e-01
7.221744529292783987e-02 4.920001668529857541e-01
7.257826676242551400e-02 4.930009581058100165e-01
7.291159906682498359e-02 4.940020467106951418e-01
7.323872195510627847e-02 4.950319523370753094e-01
7.358995440753268724e-02 4.960010640938858906e-01
7.396406888984297101e-02 4.970040924848990738e-01
7.429300545873318562e-02 4.980008329134952838e-01
7.462193170212305660e-02 4.990001413287207255e-01
7.500040227416882033e-02 5.000001621416831910e-01
7.544100243462925626e-02 5.010008376158036070e-01
7.579269813198985517e-02 5.020013433488594856e-01
7.616330323375608558e-02 5.030013869914120583e-01
7.654413519238320585e-02 5.040001580948472171e-01
7.684760374192523003e-02 5.050002675934768259e-01
7.724931610475882504e-02 5.060024665718431125e-01
7.766721596313974629e-02 5.070090353313250198e-01
7.788759588142024626e-02 5.080927369674588245e-01
7.819896659020564300e-02 5.090000312864992882e-01
7.852927647722274251e-02 5.100001844492394465e-01
7.887527012714112828e-02 5.110005410831216510e-01
7.924408925905113144e-02 5.120035659186638055e-01
7.958282830575828803e-02 5.130044824943329473e-01
7.993835894628764649e-02 5.140042018033859073e-01
8.032065971470814247e-02 5.150012845403184603e-01
8.069228969428188236e-02 5.160011265344400799e-01
8.104904852321825892e-02 5.170015442535870198e-01
8.143270496902133004e-02 5.180000855533830606e-01
8.178165697177020022e-02 5.190016007838038625e-01
8.219808501326997252e-02 5.200002913691861295e-01
8.264046846951522696e-02 5.210010318462048318e-01
8.306918905328775082e-02 5.220001401962287568e-01
8.352079271922940862e-02 5.230000742736342634e-01
8.396645506099087441e-02 5.241010838787195647e-01
8.425872366290576565e-02 5.250021709244948598e-01
8.467400985655548773e-02 5.260034504474500050e-01
8.511149694469200000e-02 5.270002544568423986e-01
8.552309342273201054e-02 5.280003057089972529e-01
8.591664274157273518e-02 5.290000358709032735e-01
8.636374682198422192e-02 5.300031194640739685e-01
8.674858580995037372e-02 5.310004064997699835e-01
8.711115636291655306e-02 5.320000251810337311e-01
8.756062657038787833e-02 5.330002216924680791e-01
8.800191352329100880e-02 5.340042559643756181e-01
8.842947353465735461e-02 5.350034689721079317e-01
8.887034878843991237e-02 5.360020750012217672e-01
8.931216999553748259e-02 5.370034598410857729e-01
8.973112725082543761e-02 5.380001432216297008e-01
9.016047763588419528e-02 5.390003992806298161e-01
9.060398363191263238e-02 5.400000633872741318e-01
9.102199864063553747e-02 5.410009323643316659e-01
9.145124977555951773e-02 5.420070790685072026e-01
9.193157344424651711e-02 5.430018209140716756e-01
9.236759048577547482e-02 5.440021255747352624e-01
9.278791709787714836e-02 5.450018377552746651e-01
9.319676079691330273e-02 5.460056184707735571e-01
9.368647263435936345e-02 5.470001408973744761e-01
9.421039140129128242e-02 5.480003300332411120e-01
9.470135617040575937e-02 5.490002659525002882e-01
9.518462879423306156e-02 5.500003238946631345e-01
9.558358539863309744e-02 5.510199999322417108e-01
9.604917007729385503e-02 5.520000245990536181e-01
9.653394470777332259e-02 5.530002465251872001e-01
9.699227613195640640e-02 5.540018418060111971e-01
9.742057497885525663e-02 5.550150513174417766e-01
9.783072985960683532e-02 5.560011799218173012e-01
9.833016921139603461e-02 5.570003040865322275e-01
9.879609948738288239e-02 5.580003519476507412e-01
9.915988275331422130e-02 5.590004113003358421e-01
9.968511630219989428e-02 5.600019376426758067e-01
1.002498757245830485e-01 5.610006320915885691e-01
1.007672544588724683e-01 5.620002761955290582e-01
1.013048667677368952e-01 5.630002469938929499e-01
1.018173992186455212e-01 5.640001095191891078e-01
1.023893626293737036e-01 5.650003763040912785e-01
1.029533642032509633e-01 5.660017806422700248e-01
1.034930194899306155e-01 5.670001407147190475e-01
1.038514677122064356e-01 5.680021319438340877e-01
1.044296676405830349e-01 5.690013164756152486e-01
1.048539600274139838e-01 5.700009388281227496e-01
1.054506086510784701e-01 5.710004846771581377e-01
1.059442845816589429e-01 5.720008687867995656e-01
1.065062951317536921e-01 5.730006818928582435e-01
1.071454684616286457e-01 5.740013526653559017e-01
1.076671023721569309e-01 5.750005247318438206e-01
1.082575191306507367e-01 5.760066932848534327e-01
1.088274831382400887e-01 5.770010663216911251e-01
1.094631962757932619e-01 5.780002239404522513e-01
1.100131441663285692e-01 5.790004476316936710e-01
1.105881943820008484e-01 5.800023648073999727e-01
1.111845300997037489e-01 5.810005795526366201e-01
1.117435204684165129e-01 5.820003355652229038e-01
1.123447980012399761e-01 5.830002625437011865e-01
1.129125239363774069e-01 5.840011811207188597e-01
1.134556334285763413e-01 5.850033507881184924e-01
1.140644456625707903e-01 5.860004291725546821e-01
1.146858039921463401e-01 5.870002803195689678e-01
1.153473034685479348e-01 5.880005627484308217e-01
1.160278805086210063e-01 5.890021223436741060e-01
1.166791174929768249e-01 5.900004339026287958e-01
1.172520975897919371e-01 5.910020738214079028e-01
1.179042399227773208e-01 5.920040578937233455e-01
1.185450454759373606e-01 5.930005302753038610e-01
1.192516150234357308e-01 5.940006285671257658e-01
1.199405452918522741e-01 5.950029593015971896e-01
1.206114511087559293e-01 5.960006640290748114e-01
1.212535589658996216e-01 5.970000641104701300e-01
1.218902353822333140e-01 5.980014727036806477e-01
1.226323189493450094e-01 5.990005969650106232e-01
1.233220769669642891e-01 6.000006088883309552e-01
1.240029148418920757e-01 6.010021614535422385e-01
1.246790697260005132e-01 6.020003940462336223e-01
1.254050987393073857e-01 6.030008451578721118e-01
1.261682452258074960e-01 6.040001838870477924e-01
1.269109663722658432e-01 6.050001311247330538e-01
1.275577952790913905e-01 6.060010124917795116e-01
1.282634903162938045e-01 6.070003801191671267e-01
1.289774999391293253e-01 6.080001201964052582e-01
1.297609367368057764e-01 6.090002863179542203e-01
1.305859545087719731e-01 6.100007841084055249e-01
1.314016737214074304e-01 6.110005003104760357e-01
1.321850391745664766e-01 6.120013186881554379e-01
1.330274662762978011e-01 6.130000629672259782e-01
1.338687789952661966e-01 6.140023085274803893e-01
1.346545143189064042e-01 6.150009377681510125e-01
1.354103771409995716e-01 6.160033894170166002e-01
1.362587669851097472e-01 6.170009341225078936e-01
1.371615956683589488e-01 6.180015007329766608e-01
1.379824069679587151e-01 6.190004979390065776e-01
1.388229668781553183e-01 6.200003790260374403e-01
1.396582985194649851e-01 6.210009204079421918e-01
1.405025035042868353e-01 6.220028880748802447e-01
1.413639451191341934e-01 6.230000492628114950e-01
1.420908633089315032e-01 6.240015516486620006e-01
1.429739389665418692e-01 6.250012394368434920e-01
1.439272249520176516e-01 6.260025470194922059e-01
1.448901670650633022e-01 6.270002126510002549e-01
1.456424489887568896e-01 6.280017669320236973e-01
1.465504136675144231e-01 6.290015130530186571e-01
1.474400439611898705e-01 6.300001525744906017e-01
1.483577914792545416e-01 6.310011498309848754e-01
1.492517311438237293e-01 6.320003713056340233e-01
1.501875373758392307e-01 6.330001556173509014e-01
1.511806991941777589e-01 6.340007466636388145e-01
1.521682468584590886e-01 6.350003687975522837e-01
1.532170406701496290e-01 6.360002611590205301e-01
1.541469251964056042e-01 6.370167803052179112e-01
1.551767529996439798e-01 6.380007750585152682e-01
1.562630397874786858e-01 6.390003902092594723e-01
1.573595630402166989e-01 6.400000838498469680e-01
1.584024448417711284e-01 6.410045862459898824e-01
1.595232719328677495e-01 6.420034819716718966e-01
1.606105755605207186e-01 6.430002422697863596e-01
1.616376550193718842e-01 6.440000119433592074e-01
1.627352421600964938e-01 6.450003491984377391e-01
1.639164398926169497e-01 6.460004701116511816e-01
1.650158264572625377e-01 6.470007189672558612e-01
1.661973461653545314e-01 6.480000726986482329e-01
1.673217306208263366e-01 6.490003674840386649e-01
1.684482266755762403e-01 6.500000026718147916e-01
1.696107102954340640e-01 6.510000330271193958e-01
1.708993886828666930e-01 6.520011373316467740e-01
1.721353262474277779e-01 6.530014524437145473e-01
1.732154376927759198e-01 6.540003364790673013e-01
1.743292518166175142e-01 6.550003927611446342e-01
1.756148551602638719e-01 6.560001382419480276e-01
1.769497854745067933e-01 6.570000188712907807e-01
1.781670689532988128e-01 6.580005600074297911e-01
1.795340977314242858e-01 6.590000838789588089e-01
1.809585133017739267e-01 6.600000839335024017e-01
1.822091080595842350e-01 6.610010486941859664e-01
1.836160928730854458e-01 6.620002107524018964e-01
1.849149869314490324e-01 6.630002103584456963e-01
1.862558442842363604e-01 6.640005524224658062e-01
1.877213838130449286e-01 6.650001595800435483e-01
1.891859073271540126e-01 6.660005344269653849e-01
1.906692136432228679e-01 6.670000436610715733e-01
1.922046338465137616e-01 6.680003389507205291e-01
1.937136999982422836e-01 6.690000574727317240e-01
1.952612177961249307e-01 6.700001044953886042e-01
1.967474973196088328e-01 6.710013873807502138e-01
1.982554010425250368e-01 6.720011573347753897e-01
1.998440496903768349e-01 6.730000750877077609e-01
2.014404566854077760e-01 6.740000512228719876e-01
2.029768078342852888e-01 6.750000949106722548e-01
2.047069011353297441e-01 6.760009071521879687e-01
2.063080466645557109e-01 6.770003658187822015e-01
2.080034593135784426e-01 6.780004822842864431e-01
2.096695408095019530e-01 6.790001405642890342e-01
2.114447481785104443e-01 6.800000538027509700e-01
2.130531543883547041e-01 6.810002388244136284e-01
2.148673159334164584e-01 6.820001272164732953e-01
2.166352604120620473e-01 6.830020418139446381e-01
2.183769601366831736e-01 6.840000210871933772e-01
2.202018882965074420e-01 6.850000934473566838e-01
2.219149860137501484e-01 6.860001461129886513e-01
2.237361094180743137e-01 6.870003201423843242e-01
2.256243142004454860e-01 6.880000767077042445e-01
2.274580924724411979e-01 6.890001345002892963e-01
2.293132978838301472e-01 6.900000270988004836e-01
2.312122622915397940e-01 6.910000249022479890e-01
2.330716619079811203e-01 6.920000439363290790e-01
2.349940361714124570e-01 6.930000442081246659e-01
2.369733475233672948e-01 6.940002058407931385e-01
2.389075774717133172e-01 6.950001702344045240e-01
2.410785763997380649e-01 6.960000015996048450e-01
2.433715233710719295e-01 6.970002411136891896e-01
2.454942186904078838e-01 6.980001304365720527e-01
2.475916712312549173e-01 6.990001501503474435e-01
2.499105154618261881e-01 7.000003717536541492e-01
2.521692152929846387e-01 7.010001324603543083e-01
2.544185193989620952e-01 7.020000631694891524e-01
2.568519623783074302e-01 7.030000396378203176e-01
2.591659661175693685e-01 7.040002008653153398e-01
2.614465266082737216e-01 7.050000827598137398e-01
2.639625113127399558e-01 7.060011326620413419e-01
2.665930084351868512e-01 7.070003111547619179e-01
2.690280439516858912e-01 7.080005924018138996e-01
2.715134490464879979e-01 7.090000261825198935e-01
2.739890448838750991e-01 7.100002289376478037e-01
2.765863278039968343e-01 7.110009743243307367e-01
2.792576352937565787e-01 7.120004193535302006e-01
2.817346863985097372e-01 7.130016350966801308e-01
2.844729404641350712e-01 7.140005047311597242e-01
2.871090903680872941e-01 7.150000311104229844e-01
2.900357631736109054e-01 7.160000539955062582e-01
2.928628502104225761e-01 7.170005305400344309e-01
2.956856803361791464e-01 7.180000382834845762e-01
2.982998119490898326e-01 7.190000888513530253e-01
3.014034272478389731e-01 7.200000363211533916e-01
3.042607049366319316e-01 7.210001079175412109e-01
3.072664270789275953e-01 7.220000707602036716e-01
3.102637865547133167e-01 7.230000913880951785e-01
3.134079629149423285e-01 7.240000019322975211e-01
3.163047454642419209e-01 7.250001248861438485e-01
3.194146510604104483e-01 7.260000716011415500e-01
3.226811468755070855e-01 7.270000326934510371e-01
3.257884042747052344e-01 7.280000084913694769e-01
3.290895317141628862e-01 7.290007006292184011e-01
3.323837757531951098e-01 7.300007418642653345e-01
3.355817792172299807e-01 7.310000238990262966e-01
3.390981124749239406e-01 7.320005259044454204e-01
3.424800023489389389e-01 7.330001610062732986e-01
3.458625099348640042e-01 7.340005596939160881e-01
3.492700283646368309e-01 7.350000320897042139e-01
3.528829821229284569e-01 7.360000389696049750e-01
3.562628472994315842e-01 7.370000688066705719e-01
3.599243558607165272e-01 7.380003165289934497e-01
3.636707657805167138e-01 7.390000161630051467e-01
3.674424134587377377e-01 7.400009221052871178e-01
3.711357375697552641e-01 7.410002493106454535e-01
3.745260458803053583e-01 7.420002953660825851e-01
3.780079009310637339e-01 7.430000004288878079e-01
3.817235570256631849e-01 7.440002355519269583e-01
3.856187066772158722e-01 7.450000086654804399e-01
3.896929034825058480e-01 7.460004885755490145e-01
3.935376634444209820e-01 7.470005211621367769e-01
3.976640667727673328e-01 7.480000147863635762e-01
4.016504863053449448e-01 7.490002425671752340e-01
4.056213790353545567e-01 7.500003611778814916e-01
4.097221350083801727e-01 7.510000298397910834e-01
4.135837264164203830e-01 7.520002828810089524e-01
4.177235015479920932e-01 7.530000754852229639e-01
4.219007645362042869e-01 7.540006753870824863e-01
4.257836987385043015e-01 7.550001745749245208e-01
4.295851012709395178e-01 7.560005135243216268e-01
4.335069037179368756e-01 7.570001191466603219e-01
4.376326090748006159e-01 7.580002051264741469e-01
4.420355639398045877e-01 7.590000476631940662e-01
4.464746560687462562e-01 7.600000100061423680e-01
4.509362462838617525e-01 7.610000356205771643e-01
4.553973507914519381e-01 7.620000001649955834e-01
4.598515521868513645e-01 7.630000728143820909e-01
4.643615248051746747e-01 7.640000316589538043e-01
4.690364229523811823e-01 7.650000394567247897e-01
4.738614758529813287e-01 7.660000908623644245e-01
4.784432770787099276e-01 7.670002284744364962e-01
4.833331637597466646e-01 7.680001196064053515e-01
4.881415377652941201e-01 7.690002019414212686e-01
4.929500484369145341e-01 7.700000217001236047e-01
4.978037779176869293e-01 7.710000097077056580e-01
5.027139884412785698e-01 7.720001157657233604e-01
5.072516818573715724e-01 7.730000572853094054e-01
5.121549144157987454e-01 7.740000413444741989e-01
5.173456030382050930e-01 7.750001489033925273e-01
5.225501914951338200e-01 7.760000984434088922e-01
5.277288826930304211e-01 7.770001158569065369e-01
5.326636885940202459e-01 7.780001279220459809e-01
5.375019672889127520e-01 7.790000976493892670e-01
5.427625612366850927e-01 7.800000879608036675e-01
5.477094152612134170e-01 7.810002420094047659e-01
5.524834045818085571e-01 7.820000007161899136e-01
5.578738910026856956e-01 7.830000850089761100e-01
5.628716779397076042e-01 7.840000345219916289e-01
5.682199468818828203e-01 7.850002144206443822e-01
5.733777128951151880e-01 7.860000315095104773e-01
5.788229038109689029e-01 7.870000065076557805e-01
5.839926305708069698e-01 7.880004052061501119e-01
5.892030023244859693e-01 7.890000059211544903e-01
5.946542204922740105e-01 7.900000239432426463e-01
5.999839675224736268e-01 7.910000148474286563e-01
6.053155170745834202e-01 7.920000134855439411e-01
6.105317253328927940e-01 7.930000033248026936e-01
6.159226843252137984e-01 7.940002937007361039e-01
6.212414595260313810e-01 7.950000829647831946e-01
6.265265152590084874e-01 7.960000092857401066e-01
6.320269702999838923e-01 7.970003450673327494e-01
6.371911763704600773e-01 7.980001032124636184e-01
6.423437928965819443e-01 7.990000251698968770e-01
6.477480550646168567e-01 8.000003784050319089e-01
6.528048477701492436e-01 8.010000398563866808e-01
6.579330225567258106e-01 8.020000056943169531e-01
6.631388816626331284e-01 8.030000012774277662e-01
6.682567534949528376e-01 8.040000573920201843e-01
6.730671714383774651e-01 8.050012538782704841e-01
6.780173391637513980e-01 8.060000526181277936e-01
6.828113599874696682e-01 8.070000138904221965e-01
6.877673984508327898e-01 8.080003143002159050e-01
6.924987629183099180e-01 8.090000341720249288e-01
6.976263509205233859e-01 8.100000815478046734e-01
7.023911006400767043e-01 8.110001874520130771e-01
7.071726672031628524e-01 8.120000694502425009e-01
7.121236713239761373e-01 8.130000114814582846e-01
7.172136593416240657e-01 8.140000909783333682e-01
7.221436211069880429e-01 8.150000707419632340e-01
7.269992725165135283e-01 8.160002922384176349e-01
7.319874826430683434e-01 8.170001817839518399e-01
7.369147172530081669e-01 8.180000138361556150e-01
7.416773414954158650e-01 8.190000381483465430e-01
7.462877824787137460e-01 8.200000592530442001e-01
7.509245228565457619e-01 8.210000218213483469e-01
7.556562687166370473e-01 8.220000038053544289e-01
7.602762941444456413e-01 8.230000231535360422e-01
7.646246156833531593e-01 8.240000508820187752e-01
7.693193857496942734e-01 8.250000179978016490e-01
7.737497064455012286e-01 8.260000641900092644e-01
7.781558129084746867e-01 8.270001911350698398e-01
7.823479101416723758e-01 8.280001679385080582e-01
7.865208353000474606e-01 8.290001761199009556e-01
7.907717351519929494e-01 8.300000291691438381e-01
7.951826396285367471e-01 8.310001280195878914e-01
7.993563151129610134e-01 8.320002014880298891e-01
8.035882622876218129e-01 8.330000291943965296e-01
8.078309990399845653e-01 8.340000514070019522e-01
8.119806518896295344e-01 8.350001423814749080e-01
8.162385475507770716e-01 8.360000143588927068e-01
8.204667607594107182e-01 8.370004344427791620e-01
8.248078883994889310e-01 8.380000604367742190e-01
8.289166069874354115e-01 8.390000273256131846e-01
8.330647084275744074e-01 8.400001967137934455e-01
8.371861389452139868e-01 8.410003631922433609e-01
8.411445449531562701e-01 8.420000451673316233e-01
8.449813761606130846e-01 8.430003090410039812e-01
8.489926680128787595e-01 8.440000622375266603e-01
8.531239200862577032e-01 8.450000336035515813e-01
8.569652610316914609e-01 8.460000174406263618e-01
8.611243880566097353e-01 8.470003036808718688e-01
8.650185846373077414e-01 8.480000282553878943e-01
8.688596672298696255e-01 8.490007320312057404e-01
8.726208426096402349e-01 8.500004634997493369e-01
8.765653520235026086e-01 8.510000433711522039e-01
8.803571125741962433e-01 8.520001929174947364e-01
8.838937152610415460e-01 8.530004726972583162e-01
8.873294974316137118e-01 8.540000872693453982e-01
8.910012379376270886e-01 8.550000204977943330e-01
8.949307082686681625e-01 8.560000295061997999e-01
8.988760507318427351e-01 8.570000886026805098e-01
9.027306091865134885e-01 8.580000172432145078e-01
9.065254297483753554e-01 8.590001455501408145e-01
9.102814826880440968e-01 8.600000173953405991e-01
9.138919614436583627e-01 8.610025464600068457e-01
9.175023385103635576e-01 8.620005149355208784e-01
9.210499219806753679e-01 8.630001164717968631e-01
9.246910247237183356e-01 8.640000231827327237e-01
9.281568313803063575e-01 8.650000499418846189e-01
9.317464974756823892e-01 8.660002724823903097e-01
9.352684285730354929e-01 8.670000310326348991e-01
9.388604539811657990e-01 8.680002292017064969e-01
9.423991963355353718e-01 8.690006161454829625e-01
9.456679540561880870e-01 8.700002728945726016e-01
9.489198727370071751e-01 8.710000579871138848e-01
9.520918492059831095e-01 8.720000757492143428e-01
9.555737401212627269e-01 8.730000628278375974e-01
9.588686417384606475e-01 8.740000563525546218e-01
9.621826866866232120e-01 8.750000526433000525e-01
9.655770510925223427e-01 8.760014332457615183e-01
9.688941093295351248e-01 8.770001309878050488e-01
9.722505051055642111e-01 8.780000341199658553e-01
9.755327995331253277e-01 8.790001890937214624e-01
9.783739093750719595e-01 8.800000077295905276e-01
9.814416464495758774e-01 8.810000795125986217e-01
9.845962079822254687e-01 8.820000074990548278e-01
9.876062427187943804e-01 8.830005788086515706e-01
9.906982987887764658e-01 8.840000364277781353e-01
9.937309815346262454e-01 8.850000359278364925e-01
9.967173179326136445e-01 8.860003004460000886e-01
9.994336299204281682e-01 8.870001134388224573e-01
1.002423682609717481e+00 8.880001893980216110e-01
1.005473095274025175e+00 8.890000225329841577e-01
1.008613792767453665e+00 8.900000201844538994e-01
1.011533622564550816e+00 8.910002818193271112e-01
1.014396781890125832e+00 8.920001749961885551e-01
1.017376479955269364e+00 8.930000867076564042e-01
1.020307383927820943e+00 8.940141773495827726e-01
1.023473488616626570e+00 8.950000361032506291e-01
1.026934535519317571e+00 8.960000178972397089e-01
1.030319302274324222e+00 8.970000346984959849e-01
1.033580521137070996e+00 8.980000984973973699e-01
1.037244606900779242e+00 8.990004948633211201e-01
1.040999174775145919e+00 9.000000953450538743e-01
1.044986282451493942e+00 9.010009380853730709e-01
1.049001658422950234e+00 9.020001143054615644e-01
1.053189206682653367e+00 9.030000511756069992e-01
1.057571931159803746e+00 9.040000173958446794e-01
1.062088206818315061e+00 9.050001935643453566e-01
1.066706660049915101e+00 9.060008087048773140e-01
1.071224891094265663e+00 9.070003427612606250e-01
1.076180102421987694e+00 9.080000184893513016e-01
1.081277458171830519e+00 9.090000012207138935e-01
1.086430864040908606e+00 9.100000054654183712e-01
1.091759573061623190e+00 9.110029101170411536e-01
1.097090238539174756e+00 9.120000633068168217e-01
1.102388622571745636e+00 9.130000186713467247e-01
1.107879943537952716e+00 9.140000197600965937e-01
1.113234251273978126e+00 9.150001741209053963e-01
1.118520727014996385e+00 9.160004484729877827e-01
1.123873774839129425e+00 9.170000867296259628e-01
1.129421989494652889e+00 9.180001617921134116e-01
1.134946478819739646e+00 9.190003528690495749e-01
1.140587646268291122e+00 9.200000696654250243e-01
1.145827172422996032e+00 9.210001061804382605e-01
1.151360924621987802e+00 9.220000252602478241e-01
1.156967982867171951e+00 9.230000449038254784e-01
1.162435464057782752e+00 9.240000019889331728e-01
1.168192568961101241e+00 9.250000639136829461e-01
1.173480692867553632e+00 9.260000326025419337e-01
1.178697659688661581e+00 9.270003949890048833e-01
1.184350413733534335e+00 9.280001348416260232e-01
1.189609593179320690e+00 9.290000550172015092e-01
1.195089297152720054e+00 9.300001138694797831e-01
1.200372153514333906e+00 9.310001315430445068e-01
1.205870412237092681e+00 9.320001932471770889e-01
1.211491687371911041e+00 9.330002765985985214e-01
1.217072684279216777e+00 9.340002463322725212e-01
1.222936507185776733e+00 9.350000883871910640e-01
1.228388464498668675e+00 9.360000048620589208e-01
1.233948210238132281e+00 9.370000802587744593e-01
1.239782356378934747e+00 9.380000162674326791e-01
1.245471727641434434e+00 9.390000806880083317e-01
1.251393004910543283e+00 9.400002907647904138e-01
1.257430363306092591e+00 9.410000111417184954e-01
1.263395517554358971e+00 9.420000087578177528e-01
1.269777604208916610e+00 9.430001462296034864e-01
1.275904051767993153e+00 9.440014760301442820e-01
1.281642351356238718e+00 9.450000316726905325e-01
1.287658816046789667e+00 9.460000190515112095e-01
1.293782138351004640e+00 9.470000136773287780e-01
1.299678932990151470e+00 9.480000681351987701e-01
1.305845900913509716e+00 9.490000708542718488e-01
1.312337724868825273e+00 9.500000601574642989e-01
1.319020506538418847e+00 9.510000672969238789e-01
1.325474655261608348e+00 9.520045060430983863e-01
1.332682369527358412e+00 9.530002065512666043e-01
1.340114589290683389e+00 9.540000845679708075e-01
1.347708669691535022e+00 9.550007209989093138e-01
1.355596360092498065e+00 9.560001129629548400e-01
1.363795807393134663e+00 9.570000269641921742e-01
1.372547934104994649e+00 9.580000741009009335e-01
1.381570722414468211e+00 9.590000840683226002e-01
1.390761644116644602e+00 9.600000783940934035e-01
1.400817211782614757e+00 9.610000899428775556e-01
1.410913676910847014e+00 9.620000168645740368e-01
1.421746464939152022e+00 9.630000489824279697e-01
1.433380653977781360e+00 9.640000103118928632e-01
1.445251247664953498e+00 9.650000218787869732e-01
1.457159974642817213e+00 9.660000087473206154e-01
1.469402506539177367e+00 9.670000192639910397e-01
1.482269118851506029e+00 9.680000356318521071e-01
1.495493589341217344e+00 9.690000206441171660e-01
1.509611696914526791e+00 9.700000021592940502e-01
1.524585641228569655e+00 9.710001348709055291e-01
1.540250100045004622e+00 9.720001254001842117e-01
1.555953442688186028e+00 9.730000288942216580e-01
1.572979333592671392e+00 9.740000432212548853e-01
1.590869663450388494e+00 9.750000483247084349e-01
1.609461647380732385e+00 9.760000043848645612e-01
1.628531606928268038e+00 9.770000105485217023e-01
1.648543191026758503e+00 9.780000185569244220e-01
1.668984009463125862e+00 9.790000192924280809e-01
1.690523609842903063e+00 9.800003566200734539e-01
1.713241231479629256e+00 9.810000061991958065e-01
1.737250748321367499e+00 9.820000160655006916e-01
1.761677473390742321e+00 9.830000157992135890e-01
1.788393128926210940e+00 9.840000099852332927e-01
1.815800699467508217e+00 9.850000067754174360e-01
1.844763420091421580e+00 9.860000308611069908e-01
1.875488461861235301e+00 9.870000211880156638e-01
1.907671519340217614e+00 9.880001393863806491e-01
1.942550770322524434e+00 9.890000164438377261e-01
1.979200331582673167e+00 9.900000118218408307e-01
2.020946496857156216e+00 9.910002454594478705e-01
2.071463543994195522e+00 9.920000129765100816e-01
2.135663749766778530e+00 9.930000000033629703e-01
2.213463135357421230e+00 9.940000003463397293e-01
2.308700075971311438e+00 9.950000021098448499e-01
2.439187572632826928e+00 9.960000043493816291e-01
2.632591891887582580e+00 9.970000017626421407e-01
2.895264022333313036e+00 9.980000030847109294e-01
3.282363538413931359e+00 9.990000054131312757e-01
1.324749877419020017e+01 9.999999999995933253e-01
