# Random field Heisenberg chain
# L=14, J=1, Delta=0.4, W=1.5, h_i in [-W,W]
# Integrated spectral function of the Anderson LIOMs I_alpha
# omega I_alpha

0.000000000000000000e+00 1.094548363995820556e-03
0.000000000000000000e+00 2.065390695949742561e-03
0.000000000000000000e+00 3.008053504679641076e-03
0.000000000000000000e+00 4.013454513160132076e-03
0.000000000000000000e+00 5.018267889129619623e-03
0.000000000000000000e+00 6.050584563194695217e-03
0.000000000000000000e+00 7.027795560521433831e-03
0.000000000000000000e+00 8.110568331523718491e-03
0.000000000000000000e+00 9.049769295277523828e-03
0.000000000000000000e+00 1.016196239963064116e-02
0.000000000000000000e+00 1.105903629240373963e-02
0.000000000000000000e+00 1.217165557441137955e-02
0.000000000000000000e+00 1.306662897815079501e-02
0.000000000000000000e+00 1.411455672134596419e-02
0.000000000000000000e+00 1.501338879298267162e-02
0.000000000000000000e+00 1.606406968399737983e-02
0.000000000000000000e+00 1.720663036838807058e-02
0.000000000000000000e+00 1.800440682839590800e-02
0.000000000000000000e+00 1.908978556307924790e-02
0.000000000000000000e+00 2.001042093471336325e-02
0.000000000000000000e+00 2.109235197506113824e-02
0.000000000000000000e+00 2.202667365704280220e-02
0.000000000000000000e+00 2.302385224116033913e-02
0.000000000000000000e+00 2.402983839873801611e-02
0.000000000000000000e+00 2.501272060573451680e-02
0.000000000000000000e+00 2.606388713541804916e-02
0.000000000000000000e+00 2.706183821089346020e-02
0.000000000000000000e+00 2.802969776185202169e-02
0.000000000000000000e+00 2.900021718493450001e-02
0.000000000000000000e+00 3.001318728750802453e-02
0.000000000000000000e+00 3.100066193195090761e-02
0.000000000000000000e+00 3.209787326698455151e-02
0.000000000000000000e+00 3.300865145432312769e-02
0.000000000000000000e+00 3.409292304756669084e-02
0.000000000000000000e+00 3.514654459934671293e-02
0.000000000000000000e+00 3.606143786574356191e-02
0.000000000000000000e+00 3.702814575065732638e-02
0.000000000000000000e+00 3.801117377958724425e-02
0.000000000000000000e+00 3.907852113821871226e-02
0.000000000000000000e+00 4.018276979787237940e-02
0.000000000000000000e+00 4.103297381264262716e-02
0.000000000000000000e+00 4.200714079361585890e-02
0.000000000000000000e+00 4.304143861752648265e-02
0.000000000000000000e+00 4.411398456898132925e-02
0.000000000000000000e+00 4.503323287863279789e-02
0.000000000000000000e+00 4.606173782515485260e-02
0.000000000000000000e+00 4.711575611701743216e-02
0.000000000000000000e+00 4.803624419030533277e-02
0.000000000000000000e+00 4.906396236990256954e-02
0.000000000000000000e+00 5.008669107712617613e-02
0.000000000000000000e+00 5.120710004767505680e-02
0.000000000000000000e+00 5.201089927923733397e-02
0.000000000000000000e+00 5.304368467757151345e-02
0.000000000000000000e+00 5.400779540309267462e-02
0.000000000000000000e+00 5.501910551709839059e-02
0.000000000000000000e+00 5.601887491221340526e-02
0.000000000000000000e+00 5.701739580003875596e-02
0.000000000000000000e+00 5.820108620961684381e-02
0.000000000000000000e+00 5.900030905155831396e-02
0.000000000000000000e+00 6.003055092653181851e-02
0.000000000000000000e+00 6.100309538230719308e-02
0.000000000000000000e+00 6.201353988922263943e-02
0.000000000000000000e+00 6.307363907561201744e-02
0.000000000000000000e+00 6.404178732183159195e-02
0.000000000000000000e+00 6.500203320324361711e-02
0.000000000000000000e+00 6.600124938758877846e-02
0.000000000000000000e+00 6.701936403226144146e-02
0.000000000000000000e+00 6.803990814329499703e-02
0.000000000000000000e+00 6.903914208745737247e-02
0.000000000000000000e+00 7.000377634291367335e-02
0.000000000000000000e+00 7.100909702603441787e-02
0.000000000000000000e+00 7.200018009330197422e-02
0.000000000000000000e+00 7.300406681557147781e-02
0.000000000000000000e+00 7.405491802910767196e-02
0.000000000000000000e+00 7.504570070994463771e-02
0.000000000000000000e+00 7.611223675347671136e-02
0.000000000000000000e+00 7.700579652387662399e-02
0.000000000000000000e+00 7.800672084917732729e-02
0.000000000000000000e+00 7.901186293626294432e-02
0.000000000000000000e+00 8.000130400540027276e-02
0.000000000000000000e+00 8.100887215422220011e-02
0.000000000000000000e+00 8.202280522862546996e-02
0.000000000000000000e+00 8.304178912455320583e-02
0.000000000000000000e+00 8.407966530690212659e-02
0.000000000000000000e+00 8.501020148310660385e-02
0.000000000000000000e+00 8.600637798549552737e-02
0.000000000000000000e+00 8.701328322197102172e-02
0.000000000000000000e+00 8.800138857885705934e-02
0.000000000000000000e+00 8.900019206537550243e-02
0.000000000000000000e+00 9.013859782031352630e-02
0.000000000000000000e+00 9.101091429101682007e-02
0.000000000000000000e+00 9.214165124476556001e-02
0.000000000000000000e+00 9.301629026953367463e-02
0.000000000000000000e+00 9.400383638544092257e-02
0.000000000000000000e+00 9.501010276524719800e-02
0.000000000000000000e+00 9.603814420091960624e-02
0.000000000000000000e+00 9.703905036821695862e-02
0.000000000000000000e+00 9.805664242659495322e-02
0.000000000000000000e+00 9.902083771280631441e-02
0.000000000000000000e+00 1.000294974263986197e-01
0.000000000000000000e+00 1.010337931710083292e-01
0.000000000000000000e+00 1.020747721640874323e-01
0.000000000000000000e+00 1.030498759082092014e-01
0.000000000000000000e+00 1.040233166106902807e-01
0.000000000000000000e+00 1.050155304201511874e-01
0.000000000000000000e+00 1.060609715768309758e-01
0.000000000000000000e+00 1.070318953094828718e-01
0.000000000000000000e+00 1.080060377045769515e-01
0.000000000000000000e+00 1.090069167709437348e-01
0.000000000000000000e+00 1.100329423635474368e-01
0.000000000000000000e+00 1.110538891381230020e-01
0.000000000000000000e+00 1.121611505197645242e-01
0.000000000000000000e+00 1.130540550926511373e-01
0.000000000000000000e+00 1.140722385888355284e-01
0.000000000000000000e+00 1.150373401792190164e-01
0.000000000000000000e+00 1.161814056525539429e-01
0.000000000000000000e+00 1.170018878340584045e-01
0.000000000000000000e+00 1.180700814316497649e-01
0.000000000000000000e+00 1.190129593643655115e-01
0.000000000000000000e+00 1.200524825863476808e-01
0.000000000000000000e+00 1.210417528240828045e-01
0.000000000000000000e+00 1.220027293963875242e-01
0.000000000000000000e+00 1.230250651103913517e-01
0.000000000000000000e+00 1.240052655271467880e-01
0.000000000000000000e+00 1.250026931326045920e-01
0.000000000000000000e+00 1.260759651424528949e-01
0.000000000000000000e+00 1.270912000235515371e-01
0.000000000000000000e+00 1.280227939923778424e-01
0.000000000000000000e+00 1.290384725620190576e-01
0.000000000000000000e+00 1.300125300764097547e-01
0.000000000000000000e+00 1.310514492229594430e-01
0.000000000000000000e+00 1.320653172011708731e-01
0.000000000000000000e+00 1.330348287183362732e-01
0.000000000000000000e+00 1.340111249825094719e-01
0.000000000000000000e+00 1.351443815034877871e-01
0.000000000000000000e+00 1.361180631744152436e-01
0.000000000000000000e+00 1.370366790257976641e-01
0.000000000000000000e+00 1.380475838790307663e-01
0.000000000000000000e+00 1.390035945995332367e-01
1.740883272425275408e-04 1.400215041417915418e-01
2.478856809449148102e-04 1.410864371426632513e-01
3.112485982976753718e-04 1.420131502124394041e-01
4.077672328990367134e-04 1.430081032789826956e-01
4.665609620366772958e-04 1.440219906142297390e-01
5.306156022817365425e-04 1.450181202006387560e-01
6.066796383576988916e-04 1.460019620312513755e-01
6.489846613861871560e-04 1.470074017294378810e-01
6.940879149959222616e-04 1.480000402232261869e-01
7.523342773891883439e-04 1.490000164935123828e-01
8.013068584542537565e-04 1.500022645313960623e-01
8.603306645978969769e-04 1.510087251819183241e-01
9.158274721636772142e-04 1.520173703357557138e-01
9.394701198472965586e-04 1.530002237946683497e-01
9.761198541700655262e-04 1.540108495637949326e-01
1.011847980011637560e-03 1.550008673532922987e-01
1.047150404111296673e-03 1.560070569330875012e-01
1.089846466514665657e-03 1.570098374965583632e-01
1.116402310580105750e-03 1.580242830379131325e-01
1.139010406631002503e-03 1.590025357820944174e-01
1.162784832580587846e-03 1.600020309654627826e-01
1.184059373590784503e-03 1.610115992463939938e-01
1.233035671628912588e-03 1.620004019046742405e-01
1.255555727742052596e-03 1.630033362792816243e-01
1.308907154040195309e-03 1.640026098734386484e-01
1.339342178769298286e-03 1.650059270960185787e-01
1.370132594732897946e-03 1.660016845231850890e-01
1.402709634134691186e-03 1.670257931766249149e-01
1.421136893742208640e-03 1.680502271643082302e-01
1.476938007531902741e-03 1.690382562967892854e-01
1.500071747711606562e-03 1.700022318335246418e-01
1.538989780490385151e-03 1.710043433349046627e-01
1.572268236580187661e-03 1.720124523621497370e-01
1.596245193314915767e-03 1.730187500465708295e-01
1.641792650535878195e-03 1.740154729525701383e-01
1.672026614516930465e-03 1.750010819912354298e-01
1.724592579408934512e-03 1.760117737051193620e-01
1.759166187220384536e-03 1.770435402971001215e-01
1.792232534432613988e-03 1.780445757868272527e-01
1.814935849332455220e-03 1.790254877588482452e-01
1.846696712163753418e-03 1.800230529136876423e-01
1.874159434776256905e-03 1.810121202516260519e-01
1.902788940150834662e-03 1.820774686720749158e-01
1.939037979442170823e-03 1.830008589854160150e-01
1.964454583498032036e-03 1.840982399706835859e-01
1.985230369823121066e-03 1.850000439685079434e-01
2.024986239704040791e-03 1.860003992782374715e-01
2.047566741265605117e-03 1.870122905564140237e-01
2.096992877076431228e-03 1.880037138433983956e-01
2.114960365564133582e-03 1.890091095641344976e-01
2.138944125532615814e-03 1.900237312805708179e-01
2.173690270702133276e-03 1.910158069291786886e-01
2.219056964874011051e-03 1.920140774919781856e-01
2.244026472065119293e-03 1.930056750779878261e-01
2.265614900375911844e-03 1.940031033032633134e-01
2.300577259911840144e-03 1.950410744043164502e-01
2.327041546317243359e-03 1.960021042445625472e-01
2.373742202834705495e-03 1.970011010228888138e-01
2.402876173523527115e-03 1.980343248661469158e-01
2.436662723577204259e-03 1.990409635614322770e-01
2.479534142399875130e-03 2.000081627727508526e-01
2.525937830222924063e-03 2.010118903761655140e-01
2.558829756692304613e-03 2.020067415859671534e-01
2.586674289286605699e-03 2.030349107294183164e-01
2.619422174243546397e-03 2.040145115255059816e-01
2.653324623120845160e-03 2.050007552329387583e-01
2.683633959371309330e-03 2.060005282720384079e-01
2.702521493642806583e-03 2.070061380206830448e-01
2.748856134398458551e-03 2.080151975326404168e-01
2.784199694443323381e-03 2.090053597806295904e-01
2.810892445236135018e-03 2.100013832502091449e-01
2.835348931929715377e-03 2.110026398220274657e-01
2.868746598843952000e-03 2.120193179212085666e-01
2.889088036489045885e-03 2.130121098642440425e-01
2.941138693494771417e-03 2.140201778627514317e-01
2.973281754090173479e-03 2.150099433511356850e-01
2.999837855313103319e-03 2.160009792737232204e-01
3.045490265131789442e-03 2.170078558628779075e-01
3.066672193968111859e-03 2.180192640376034108e-01
3.090808748579920717e-03 2.190061448765603935e-01
3.129844575647688920e-03 2.200326244291853361e-01
3.176972679141409905e-03 2.210112664729934340e-01
3.226504231756965879e-03 2.220966774867740579e-01
3.259388533325857651e-03 2.230035278481506122e-01
3.288877107993526394e-03 2.240220169076077850e-01
3.328775294990204969e-03 2.250004399941200883e-01
3.355681918336905767e-03 2.260054998293902495e-01
3.376638378744245550e-03 2.270018738617702037e-01
3.413747102382513887e-03 2.280013249008685516e-01
3.444731876447004737e-03 2.290329150128385116e-01
3.471051809893627160e-03 2.300079338066226553e-01
3.496374557483639123e-03 2.310037397649635227e-01
3.522979875843240682e-03 2.320083971526751276e-01
3.573280627084951533e-03 2.330025599516265533e-01
3.614778187703393542e-03 2.340128995500812548e-01
3.650195125178723465e-03 2.350069433532119278e-01
3.688196422788302120e-03 2.360020785161072165e-01
3.719464794014415432e-03 2.370007716759778282e-01
3.771905581668621998e-03 2.380031851621926542e-01
3.809709322590615344e-03 2.390062949004621018e-01
3.830674558034208310e-03 2.400094056388548114e-01
3.874102944151676040e-03 2.410118297516153363e-01
3.905262803458153797e-03 2.420238431701338677e-01
3.941253180896553410e-03 2.430214219182230961e-01
3.975365943162945115e-03 2.440053750133545640e-01
4.014453225943626080e-03 2.450076240294792318e-01
4.048566308411771786e-03 2.460122344597290567e-01
4.093045536264217077e-03 2.470048271915344096e-01
4.148106962378994567e-03 2.480142512684904432e-01
4.179221427109025555e-03 2.490205398038616291e-01
4.219952349182598539e-03 2.500006264064194017e-01
4.256334869629882500e-03 2.510428334388876137e-01
4.287181508247028816e-03 2.520020135334349876e-01
4.329852081598417612e-03 2.530009853519510910e-01
4.364107140271134000e-03 2.540134798108280578e-01
4.408016220104116201e-03 2.550001324839463734e-01
4.453301373862128543e-03 2.560018801980345482e-01
4.502447413115895358e-03 2.570018322104908881e-01
4.540975972500582714e-03 2.580010506009287052e-01
4.571675123945628805e-03 2.590093362790129583e-01
4.598866368319853848e-03 2.600302078595890243e-01
4.640030772473213716e-03 2.610026218233035822e-01
4.670777575952911320e-03 2.620079742002263123e-01
4.715871035573249159e-03 2.630504673221311651e-01
4.754486578688932319e-03 2.640005319172425424e-01
4.796802411286549273e-03 2.650399240918890897e-01
4.837829033922491639e-03 2.660027728171738270e-01
4.869287823951351513e-03 2.670076864693991525e-01
4.912581677000593672e-03 2.680042174524512877e-01
4.958513175530088191e-03 2.690030324404799056e-01
5.000666953305366036e-03 2.700002325805849757e-01
5.036997896811001851e-03 2.710476037658184345e-01
5.065573992703485684e-03 2.720022837052945008e-01
5.132055694222925624e-03 2.730196731108310293e-01
5.160018598584947824e-03 2.740164144715305228e-01
5.203210463451402035e-03 2.750047129233054721e-01
5.244318140613435375e-03 2.760157156278257862e-01
5.287117706658017724e-03 2.770006608459534836e-01
5.336731294680707727e-03 2.780123009727407113e-01
5.366463269762977717e-03 2.790049720959396073e-01
5.393279950312912518e-03 2.800076581652000685e-01
5.431462973622291912e-03 2.810126666650898941e-01
5.462079088979665542e-03 2.820320942530362696e-01
5.497713041906493459e-03 2.830048001738818542e-01
5.547975251007475350e-03 2.840024834734470871e-01
5.592341249796684011e-03 2.850003010554407745e-01
5.653049962358824843e-03 2.860066634180114531e-01
5.698926776483315138e-03 2.870016570870272399e-01
5.744133906910420251e-03 2.880020588273177196e-01
5.781822174859563290e-03 2.890007108236089528e-01
5.816392323386043728e-03 2.900128582730202575e-01
5.859050025132095385e-03 2.910399228304074715e-01
5.881338433394223131e-03 2.920221496951578288e-01
5.915764505052378830e-03 2.930129960403978773e-01
5.975440022241262916e-03 2.940040436993531792e-01
6.019133819467059610e-03 2.950390888692916436e-01
6.063057711494845847e-03 2.960073908642905649e-01
6.104596967989317502e-03 2.970502379410312477e-01
6.151039031878691166e-03 2.980005692281344487e-01
6.188749381939029348e-03 2.990465954129838400e-01
6.230409858136276569e-03 3.000417136656512995e-01
6.290369591403166538e-03 3.010001064703483609e-01
6.333387377093213644e-03 3.020035046432664183e-01
6.383356257589234417e-03 3.030070224501478782e-01
6.457250839482675531e-03 3.040038357522019119e-01
6.509325746900884724e-03 3.050750557188171563e-01
6.549550154459460316e-03 3.060075226463734865e-01
6.617250779554773032e-03 3.070455005376512281e-01
6.654330192900737018e-03 3.080020782057555917e-01
6.705812381072373540e-03 3.090052900582746509e-01
6.742018868015176025e-03 3.100015881622001368e-01
6.800220088739150626e-03 3.110064471465028846e-01
6.839941083665590504e-03 3.120064581900242051e-01
6.881359212437487827e-03 3.130026975658862232e-01
6.936287192229162457e-03 3.140224197142326701e-01
7.001627057848125446e-03 3.150171198811258511e-01
7.055625459888692497e-03 3.160021602870340396e-01
7.110656018823657831e-03 3.170016772283007489e-01
7.143302238899362777e-03 3.180145814962528905e-01
7.205260094732324205e-03 3.190053814369841478e-01
7.248703966796443687e-03 3.200015029360785968e-01
7.281813778379109259e-03 3.210108439912864875e-01
7.337631270156297347e-03 3.220006921920886556e-01
7.397414374689770256e-03 3.230263997982644741e-01
7.462073301380600654e-03 3.240049788214173776e-01
7.505353931788222299e-03 3.250086520738016405e-01
7.544327762712230157e-03 3.260415961528995155e-01
7.569383209358626630e-03 3.270098861575100879e-01
7.612726602438557588e-03 3.280011982079405475e-01
7.658033414469578304e-03 3.290142024854574299e-01
7.711312525880753554e-03 3.300000822213786100e-01
7.750049838128880708e-03 3.310192881949121646e-01
7.791454265085873132e-03 3.320107122105666608e-01
7.837110794355117704e-03 3.330012640007577462e-01
7.876923654521972296e-03 3.340244741032096232e-01
7.927212905395331077e-03 3.350015293224215540e-01
7.966190046167387351e-03 3.360502825966514839e-01
8.005148686936136571e-03 3.370066272128255380e-01
8.056445687094182517e-03 3.380022708900838890e-01
8.114458050483275287e-03 3.390073460008765083e-01
8.180044356887572476e-03 3.400104209775897113e-01
8.253331188308510313e-03 3.410019349319007298e-01
8.298046846208606553e-03 3.420482371873506122e-01
8.351064744201774914e-03 3.430066558978664415e-01
8.420247890040810645e-03 3.440106414350269648e-01
8.490284222083824273e-03 3.450010493377057563e-01
8.541109578779515488e-03 3.460046243928091569e-01
8.597521334409163885e-03 3.470015782343019439e-01
8.652952103822109109e-03 3.480150804053215308e-01
8.709546840947907098e-03 3.490009078351730132e-01
8.768110298063902519e-03 3.500652918018198334e-01
8.835306854943145161e-03 3.510006822921403757e-01
8.882731965825146903e-03 3.520026143208931368e-01
8.942952316328245388e-03 3.530058196078074695e-01
8.983069142114441519e-03 3.540335821987792841e-01
9.027551632778019197e-03 3.550141018031008344e-01
9.074276875132764042e-03 3.560000040759263018e-01
9.141114235780012365e-03 3.570126821620537849e-01
9.224778332650229729e-03 3.580034927624933805e-01
9.285393451973655843e-03 3.590007653274175925e-01
9.341972708834633821e-03 3.600060971574879365e-01
9.404869226038226060e-03 3.610039356120163245e-01
9.460048271272336606e-03 3.620059611743279837e-01
9.505528977503896471e-03 3.631064017128520782e-01
9.570437677175774871e-03 3.640005036492803825e-01
9.645215823640196362e-03 3.650055610391527705e-01
9.718337243878494291e-03 3.660077373212781149e-01
9.765968173184536028e-03 3.670028677940560535e-01
9.807313083225022154e-03 3.680034551491561112e-01
9.867017096988367486e-03 3.690067117921508322e-01
9.915347107496197410e-03 3.700000643042296589e-01
9.982816293863085166e-03 3.710004041290809740e-01
1.003634710625656012e-02 3.720249424595999388e-01
1.011473161096709816e-02 3.730017037868550434e-01
1.015105067556332230e-02 3.740181581331297189e-01
1.021455132143511690e-02 3.750023657641453623e-01
1.027613162469132035e-02 3.760115475525820372e-01
1.030925554664108290e-02 3.770349883019241677e-01
1.038779046841120657e-02 3.780168441697024928e-01
1.045963069782063215e-02 3.790030793049548041e-01
1.052076193423401307e-02 3.800030395787472037e-01
1.057355755585387413e-02 3.810131960367849624e-01
1.065102826556918458e-02 3.820083491217892702e-01
1.069943354625024767e-02 3.830050619153414493e-01
1.077097196173415483e-02 3.840012922461519262e-01
1.083467384119740640e-02 3.850010339923035652e-01
1.092525985498560281e-02 3.860048632362041987e-01
1.099786831263083187e-02 3.870008608297547115e-01
1.107052448693879310e-02 3.880069469001805604e-01
1.113315052419983076e-02 3.890241742754300125e-01
1.121779043407741816e-02 3.900025427068042339e-01
1.128417797094827257e-02 3.910034438953181590e-01
1.134437629424756011e-02 3.920024420973354240e-01
1.141617809622719193e-02 3.930017383504720296e-01
1.149004261477803990e-02 3.940088927246513384e-01
1.157234745500779205e-02 3.950030979430307898e-01
1.165476681241828238e-02 3.960129623844022562e-01
1.172876555847262095e-02 3.970045151121130989e-01
1.178475114354293751e-02 3.980020773171255577e-01
1.183984617553468510e-02 3.990039333950302081e-01
1.192763875435309817e-02 4.000167971323388971e-01
1.200386528337249459e-02 4.010507217269193569e-01
1.205341582919805532e-02 4.020214364997570788e-01
1.214183709838323466e-02 4.030186712345552036e-01
1.223278744134737028e-02 4.040084077455503020e-01
1.228991977703008942e-02 4.050031510010587699e-01
1.235149499607213208e-02 4.060149396988079751e-01
1.241493170087148989e-02 4.070069857809252012e-01
1.248811382999592823e-02 4.080005665539742643e-01
1.255088406505522336e-02 4.090036297938900445e-01
1.262485333304241841e-02 4.100071018994065897e-01
1.267798457119173605e-02 4.110050393631477506e-01
1.274620645303958799e-02 4.120014110999052903e-01
1.282036160044963680e-02 4.130044781174228574e-01
1.288937016848223927e-02 4.140018630994488635e-01
1.294835752438332210e-02 4.150134902944293547e-01
1.303949804650939015e-02 4.160039552593515211e-01
1.309790881982531019e-02 4.170000983329734123e-01
1.316894160617021470e-02 4.180117249350835396e-01
1.323662392328550652e-02 4.190260701071941707e-01
1.331595230196724877e-02 4.200278858268749471e-01
1.338907815813850100e-02 4.210041294168025416e-01
1.344317143161699590e-02 4.220092566307639403e-01
1.353936217773421546e-02 4.230008635108479798e-01
1.360815702867901322e-02 4.240197541866884690e-01
1.367981648884497581e-02 4.250017302475039283e-01
1.376307288150790953e-02 4.260129244856792341e-01
1.386617400084907969e-02 4.270011210522226541e-01
1.394214068959254149e-02 4.280171644136689380e-01
1.402459787533150148e-02 4.290027123321149549e-01
1.411664358853137458e-02 4.300072062796960193e-01
1.418441648199153526e-02 4.310001082305892628e-01
1.426318698494943860e-02 4.320040602564525489e-01
1.437178822104612230e-02 4.330071956910446218e-01
1.445377973515316050e-02 4.340001538704352790e-01
1.453510681258052273e-02 4.350191090541051242e-01
1.462566020672340095e-02 4.360121316840285255e-01
1.471388445899857178e-02 4.370010940992967718e-01
1.477794042374069861e-02 4.380018302244557682e-01
1.484971118002920143e-02 4.390050780353954574e-01
1.491733904626180163e-02 4.400139196771521988e-01
1.498744864144541111e-02 4.410006259542006424e-01
1.506845568172476835e-02 4.420056406222140910e-01
1.517003173887743195e-02 4.430035243840111936e-01
1.524190576660311436e-02 4.440034358091503042e-01
1.531746214722662369e-02 4.450001866221614533e-01
1.541221490486388568e-02 4.460018725599145251e-01
1.550819579463258435e-02 4.470203772833982736e-01
1.557592751991443425e-02 4.480023717423450291e-01
1.564875351625261146e-02 4.490328410014001737e-01
1.573055424949743042e-02 4.500027286051107578e-01
1.582373240626577804e-02 4.510034788415850926e-01
1.591781718348467267e-02 4.520002465801046254e-01
1.601500883376272277e-02 4.530030403456867805e-01
1.611533769136017091e-02 4.540268446973116379e-01
1.618904336121751442e-02 4.550010302985166843e-01
1.631583301294420307e-02 4.560016711326051464e-01
1.638857986795333455e-02 4.570020929459532866e-01
1.645483323983609747e-02 4.580010394507758598e-01
1.657039191965137270e-02 4.590003707726589832e-01
1.664127101221135607e-02 4.600001665377485560e-01
1.672459690897409867e-02 4.610027363612729245e-01
1.678795088875872921e-02 4.620041326586278863e-01
1.692827001426244760e-02 4.630014976870706622e-01
1.704678672484874827e-02 4.640049874034252175e-01
1.715215888704713088e-02 4.650257074805027591e-01
1.725920124150726043e-02 4.660042286807646872e-01
1.734028505735407677e-02 4.670048798342089635e-01
1.744137198445416814e-02 4.680055600741374611e-01
1.754128787984488014e-02 4.690221240272737790e-01
1.762449187644163362e-02 4.700011589222212738e-01
1.770289048160944567e-02 4.710125059184833152e-01
1.778822229854126746e-02 4.720036526879116678e-01
1.788126945128953871e-02 4.730057988417961656e-01
1.798519343648286029e-02 4.740007053114476676e-01
1.807543340230610696e-02 4.750013904270958820e-01
1.816747551224562329e-02 4.760026329737277462e-01
1.824796052360344589e-02 4.770215437314220264e-01
1.835532052221522381e-02 4.780015042734867547e-01
1.847481203409007122e-02 4.790026860600887226e-01
1.857284121840026281e-02 4.800249791203659022e-01
1.866379558069586331e-02 4.810043213727375200e-01
1.876413643491181560e-02 4.821137237824331678e-01
1.885105461672575977e-02 4.830033480430702131e-01
1.896431929399122751e-02 4.840002209414603351e-01
1.903236732878244020e-02 4.850008527702798222e-01
1.913271981266451149e-02 4.860001523653331157e-01
1.922350013512019729e-02 4.870098393893730337e-01
1.932465693155460684e-02 4.880032865836291256e-01
1.946237459494304378e-02 4.890013255159719185e-01
1.958851357367352719e-02 4.900009035818544412e-01
1.971402401864219556e-02 4.910006150247935852e-01
1.980741665817586927e-02 4.920013985942891521e-01
1.992423892341499414e-02 4.930024653273538671e-01
2.003664953314765462e-02 4.940029008795389087e-01
2.014298915546985924e-02 4.950012116794369477e-01
2.025130497116700568e-02 4.960045008282591428e-01
2.038252626541292578e-02 4.970043283525074074e-01
2.052299572258187155e-02 4.980006438927006007e-01
2.063820865673454685e-02 4.990001105824602434e-01
2.075450454787264309e-02 5.000073116309869947e-01
2.084937001600080386e-02 5.010005656727840595e-01
2.096865495593280837e-02 5.020223282206522919e-01
2.107607260261046278e-02 5.030320613497620830e-01
2.119945491846220165e-02 5.040027218319927949e-01
2.130889515590350669e-02 5.050032863263359539e-01
2.141303246145176420e-02 5.060022874894946066e-01
2.150154295755690725e-02 5.070094497567484426e-01
2.161521387052861565e-02 5.080003570960180959e-01
2.173540548186503329e-02 5.090033582736771534e-01
2.187130987769636548e-02 5.100116864340198397e-01
2.198954543275499773e-02 5.110103956525355873e-01
2.211783976999592838e-02 5.120049987477788278e-01
2.221741124240628196e-02 5.130169992858162331e-01
2.234203610251561667e-02 5.140040972819128751e-01
2.246683306709740258e-02 5.150001148077010260e-01
2.257982139271774713e-02 5.160015673977469408e-01
2.268334551389350473e-02 5.170038811870808493e-01
2.281903162275922270e-02 5.180106646915514368e-01
2.292046460542396247e-02 5.190076039560829191e-01
2.302784545759117840e-02 5.200084242360054620e-01
2.307874041495387718e-02 5.210008281765308169e-01
2.323826462830336226e-02 5.220007627533914674e-01
2.336248709476551610e-02 5.230102199199544444e-01
2.351173632510716871e-02 5.240000558470021552e-01
2.361523576106483446e-02 5.250026678192136753e-01
2.374973356228693433e-02 5.260023662857620241e-01
2.386381225400463491e-02 5.270033498371754499e-01
2.398503845362620623e-02 5.280012498990580561e-01
2.410320782818958785e-02 5.290082775643838442e-01
2.419715953415524368e-02 5.300000000846221138e-01
2.431251666167844050e-02 5.310009520161336205e-01
2.446829139789341578e-02 5.320003460043698507e-01
2.458861381258004020e-02 5.330003280974413560e-01
2.469541503522920678e-02 5.340027660339852211e-01
2.482945863074803583e-02 5.350066100949405490e-01
2.497868691981608436e-02 5.360217796193658124e-01
2.512083245087204375e-02 5.371109922498074063e-01
2.522142625737633370e-02 5.380125488560376645e-01
2.532766446085821244e-02 5.390004032358974850e-01
2.546465443816092744e-02 5.400408637701147319e-01
2.560386069270226272e-02 5.410015022018314079e-01
2.574124265105570686e-02 5.420076335961661051e-01
2.591692067307782565e-02 5.430082594619611847e-01
2.607461434900382180e-02 5.440015473202743923e-01
2.625537734343907914e-02 5.450111562712578461e-01
2.638731765144444741e-02 5.460017324631178948e-01
2.653501597305796267e-02 5.470034831969960987e-01
2.670077654699865022e-02 5.480030188216122866e-01
2.683981258556511484e-02 5.490016540563394942e-01
2.699793610065848171e-02 5.500190824774355836e-01
2.715200496465963731e-02 5.510000686909414247e-01
2.728623865960577710e-02 5.520151885216870724e-01
2.745317283925136076e-02 5.530025002240969156e-01
2.758261774791953558e-02 5.540021743947376454e-01
2.773806608023787756e-02 5.550025735566742613e-01
2.785947389382215089e-02 5.560012177197724004e-01
2.801524888703665894e-02 5.570014050973505215e-01
2.819613293018585765e-02 5.580007291776132305e-01
2.834469692747498826e-02 5.590003567008310359e-01
2.849099498307428036e-02 5.600308622599028396e-01
2.866688889564628084e-02 5.610049837051236388e-01
2.885246945015829123e-02 5.620004571010154271e-01
2.901806860871669613e-02 5.630030836074978451e-01
2.917856362356485711e-02 5.640170264041812764e-01
2.933638523390014186e-02 5.650001041533692092e-01
2.948767046467182240e-02 5.660001925786709576e-01
2.966943092251028702e-02 5.670012110339777145e-01
2.985124484341333817e-02 5.680005353465336082e-01
3.002658042495282009e-02 5.690046974047142658e-01
3.015534233846450807e-02 5.700002783957414110e-01
3.033030466144870374e-02 5.710003731551913653e-01
3.051794999472923209e-02 5.720001271375899643e-01
3.064284463364341793e-02 5.730032422537301162e-01
3.086392278888849816e-02 5.740002788532625466e-01
3.101701421673952463e-02 5.750004110129801616e-01
3.115225754716297035e-02 5.760013579681159124e-01
3.133758457325974689e-02 5.770000040091820548e-01
3.152241320173154726e-02 5.780003693188385805e-01
3.170313754747418333e-02 5.790025282408121088e-01
3.188763274537986803e-02 5.800071430499090797e-01
3.203265005480049332e-02 5.810055975946205598e-01
3.219755380258426669e-02 5.820363694054698778e-01
3.238956769768019939e-02 5.830000905510390741e-01
3.256054325186980014e-02 5.840012892175726611e-01
3.273046900289178218e-02 5.850006109142781296e-01
3.294194243560921720e-02 5.860041382637189988e-01
3.309738375979298652e-02 5.870038666835244445e-01
3.329491201689038782e-02 5.880011806084356474e-01
3.344062676161885239e-02 5.890005991714405420e-01
3.361844687099102558e-02 5.900011122491300997e-01
3.378403392775441993e-02 5.910016776324278354e-01
3.393922614126909654e-02 5.920053843099212232e-01
3.411339200102059266e-02 5.930053112546088689e-01
3.429186905991588041e-02 5.940000852207732995e-01
3.447161421633659906e-02 5.950002901041516745e-01
3.464086463054205645e-02 5.960041528356382345e-01
3.476884696002024988e-02 5.970007435403299478e-01
3.491683862577188435e-02 5.980099384109153204e-01
3.511996517444648802e-02 5.990014780570389608e-01
3.532477061113858952e-02 6.000049263706241920e-01
3.545694876054961142e-02 6.010126841613067095e-01
3.567561989060097360e-02 6.020005271307993233e-01
3.584738200755127613e-02 6.030006670565515314e-01
3.605877754449249295e-02 6.040005660239702312e-01
3.626678189321141943e-02 6.050042790650101976e-01
3.646981827503492646e-02 6.060001138009335486e-01
3.668296674184379214e-02 6.070013623760842636e-01
3.688799442976575804e-02 6.080032834505656458e-01
3.713581926199194250e-02 6.090000744515332576e-01
3.732360207289797671e-02 6.100004091195654343e-01
3.749997591576414990e-02 6.110163594391841979e-01
3.766170310102967544e-02 6.120063338188841406e-01
3.784712214111285444e-02 6.130005146605671529e-01
3.804507783111255037e-02 6.140004374045087143e-01
3.825264826410312846e-02 6.150122489776786994e-01
3.847484261878686418e-02 6.160001095691033379e-01
3.866795587431726133e-02 6.170019672829205604e-01
3.886060696594961783e-02 6.180024877259884253e-01
3.907938934931642905e-02 6.190020811164899106e-01
3.933624112212585899e-02 6.200014022038948802e-01
3.950691033944364605e-02 6.210064806410360294e-01
3.971341323145738400e-02 6.220127659053062974e-01
3.995377219652357370e-02 6.230000700350744047e-01
4.018332598368834496e-02 6.240010579411670033e-01
4.041656865670084642e-02 6.250001689420801032e-01
4.062226108602051688e-02 6.260146847891536748e-01
4.081351268785815556e-02 6.270010109290817812e-01
4.105124409813781794e-02 6.280003159252389722e-01
4.121973634344311410e-02 6.290008568952372148e-01
4.146115321374677087e-02 6.300044401180926457e-01
4.170834294107095275e-02 6.310012258610928626e-01
4.197873484273539901e-02 6.320130338599780906e-01
4.217474556037759115e-02 6.330000090082964492e-01
4.239453499945433634e-02 6.340033992613957059e-01
4.267150505156036555e-02 6.350011532828629957e-01
4.290222242583885404e-02 6.360001011561137174e-01
4.309121664680892749e-02 6.370013075768113930e-01
4.330607644922945809e-02 6.380022520997946645e-01
4.350909180431972167e-02 6.390014561575564356e-01
4.375547272694216283e-02 6.400022353232729388e-01
4.402725261853211031e-02 6.410003746626419252e-01
4.426023667974510190e-02 6.420009931032213402e-01
4.444577893880152786e-02 6.430012060425643883e-01
4.465152947600747879e-02 6.440003783726045983e-01
4.489883819677265020e-02 6.450003766737409938e-01
4.523256275798015480e-02 6.460008625290283302e-01
4.541543157391281227e-02 6.470032275573410763e-01
4.563025963783329253e-02 6.480003754725338627e-01
4.583438066638878539e-02 6.490028662430999962e-01
4.614403542194589480e-02 6.500006147968563353e-01
4.638258782309145900e-02 6.510001768417105206e-01
4.657059632923532533e-02 6.520001639217168909e-01
4.685599593656120110e-02 6.530014979417094745e-01
4.704371285063399521e-02 6.540012679554897401e-01
4.730954037890056085e-02 6.550048653052392700e-01
4.760069040838543764e-02 6.560008602528408783e-01
4.784843730050036825e-02 6.570005484608026913e-01
4.810032214384096783e-02 6.580003512412059274e-01
4.833697900790490110e-02 6.590020199027498693e-01
4.858636510304298328e-02 6.600000962217423828e-01
4.884191228494616510e-02 6.610007585825284915e-01
4.912469190776347361e-02 6.620010390165104175e-01
4.945611470621785744e-02 6.630013811916556365e-01
4.971007782319958324e-02 6.640000748284687893e-01
4.995874084166529450e-02 6.650006917012646346e-01
5.022662622843088176e-02 6.660014302648790130e-01
5.044690497237835913e-02 6.670002614914988248e-01
5.073789787654814365e-02 6.680013880332743570e-01
5.097484346006031508e-02 6.690020859720983148e-01
5.124589021534964317e-02 6.700006021922068067e-01
5.154322183534731927e-02 6.710000398050267600e-01
5.179989504587467763e-02 6.720001435957441149e-01
5.209301996615511854e-02 6.730010434129779506e-01
5.239379715875092103e-02 6.740001762966193466e-01
5.271654543530246428e-02 6.750044097450044189e-01
5.297845273448720249e-02 6.760025909266876853e-01
5.329388189782524599e-02 6.770006269203199256e-01
5.362062467714684422e-02 6.780001578490330028e-01
5.391248648227975337e-02 6.790001346994023468e-01
5.416198625170220993e-02 6.800103044024197185e-01
5.449375542546314177e-02 6.810001626316258827e-01
5.478530529886072031e-02 6.820061719574164183e-01
5.501900458093422763e-02 6.830009311356824986e-01
5.527018054257837321e-02 6.840015369236206455e-01
5.557192960535006776e-02 6.850002973428891417e-01
5.586466801959089068e-02 6.860009216891372885e-01
5.619001579907001442e-02 6.870009880516576573e-01
5.652661430203931303e-02 6.880079238648725282e-01
5.689967377569526974e-02 6.890005823759638437e-01
5.720531908675274835e-02 6.900011046709749740e-01
5.751102030984012181e-02 6.910007486751119643e-01
5.781291636252827715e-02 6.920966479596347698e-01
5.807939050956001381e-02 6.930456446415050875e-01
5.833023215945942752e-02 6.940052062381935061e-01
5.864141101915576471e-02 6.950001129656852017e-01
5.898167118350916560e-02 6.960016228836494179e-01
5.928882883848074492e-02 6.970004663647012544e-01
5.963606720984060416e-02 6.980141625938401928e-01
5.993144431838060004e-02 6.990002252952677297e-01
6.026683394360596302e-02 7.000018518336508233e-01
6.059923063709360402e-02 7.010000284631267009e-01
6.098172527348688643e-02 7.020000689024193941e-01
6.130068327762072666e-02 7.030006037852826184e-01
6.163180667823131564e-02 7.040009791281892637e-01
6.200366902503562372e-02 7.050012110283766509e-01
6.230585506169417087e-02 7.060033350975867261e-01
6.259729694856153159e-02 7.070104940193081555e-01
6.286687758475117960e-02 7.080000025083675874e-01
6.313471656336711035e-02 7.090220553086244992e-01
6.333909822878781848e-02 7.100003830532330973e-01
6.368351234986213694e-02 7.110004759917023520e-01
6.404290124563072339e-02 7.120050790822113340e-01
6.437414317806799957e-02 7.130000064432430174e-01
6.473811185856792605e-02 7.140000103603119097e-01
6.510398432555541959e-02 7.150015810899703617e-01
6.544411972261077182e-02 7.160123264600088966e-01
6.578833262680089389e-02 7.170021682289418052e-01
6.615202414408427600e-02 7.180030383150590723e-01
6.650351841792367935e-02 7.190001470368472258e-01
6.687616022268239035e-02 7.200349320368260031e-01
6.722130797355996279e-02 7.210001704786107579e-01
6.755534799126339252e-02 7.220007052377633849e-01
6.793283773436309403e-02 7.230012338068996236e-01
6.833540325479114941e-02 7.240001073678179466e-01
6.870860157715261152e-02 7.250017389525250655e-01
6.902916815927628846e-02 7.260191837516387636e-01
6.934185741961895744e-02 7.270008452585631220e-01
6.973750133657830030e-02 7.280021389480574312e-01
7.011311029379907467e-02 7.290006916114540880e-01
7.050237028553507646e-02 7.300006795625137990e-01
7.091122448069353545e-02 7.310008959670706297e-01
7.130800461921626976e-02 7.320003444555528427e-01
7.174558207524661668e-02 7.330010941196212215e-01
7.214491195314332028e-02 7.340000184841373176e-01
7.248347702292368133e-02 7.350003198162933238e-01
7.286571326448176844e-02 7.360006624995070190e-01
7.323835202874295902e-02 7.370010049422199838e-01
7.360517726622040069e-02 7.380023043360652846e-01
7.403920966544719207e-02 7.390013225606566483e-01
7.449020499521652461e-02 7.400000176962169274e-01
7.488557381201821350e-02 7.410001387224914859e-01
7.525810605434046785e-02 7.420060569816998575e-01
7.563042194725744238e-02 7.430015477273759217e-01
7.605431286954988934e-02 7.440009350995753223e-01
7.644742891842204457e-02 7.450009618957773583e-01
7.687693223766123296e-02 7.460005385552660462e-01
7.730772083009979090e-02 7.470013295760220551e-01
7.771021684062295876e-02 7.480019381827023306e-01
7.812810953381710277e-02 7.490048088378590263e-01
7.852700727015138327e-02 7.500022516442046427e-01
7.897633615696372789e-02 7.510008533155438926e-01
7.940608351651756713e-02 7.520013226067161494e-01
7.974926572949914139e-02 7.530007947954812098e-01
8.023062414540427234e-02 7.540003563801445097e-01
8.071796206602732671e-02 7.550001625334867850e-01
8.108710859828732742e-02 7.560005754878311723e-01
8.147229707296377299e-02 7.570020120066627278e-01
8.192939159626999590e-02 7.580056673506641030e-01
8.241399581181307887e-02 7.590004811951865937e-01
8.287172794394048747e-02 7.600004067150736287e-01
8.328235079920709438e-02 7.610432551566035375e-01
8.377259370168044228e-02 7.620385458846279381e-01
8.410882711418166124e-02 7.630025889223893687e-01
8.459027998450618924e-02 7.640063328419317568e-01
8.505502254369501358e-02 7.650001044320717813e-01
8.542005851542347483e-02 7.660050623032679251e-01
8.593470330164865167e-02 7.670016502291255867e-01
8.640698196839946554e-02 7.680004933366435527e-01
8.685881902270153887e-02 7.690202780989113807e-01
8.727552424929596597e-02 7.700004871825487651e-01
8.779583609347252349e-02 7.710029791907770935e-01
8.829764874123480212e-02 7.720001823953581699e-01
8.886717868683180477e-02 7.730002532948423433e-01
8.945279043834408750e-02 7.740025669831052113e-01
9.001955150879226153e-02 7.750010095514312525e-01
9.046133456217830826e-02 7.760092075571526360e-01
9.091517979726715382e-02 7.770024649044696696e-01
9.145999039444552281e-02 7.780000743185628842e-01
9.197884334533235062e-02 7.790036521648888712e-01
9.254676875802303471e-02 7.800004643838569507e-01
9.310339464671180121e-02 7.810045082155789853e-01
9.357362712485350897e-02 7.820007337933934100e-01
9.414687335786298128e-02 7.830000131468670688e-01
9.464624771323992825e-02 7.840008589062145150e-01
9.513594572348238465e-02 7.850012050339614245e-01
9.566270944736743331e-02 7.860004482560082328e-01
9.611850677035960189e-02 7.870001238706598734e-01
9.664229607737606642e-02 7.880007214993064446e-01
9.715145801024194228e-02 7.890002499078214715e-01
9.772537516933077484e-02 7.900003566401030408e-01
9.821061652068330261e-02 7.910012274170350466e-01
9.878029410336996996e-02 7.920000171117095311e-01
9.934672935217186973e-02 7.930013977862540031e-01
9.996732854789169842e-02 7.940003324165871845e-01
1.005311346157895525e-01 7.950010045176840734e-01
1.011000417982099719e-01 7.960005027743068950e-01
1.016812367948071172e-01 7.970009111416253011e-01
1.022409723032635664e-01 7.980000691516730971e-01
1.028683370677607734e-01 7.990000616087047369e-01
1.034912020142915168e-01 8.000015728260736481e-01
1.040301089642095000e-01 8.010010043324848894e-01
1.046795595232734577e-01 8.020009711053613932e-01
1.053277617404633215e-01 8.030000464624733603e-01
1.057504902346870779e-01 8.040078209335301818e-01
1.063533293046705630e-01 8.050006207992477236e-01
1.070045454346035818e-01 8.060002429899968401e-01
1.076530903492249891e-01 8.070007145443038876e-01
1.082886860707268362e-01 8.080005804208250098e-01
1.087719933746620349e-01 8.090000396641439107e-01
1.094198554623111441e-01 8.100000706322745270e-01
1.101626227074210540e-01 8.110002986825023408e-01
1.108360150470797389e-01 8.120016024536738097e-01
1.114902489958517484e-01 8.130002074852138438e-01
1.122827487050104267e-01 8.140012202702701094e-01
1.130014887850791516e-01 8.150012420553074399e-01
1.137683164204865705e-01 8.160005068140483431e-01
1.144800651474109365e-01 8.170000797827672301e-01
1.150621678422614202e-01 8.180006089745044395e-01
1.158146533937451927e-01 8.190022049738758803e-01
1.165525828872691072e-01 8.200116752209138937e-01
1.174024195346227151e-01 8.210000334927864962e-01
1.180068450727675966e-01 8.220007600456726848e-01
1.188521441417793589e-01 8.230006524901071208e-01
1.196712800918495745e-01 8.240011571427674486e-01
1.206416651180889921e-01 8.250000781037607478e-01
1.210608793234584368e-01 8.260005392049705186e-01
1.220889821532844532e-01 8.270000726040582784e-01
1.229904965497674585e-01 8.280000818702348830e-01
1.240256919058766449e-01 8.290007533899732550e-01
1.248852111423461864e-01 8.300018884217627013e-01
1.257259722365871024e-01 8.310002720570922596e-01
1.266607146359016722e-01 8.320006653724227874e-01
1.275944880507454138e-01 8.330001627652631191e-01
1.286129014155330541e-01 8.340000997197514199e-01
1.295374692541668704e-01 8.350003818537485856e-01
1.305197679947016631e-01 8.360048294929267598e-01
1.315794695640428724e-01 8.370001369988006035e-01
1.325605882292210103e-01 8.380000936082236951e-01
1.335668825119077363e-01 8.390041016320379796e-01
1.346069074251232678e-01 8.400002704826250444e-01
1.355518086725505944e-01 8.410000359935619896e-01
1.365856902430429010e-01 8.420009649494544224e-01
1.377411465046867178e-01 8.430179554553490773e-01
1.387751944913531155e-01 8.440011031845141565e-01
1.399993861211981105e-01 8.450001435068809075e-01
1.413947165555522467e-01 8.460012373681097264e-01
1.424785330486511570e-01 8.470004021499157876e-01
1.437895770668817796e-01 8.480012842905627624e-01
1.448547621770175375e-01 8.490006648683173784e-01
1.458726251849329358e-01 8.500001122751509319e-01
1.471897774103225753e-01 8.510004712990285602e-01
1.483968210429100765e-01 8.520000932200850752e-01
1.497222800718001068e-01 8.530027774827491083e-01
1.511482717702974377e-01 8.540000001593854861e-01
1.525709899256967317e-01 8.550004773395326607e-01
1.540537103411887543e-01 8.560001262865384319e-01
1.556808399228577500e-01 8.570000314663566154e-01
1.571795733340003443e-01 8.580006172161684930e-01
1.586312612722942106e-01 8.590000134473793070e-01
1.601315990380129950e-01 8.600000237331931752e-01
1.617100294050746179e-01 8.610001369793823800e-01
1.633935820400247430e-01 8.620023637171870812e-01
1.649860383196076752e-01 8.630001545297301124e-01
1.664411514725603336e-01 8.640002755518675359e-01
1.682014383927137313e-01 8.650011293863625328e-01
1.700756623900836484e-01 8.660000082157511825e-01
1.721489038775478320e-01 8.670002011572440770e-01
1.739769326618565426e-01 8.680000799676400591e-01
1.756292568340507287e-01 8.690000997877445066e-01
1.774704721879807323e-01 8.700001019940480917e-01
1.794692946195670658e-01 8.710012464412663080e-01
1.814606411445391920e-01 8.720000873304464273e-01
1.837311956124951795e-01 8.730001304965279152e-01
1.860546806745404513e-01 8.740004821194539142e-01
1.882778082055918123e-01 8.750001110919473080e-01
1.907261175960976995e-01 8.760003363386008601e-01
1.932029841333779974e-01 8.770000281546542764e-01
1.954233042003148402e-01 8.780001474577299181e-01
1.978790644955443767e-01 8.790001843337240661e-01
2.005107567367354626e-01 8.800017712968662975e-01
2.030180181363261394e-01 8.810002377836158027e-01
2.054964366617624272e-01 8.820062240058218483e-01
2.080703663297915895e-01 8.830001097383051167e-01
2.110357647752367227e-01 8.840000134020610245e-01
2.139278147096241867e-01 8.850000473680839086e-01
2.168748836250848910e-01 8.860005333705056607e-01
2.196991662775391596e-01 8.870002327724557656e-01
2.225250989081822839e-01 8.880000807006760422e-01
2.257635685022756356e-01 8.890008716043691361e-01
2.290154817701974821e-01 8.900000067582466423e-01
2.326237378324809146e-01 8.910001576143971036e-01
2.364980121943607294e-01 8.920003070078016405e-01
2.399275819610147131e-01 8.930000148064535237e-01
2.431202826963025920e-01 8.940017674005013015e-01
2.471763093824728141e-01 8.950011109187340219e-01
2.513646867984364874e-01 8.960001232216038280e-01
2.554141268872456294e-01 8.970000612168346210e-01
2.599572426808571812e-01 8.980001551174479069e-01
2.646195965555340202e-01 8.990028488916461669e-01
2.693410661451967059e-01 9.000000847423146322e-01
2.741925523867028147e-01 9.010000040271367583e-01
2.796197934460037393e-01 9.020001762867443373e-01
2.853256613800916330e-01 9.030002797892947575e-01
2.910583217108557719e-01 9.040010332493396694e-01
2.968939534321354823e-01 9.050000012239330927e-01
3.030012519011544558e-01 9.060000673499896129e-01
3.094624965160077679e-01 9.070099189134755990e-01
3.153791539267081223e-01 9.080000590741442723e-01
3.221572933381349757e-01 9.090000199144502302e-01
3.290609328746100237e-01 9.100000403636342439e-01
3.357179037726321091e-01 9.110000240153938167e-01
3.429891687750177276e-01 9.120000200600629769e-01
3.503199255563407277e-01 9.130000168619881729e-01
3.577561394710184750e-01 9.140001019292919304e-01
3.646558998631146409e-01 9.150000688049484410e-01
3.717577082921510456e-01 9.160003571881476514e-01
3.796440134467620187e-01 9.170000202748436191e-01
3.876966224824960339e-01 9.180000884564981645e-01
3.959239006242243342e-01 9.190000380015693748e-01
4.039061756656083801e-01 9.200028875523931227e-01
4.129591800183674000e-01 9.210000053473998971e-01
4.226912304053155323e-01 9.220001292266603032e-01
4.318116521467122437e-01 9.230002068382625602e-01
4.411874278251197712e-01 9.240004558153587233e-01
4.509788520658947197e-01 9.250000016652866197e-01
4.602122537808019942e-01 9.260001342285464343e-01
4.699743787388948046e-01 9.270000030261627000e-01
4.806212476757922847e-01 9.280000692846339660e-01
4.910899435145608116e-01 9.290001062513741914e-01
5.019389481800939912e-01 9.300002394746356149e-01
5.133135759869653647e-01 9.310000566437339753e-01
5.248007928200856265e-01 9.320000002131818562e-01
5.367259956978933655e-01 9.330002114390810730e-01
5.489173740579986749e-01 9.340000017722029924e-01
5.615914471126810525e-01 9.350000073051263350e-01
5.738173965727222381e-01 9.360000282764036061e-01
5.868299498095348454e-01 9.370002041203029375e-01
5.995787162794841141e-01 9.380000793678753279e-01
6.130549757133227917e-01 9.390000176975288326e-01
6.269152184601680666e-01 9.400000445736268473e-01
6.403568206214718117e-01 9.410000344435329733e-01
6.544580471167651403e-01 9.420001351265634426e-01
6.670629958532983128e-01 9.430001606762140609e-01
6.803304762941716488e-01 9.440000009504987410e-01
6.938121545181519245e-01 9.450000147690262864e-01
7.064154415719934299e-01 9.460000355852355991e-01
7.188566149069317568e-01 9.470000208158011468e-01
7.305407607238078027e-01 9.480000099998373564e-01
7.425841422379320100e-01 9.490000874834567668e-01
7.542740705890466080e-01 9.500000476760843693e-01
7.657298680026887183e-01 9.510003967516365009e-01
7.770279028890247908e-01 9.520002906471989323e-01
7.884319920990092712e-01 9.530013726989694511e-01
8.000566495830208069e-01 9.540010261223637045e-01
8.117392903572338003e-01 9.550001536831360660e-01
8.227349553277800709e-01 9.560000434101312283e-01
8.340939778343093858e-01 9.570000115809469410e-01
8.443255938143561234e-01 9.580007253714464266e-01
8.542728664654904991e-01 9.590000059341277083e-01
8.629564316573048455e-01 9.600002413482709995e-01
8.703546421779297937e-01 9.610000012863748609e-01
8.770892494071169665e-01 9.620000256421279428e-01
8.837997418081808831e-01 9.630000576603152673e-01
8.902537249490312110e-01 9.640000179875212183e-01
8.973156527618466605e-01 9.650003783260877599e-01
9.047121546400442860e-01 9.660000087481624975e-01
9.124640269560876371e-01 9.670001697671043450e-01
9.220557659125805383e-01 9.680009068984019027e-01
9.332695306223162124e-01 9.690001273191053421e-01
9.459965883012607657e-01 9.700000252989704475e-01
9.588901029543750454e-01 9.710001924885560687e-01
9.712942431461661918e-01 9.720000650904873085e-01
9.841657964120127389e-01 9.730000876124436093e-01
9.962909180699193179e-01 9.740026370647062448e-01
1.008068573603843721e+00 9.750001147400586543e-01
1.018845226474031751e+00 9.760000155094348262e-01
1.029451931458735370e+00 9.770015135663004946e-01
1.039769159574982726e+00 9.780004827818263857e-01
1.050827776737760511e+00 9.790000592138174973e-01
1.062546816009550366e+00 9.800000092974708865e-01
1.075477345135631424e+00 9.810000015607306389e-01
1.089819664696700885e+00 9.820002947592145759e-01
1.105113109382785730e+00 9.830000744751344888e-01
1.121236962254532399e+00 9.840002928857917164e-01
1.137869995223394826e+00 9.850000166641722510e-01
1.155452484951208447e+00 9.860000869974668847e-01
1.175347597095309782e+00 9.870000247596223408e-01
1.199650213272327681e+00 9.880000206152242948e-01
1.228087099510738689e+00 9.890000078897226432e-01
1.262333526931087135e+00 9.900000183336951087e-01
1.301624377944274880e+00 9.910000405707012350e-01
1.340686261992124262e+00 9.920000090258670467e-01
1.384262456795704921e+00 9.930000118428637945e-01
1.429982634383771600e+00 9.940000036256156912e-01
1.481787752234119182e+00 9.950000076054066334e-01
1.543264190430732707e+00 9.960000550047586332e-01
1.629360169440083883e+00 9.970000033706167830e-01
1.809153261107103505e+00 9.980000047365839011e-01
2.175953740497286848e+00 9.990000008723264324e-01
1.289809092330799345e+01 9.999999999994452216e-01
