# 1D Hubbard model 
# MCLM for L=20, U/t=4.0, n=1/2(quarter filling), m=0, M_L=5*10^3 steps
# Charge conductivity sigma(omega)
# omega/J sigma_c(omega) 

0.0000000000000000 137.73734447127197
5.00000000000000010E-003 70.058752072011515
1.00000000000000002E-002 3.4086908227016619
1.49999999999999994E-002 0.40377076013990326
2.00000000000000004E-002 0.12950815860679846
2.50000000000000014E-002 5.62805236350181828E-002
2.99999999999999989E-002 2.54720467934906394E-002
3.50000000000000033E-002 1.35075576892597360E-002
4.00000000000000008E-002 8.68317372052983781E-003
4.49999999999999983E-002 6.08204887884469542E-003
5.00000000000000028E-002 4.43016480487659365E-003
5.50000000000000003E-002 3.60440176613499802E-003
5.99999999999999978E-002 3.36842281362717154E-003
6.50000000000000022E-002 3.33541660753777216E-003
7.00000000000000067E-002 3.32099826552090856E-003
7.49999999999999972E-002 3.45959027398828932E-003
8.00000000000000017E-002 3.87964296762535136E-003
8.50000000000000061E-002 4.47199755366549725E-003
8.99999999999999967E-002 5.14228083281889192E-003
9.50000000000000011E-002 6.10140972394296929E-003
0.10000000000000001 7.16639637724673755E-003
0.10500000000000000 8.27499209684675642E-003
0.11000000000000000 9.77416456883978789E-003
0.11500000000000000 1.17926175004674279E-002
0.12000000000000000 1.32254069851917566E-002
0.12500000000000000 1.44114996883549160E-002
0.13000000000000000 1.59662793727598992E-002
0.13500000000000001 1.66861686516854742E-002
0.14000000000000001 1.65645514850571336E-002
0.14499999999999999 1.64487461974244832E-002
0.14999999999999999 1.64593261475489937E-002
0.15500000000000000 1.64515579297540952E-002
0.16000000000000000 1.64902118571769798E-002
0.16500000000000001 1.68402936981938076E-002
0.17000000000000001 1.70192827965829491E-002
0.17500000000000002 1.75961621104524894E-002
0.17999999999999999 1.86496214755583374E-002
0.18500000000000000 1.96942981019383560E-002
0.19000000000000000 2.09373624401913705E-002
0.19500000000000001 2.24404995765431492E-002
0.20000000000000001 2.38071488016825712E-002
0.20500000000000002 2.53426731617210389E-002
0.20999999999999999 2.71985649489377909E-002
0.21500000000000000 2.95118237998027166E-002
0.22000000000000000 3.21608882640227606E-002
0.22500000000000001 3.35670748735171845E-002
0.23000000000000001 3.40378714684792735E-002
0.23500000000000001 3.58019784481781039E-002
0.23999999999999999 3.81516895716688259E-002
0.24500000000000000 3.98233442592577924E-002
0.25000000000000000 4.07007768694194194E-002
0.25500000000000000 4.14565956172323058E-002
0.26000000000000001 4.28326433562437325E-002
0.26500000000000001 4.52895022981866582E-002
0.27000000000000002 4.77507588182393694E-002
0.27500000000000002 4.88213170104657077E-002
0.28000000000000003 5.04431302248563654E-002
0.28500000000000003 5.28808332305276754E-002
0.28999999999999998 5.48051645589098108E-002
0.29499999999999998 5.82918182239868798E-002
0.29999999999999999 6.28951680498055776E-002
0.30499999999999999 6.37714991172625284E-002
0.31000000000000000 6.46775833966024838E-002
0.31500000000000000 7.03074966538820428E-002
0.32000000000000001 7.49040905456266337E-002
0.32500000000000001 7.48639075542175264E-002
0.33000000000000002 7.77101753156732161E-002
0.33500000000000002 8.11658538000301494E-002
0.34000000000000002 8.21010889335649779E-002
0.34500000000000003 8.65220010766762637E-002
0.35000000000000003 9.46424176772079767E-002
0.35499999999999998 9.83082962962246593E-002
0.35999999999999999 0.10033209701331822
0.36499999999999999 0.10333952190617099
0.37000000000000000 0.10339876195767893
0.37500000000000000 0.10511553586508959
0.38000000000000000 0.11049728386725817
0.38500000000000001 0.11250711176605241
0.39000000000000001 0.11357135880413895
0.39500000000000002 0.11862442632624290
0.40000000000000002 0.11847326732151445
0.40500000000000003 0.11775227507994390
0.41000000000000003 0.12212644621036908
0.41500000000000004 0.12469215349620033
0.41999999999999998 0.12436970263830298
0.42499999999999999 0.12519566230636420
0.42999999999999999 0.12652092254877587
0.43500000000000000 0.12678210772622520
0.44000000000000000 0.12904533442847657
0.44500000000000001 0.12892947435715274
0.45000000000000001 0.12555372402047571
0.45500000000000002 0.12969722050704202
0.46000000000000002 0.13166044640897967
0.46500000000000002 0.12550350980085986
0.47000000000000003 0.12553579619255445
0.47500000000000003 0.13138223375461369
0.47999999999999998 0.12969947273888913
0.48499999999999999 0.12668959562973853
0.48999999999999999 0.12811353718906987
0.49500000000000000 0.12576363990401929
0.50000000000000000 0.12283267491324117
0.50500000000000000 0.12622547828635905
0.51000000000000001 0.12557171062497766
0.51500000000000001 0.12142048674734333
0.52000000000000002 0.12166187950185779
0.52500000000000002 0.12427474828563230
0.53000000000000003 0.12249215746684244
0.53500000000000003 0.12220515299402265
0.54000000000000004 0.11905498044625921
0.54500000000000004 0.11443439655413300
0.55000000000000004 0.11507853136282130
0.55500000000000005 0.11939219735163260
0.56000000000000005 0.11779345379160516
0.56500000000000006 0.11525898369435485
0.57000000000000006 0.11203590387522327
0.57500000000000007 0.10717677237232359
0.57999999999999996 0.10823550575483336
0.58499999999999996 0.11252560184728032
0.58999999999999997 0.11119070508725208
0.59499999999999997 0.10698928064930036
0.59999999999999998 0.10859194188576890
0.60499999999999998 0.11031849219935361
0.60999999999999999 0.10836501995828780
0.61499999999999999 0.10881032412973513
0.62000000000000000 0.10973327284014144
0.62500000000000000 0.10684519958645371
0.63000000000000000 0.10565493558787623
0.63500000000000001 0.10668109004134310
0.64000000000000001 0.10613312208582019
0.64500000000000002 0.10669666328813847
0.65000000000000002 0.10905893378035876
0.65500000000000003 0.10889152235607620
0.66000000000000003 0.10795416628508182
0.66500000000000004 0.10903172447593265
0.67000000000000004 0.10839353782104295
0.67500000000000004 0.10821878252069630
0.68000000000000005 0.10923614865564255
0.68500000000000005 0.10975987973809370
0.69000000000000006 0.10999240147576034
0.69500000000000006 0.11140837550124931
0.70000000000000007 0.11070355698864269
0.70499999999999996 0.10894382146699230
0.70999999999999996 0.11045913302931969
0.71499999999999997 0.11099302664074091
0.71999999999999997 0.10811174615151432
0.72499999999999998 0.10913145942199005
0.72999999999999998 0.11253902647988936
0.73499999999999999 0.11076612973310547
0.73999999999999999 0.10943417337756538
0.74500000000000000 0.11217779085753056
0.75000000000000000 0.11174413881245016
0.75500000000000000 0.10856528757314396
0.76000000000000001 0.10930565672774412
0.76500000000000001 0.11144779404667510
0.77000000000000002 0.11124827723200026
0.77500000000000002 0.11075938952833769
0.78000000000000003 0.11141348277855609
0.78500000000000003 0.11060644971673515
0.79000000000000004 0.11023349308430315
0.79500000000000004 0.11032017866967363
0.80000000000000004 0.10943841522193484
0.80500000000000005 0.10946929534471772
0.81000000000000005 0.11139929422209396
0.81500000000000006 0.11020185875921588
0.82000000000000006 0.10917299976946247
0.82500000000000007 0.11096031757229001
0.83000000000000007 0.11137908927814320
0.83499999999999996 0.11004528986712719
0.83999999999999997 0.11020760285698571
0.84499999999999997 0.10993374145335036
0.84999999999999998 0.10879835215004789
0.85499999999999998 0.10877311599086455
0.85999999999999999 0.10870088812771872
0.86499999999999999 0.10792959684499291
0.87000000000000000 0.10811099233446256
0.87500000000000000 0.10932995603424177
0.88000000000000000 0.10809291481984291
0.88500000000000001 0.10980514583936118
0.89000000000000001 0.11267975215887763
0.89500000000000002 0.11066045546909301
0.90000000000000002 0.10874803262797431
0.90500000000000003 0.11128867091141735
0.91000000000000003 0.11003602545382921
0.91500000000000004 0.10687429164174882
0.92000000000000004 0.11020954931114216
0.92500000000000004 0.11271915914894493
0.93000000000000005 0.10877123925778745
0.93500000000000005 0.10774840467618726
0.94000000000000006 0.10888823639791173
0.94500000000000006 0.10694716433740030
0.95000000000000007 0.10732046966212673
0.95500000000000007 0.11075318917022647
0.95999999999999996 0.10820474238475429
0.96499999999999997 0.10500221521594562
0.96999999999999997 0.10825523572198280
0.97499999999999998 0.11001491390789177
0.97999999999999998 0.10794826967736762
0.98499999999999999 0.10753746554810782
0.98999999999999999 0.10725236365809804
0.99500000000000000 0.10826962174654003
1.0000000000000000 0.11224069351126960
1.0050000000000001 0.11155687254978056
1.0100000000000000 0.10823414991814022
1.0150000000000001 0.11064947981083012
1.0200000000000000 0.11404975606071921
1.0249999999999999 0.11232525536829441
1.0300000000000000 0.11353376989621100
1.0349999999999999 0.11622852645969341
1.0400000000000000 0.11281388602680660
1.0449999999999999 0.11237673406943235
1.0500000000000000 0.11615149517753419
1.0549999999999999 0.11415028632227497
1.0600000000000001 0.11244878833283563
1.0649999999999999 0.11665198776268899
1.0700000000000001 0.11691545619904968
1.0750000000000000 0.11411391061859043
1.0800000000000001 0.11689994555748980
1.0850000000000000 0.11731137339425544
1.0900000000000001 0.11415738714293534
1.0950000000000000 0.11742111133591035
1.1000000000000001 0.12055015581952506
1.1050000000000000 0.11986557267934449
1.1100000000000001 0.12224668320494723
1.1150000000000000 0.12359172264319192
1.1200000000000001 0.12087893507678146
1.1250000000000000 0.12392327134563261
1.1300000000000001 0.12663847163878331
1.1350000000000000 0.12253992339253060
1.1400000000000001 0.12360879803103167
1.1450000000000000 0.12735599177793896
1.1500000000000001 0.12158441651921778
1.1550000000000000 0.12165304988338979
1.1599999999999999 0.12868905889715296
1.1650000000000000 0.12688058233112867
1.1699999999999999 0.12280486007456498
1.1750000000000000 0.12847372518366626
1.1799999999999999 0.12772554610297149
1.1850000000000001 0.12396481849998157
1.1899999999999999 0.12968263948658854
1.1950000000000001 0.13049229777233826
1.2000000000000000 0.12463739412768415
1.2050000000000001 0.12936552001880644
1.2100000000000000 0.13321937965548875
1.2150000000000001 0.12685553854836723
1.2200000000000000 0.12707014409509926
1.2250000000000001 0.13177618626747534
1.2300000000000000 0.12935506500587654
1.2350000000000001 0.13081212805717607
1.2400000000000000 0.13638906184658628
1.2450000000000001 0.13197428736944541
1.2500000000000000 0.13085681882520048
1.2550000000000001 0.13750076235017553
1.2600000000000000 0.13609355575442714
1.2650000000000001 0.13322424326470061
1.2700000000000000 0.13812162233719152
1.2750000000000001 0.13823853446624501
1.2800000000000000 0.13650477290498672
1.2849999999999999 0.14176222040083511
1.2900000000000000 0.14182487825343015
1.2949999999999999 0.13687679206559727
1.3000000000000000 0.13966246974713104
1.3049999999999999 0.14132561047737335
1.3100000000000001 0.13870184366648383
1.3149999999999999 0.14338312110291976
1.3200000000000001 0.14697471156680175
1.3250000000000000 0.14193692099617730
1.3300000000000001 0.14347655844590876
1.3350000000000000 0.14663024732248808
1.3400000000000001 0.14425194405233693
1.3450000000000000 0.14585342908714549
1.3500000000000001 0.14674294925032913
1.3550000000000000 0.14247805478695175
1.3600000000000001 0.14255699189313620
1.3650000000000000 0.14596972966058624
1.3700000000000001 0.14401172504205939
1.3750000000000000 0.14678412088614282
1.3800000000000001 0.15039163128168512
1.3850000000000000 0.14493452295841841
1.3900000000000001 0.14421445077935116
1.3950000000000000 0.15211960028325758
1.4000000000000001 0.15048207868507205
1.4050000000000000 0.14752404871282002
1.4099999999999999 0.15245023507083152
1.4150000000000000 0.14745436835328576
1.4199999999999999 0.14583923276329502
1.4250000000000000 0.15274948816310358
1.4299999999999999 0.14984206314795748
1.4350000000000001 0.14205594756358922
1.4399999999999999 0.14740162103506013
1.4450000000000001 0.15103491488175047
1.4500000000000000 0.14571963793920409
1.4550000000000001 0.14813820523259982
1.4600000000000000 0.15005078811049896
1.4650000000000001 0.14651857227652806
1.4700000000000000 0.14772759874051411
1.4750000000000001 0.14970964000051559
1.4800000000000000 0.14513070546363321
1.4850000000000001 0.14570650838230756
1.4900000000000000 0.14759235612690591
1.4950000000000001 0.14316631801567806
1.5000000000000000 0.14497539706653606
1.5050000000000001 0.14628548333511984
1.5100000000000000 0.14029035539723872
1.5150000000000001 0.14177802633178108
1.5200000000000000 0.14602530629713631
1.5250000000000001 0.13783496235483397
1.5300000000000000 0.13732806930304950
1.5350000000000001 0.14460012111681811
1.5400000000000000 0.13757884557806793
1.5449999999999999 0.13546296023701979
1.5500000000000000 0.14397903817055674
1.5549999999999999 0.14036404250997067
1.5600000000000001 0.13282896631303537
1.5649999999999999 0.13889705006714326
1.5700000000000001 0.13975731327131347
1.5750000000000000 0.13222124074052349
1.5800000000000001 0.13625226298251897
1.5850000000000000 0.13900983481722082
1.5900000000000001 0.13425404871378002
1.5950000000000000 0.13957454461318700
1.6000000000000001 0.13794407581707460
1.6050000000000000 0.12688429579647645
1.6100000000000001 0.12708053710838699
1.6150000000000000 0.13692057656562909
1.6200000000000001 0.13375182145078826
1.6250000000000000 0.13143425510661150
1.6300000000000001 0.13306490004709726
1.6350000000000000 0.12728114169755042
1.6400000000000001 0.12321446181144804
1.6450000000000000 0.12514917726811287
1.6500000000000001 0.12389523000746343
1.6550000000000000 0.12506706210159574
1.6600000000000001 0.13005688258255044
1.6650000000000000 0.12558522271779088
1.6699999999999999 0.12010420831909778
1.6750000000000000 0.12281270033680190
1.6799999999999999 0.12242644569812459
1.6850000000000001 0.12143871012029207
1.6899999999999999 0.12450773792658733
1.6950000000000001 0.12063301097933581
1.7000000000000000 0.11552190579712347
1.7050000000000001 0.12107082220099891
1.7100000000000000 0.12150103254887074
1.7150000000000001 0.11512134356062541
1.7200000000000000 0.11802567151852369
1.7250000000000001 0.12252442507799942
1.7300000000000000 0.11555902973938262
1.7350000000000001 0.11486861067771237
1.7400000000000000 0.11965456376660438
1.7450000000000001 0.11498133279799992
1.7500000000000000 0.11301051882146010
1.7550000000000001 0.11452486618072058
1.7600000000000000 0.11090513509722034
1.7650000000000001 0.11199697128416568
1.7700000000000000 0.11453032753605812
1.7750000000000001 0.10925608008282224
1.7800000000000000 0.10757207364927779
1.7850000000000001 0.11291110194096031
1.7900000000000000 0.10979853693018074
1.7949999999999999 0.10304348825606000
1.8000000000000000 0.10678380551624685
1.8049999999999999 0.10848405394310422
1.8100000000000001 0.10466260136626919
1.8149999999999999 0.10538024142423130
1.8200000000000001 0.10485548621232450
1.8250000000000000 0.10087287038221002
1.8300000000000001 0.10332495689937456
1.8350000000000000 0.10529711027122071
1.8400000000000001 0.10055730870365417
1.8450000000000000 0.10091968433221159
1.8500000000000001 0.10158223590848871
1.8550000000000000 9.71755832056295926E-002
1.8600000000000001 9.57608042283010219E-002
1.8650000000000000 9.84188781955219055E-002
1.8700000000000001 9.65240613465824376E-002
1.8750000000000000 9.67757845915857423E-002
1.8800000000000001 9.97001754366339671E-002
1.8850000000000000 9.64598191463832272E-002
1.8900000000000001 9.47951504117327398E-002
1.8950000000000000 9.84002274616340017E-002
1.9000000000000001 9.72391918060357130E-002
1.9050000000000000 9.42670050497045053E-002
1.9100000000000001 9.44396651477940469E-002
1.9150000000000000 9.32216109410120425E-002
1.9199999999999999 9.23096155646341288E-002
1.9250000000000000 9.39903469294812860E-002
1.9299999999999999 9.14728549618628178E-002
1.9350000000000001 9.00364824406805764E-002
1.9399999999999999 9.41224121707426864E-002
1.9450000000000001 9.21639577762418949E-002
1.9500000000000000 8.76060668760296063E-002
1.9550000000000001 9.17549030767680213E-002
1.9600000000000000 9.31158341674634404E-002
1.9650000000000001 8.78794055690395454E-002
1.9700000000000000 8.89296004330278056E-002
1.9750000000000001 9.20946083761669532E-002
1.9800000000000000 8.69957450150857931E-002
1.9850000000000001 8.54614769839255606E-002
1.9900000000000000 8.94901494866792158E-002
1.9950000000000001 8.66877626481972197E-002
2.0000000000000000 8.50734737902985594E-002
2.0049999999999999 8.86250926834932090E-002
2.0100000000000002 8.66737274626535464E-002
2.0150000000000001 8.41388830024067114E-002
2.0200000000000000 8.81758463557159450E-002
2.0249999999999999 8.70188816703661716E-002
2.0300000000000002 8.28040024618271614E-002
2.0350000000000001 8.58412674478802595E-002
2.0400000000000000 8.69523952333634692E-002
2.0449999999999999 8.30588426220464499E-002
2.0499999999999998 8.46418980971440638E-002
2.0550000000000002 8.68463903625283362E-002
2.0600000000000001 8.25530584551142504E-002
2.0649999999999999 8.27609320068573850E-002
2.0699999999999998 8.55109910182905442E-002
2.0750000000000002 8.29789972462984249E-002
2.0800000000000001 8.27325628361560012E-002
2.0850000000000000 8.51230644351183841E-002
2.0899999999999999 8.21500035738842033E-002
2.0950000000000002 8.08124783914466738E-002
2.1000000000000001 8.41445423857746233E-002
2.1050000000000000 8.22431074263662992E-002
2.1099999999999999 7.98136425743264516E-002
2.1150000000000002 8.30069817037429325E-002
2.1200000000000001 8.28060110037706215E-002
2.1250000000000000 8.04151449336884816E-002
2.1299999999999999 8.21525462345877727E-002
2.1350000000000002 8.16526658483072293E-002
2.1400000000000001 7.91853916727735113E-002
2.1450000000000000 8.21103599710502480E-002
2.1499999999999999 8.22904219309614493E-002
2.1550000000000002 7.83153222306825075E-002
2.1600000000000001 7.93150436998090180E-002
2.1650000000000000 8.22920692498021605E-002
2.1699999999999999 7.98837257588511374E-002
2.1750000000000003 7.87713199035428996E-002
2.1800000000000002 8.03565283426233429E-002
2.1850000000000001 7.96583182205341939E-002
2.1899999999999999 8.02461137861376628E-002
2.1949999999999998 8.16473054133175363E-002
2.2000000000000002 7.88109262400285976E-002
2.2050000000000001 7.86539193384203084E-002
2.2100000000000000 8.20613061416220341E-002
2.2149999999999999 8.08503522544368330E-002
2.2200000000000002 7.88415651890873592E-002
2.2250000000000001 8.04324634498825852E-002
2.2300000000000000 7.98518761316608094E-002
2.2349999999999999 7.91841357203559026E-002
2.2400000000000002 8.15351781861725217E-002
2.2450000000000001 8.03621930863648304E-002
2.2500000000000000 7.82265661971328075E-002
2.2549999999999999 8.08975602462392585E-002
2.2600000000000002 8.21411696727822882E-002
2.2650000000000001 7.96304706441756244E-002
2.2700000000000000 8.08684897010594761E-002
2.2749999999999999 8.16361249199993311E-002
2.2800000000000002 7.87178204645969243E-002
2.2850000000000001 7.91773538067751664E-002
2.2900000000000000 8.03862802887114758E-002
2.2949999999999999 7.77737774604551901E-002
2.3000000000000003 7.80374323781977824E-002
2.3050000000000002 7.99047038881112309E-002
2.3100000000000001 7.74224944326146747E-002
2.3149999999999999 7.68186801206009323E-002
2.3199999999999998 7.92358463769623905E-002
2.3250000000000002 7.72221802738462804E-002
2.3300000000000001 7.54763147768690718E-002
2.3350000000000000 7.83514282683406144E-002
2.3399999999999999 7.82845459153342083E-002
2.3450000000000002 7.65136288670829751E-002
2.3500000000000001 7.73544031118540837E-002
2.3550000000000000 7.69816824313832027E-002
2.3599999999999999 7.58377139967881253E-002
2.3650000000000002 7.72902473160218262E-002
2.3700000000000001 7.77108997573238841E-002
2.3750000000000000 7.46522092513108165E-002
2.3799999999999999 7.42862182926296577E-002
2.3850000000000002 7.59372895689442440E-002
2.3900000000000001 7.52913703527737649E-002
2.3950000000000000 7.49408482822383343E-002
2.3999999999999999 7.49592592603752217E-002
2.4050000000000002 7.33845186495711843E-002
2.4100000000000001 7.45607684235936041E-002
2.4150000000000000 7.59927226016205298E-002
2.4199999999999999 7.42207697511911291E-002
2.4250000000000003 7.36228917604229982E-002
2.4300000000000002 7.54913557895305898E-002
2.4350000000000001 7.52563941716414553E-002
2.4399999999999999 7.53233000852851081E-002
2.4449999999999998 7.61716155781042153E-002
2.4500000000000002 7.59604329547062529E-002
2.4550000000000001 7.54558147826287495E-002
2.4600000000000000 7.63453033014137722E-002
2.4649999999999999 7.66285307553279671E-002
2.4700000000000002 7.53262414792265911E-002
2.4750000000000001 7.54569107927658966E-002
2.4800000000000000 7.60777286802694075E-002
2.4849999999999999 7.57586020511880620E-002
2.4900000000000002 7.62287926269468175E-002
2.4950000000000001 7.83824957934644573E-002
2.5000000000000000 7.83183517662583012E-002
2.5049999999999999 7.83831519749955824E-002
2.5100000000000002 7.97764881774084833E-002
2.5150000000000001 7.93664612519253687E-002
2.5200000000000000 7.90708566969396537E-002
2.5249999999999999 7.99623709873158728E-002
2.5300000000000002 7.96967927573515866E-002
2.5350000000000001 8.01924219449059450E-002
2.5400000000000000 8.05267811541081624E-002
2.5449999999999999 8.08552609841754061E-002
2.5500000000000003 8.00843716914244885E-002
2.5550000000000002 8.07036485109552948E-002
2.5600000000000001 8.30415676955723325E-002
2.5649999999999999 8.31874752258231487E-002
2.5699999999999998 8.22382899269032547E-002
2.5750000000000002 8.36086093406551434E-002
2.5800000000000001 8.38892053828878687E-002
2.5850000000000000 8.35566600999682052E-002
2.5899999999999999 8.50093124770744391E-002
2.5950000000000002 8.44713511796930799E-002
2.6000000000000001 8.31838697033952523E-002
2.6050000000000000 8.52176885039454823E-002
2.6099999999999999 8.65766724863367976E-002
2.6150000000000002 8.52646792149690802E-002
2.6200000000000001 8.61999104348262352E-002
2.6250000000000000 8.72891916184079797E-002
2.6299999999999999 8.61995343489670024E-002
2.6350000000000002 8.60395856678894955E-002
2.6400000000000001 8.69903010471423377E-002
2.6450000000000000 8.60677356369823482E-002
2.6499999999999999 8.64756581443468925E-002
2.6550000000000002 8.81685467107131277E-002
2.6600000000000001 8.78724903840990695E-002
2.6650000000000000 8.72300784072861241E-002
2.6699999999999999 8.85239089210378000E-002
2.6750000000000003 8.75423043831285164E-002
2.6800000000000002 8.61671230559715590E-002
2.6850000000000001 8.81732020931646349E-002
2.6899999999999999 8.78835626782393659E-002
2.6949999999999998 8.62531710855383854E-002
2.7000000000000002 8.80199886390419239E-002
2.7050000000000001 8.70450321830938123E-002
2.7100000000000000 8.51141007351624984E-002
2.7149999999999999 8.81184579844907778E-002
2.7200000000000002 8.78884614498725708E-002
2.7250000000000001 8.57542732985292766E-002
2.7300000000000000 8.91538045412182262E-002
2.7349999999999999 9.00463678562499342E-002
2.7400000000000002 8.63519417393606159E-002
2.7450000000000001 8.85723297195051690E-002
2.7500000000000000 9.21531827636447726E-002
2.7549999999999999 8.87932734476820223E-002
2.7600000000000002 8.95904626033395546E-002
2.7650000000000001 9.08334127079437059E-002
2.7700000000000000 8.88785014759451708E-002
2.7749999999999999 9.00797831531399557E-002
2.7800000000000002 9.36025994715076887E-002
2.7850000000000001 9.01442640700142600E-002
2.7900000000000000 9.00085543516856434E-002
2.7949999999999999 9.43265094116810532E-002
2.8000000000000003 9.16279761215473831E-002
2.8050000000000002 9.06811113512974998E-002
2.8100000000000001 9.62562735821107102E-002
2.8149999999999999 9.37991111569439068E-002
2.8199999999999998 9.13457322005777200E-002
2.8250000000000002 9.68408022228074844E-002
2.8300000000000001 9.63129175238249258E-002
2.8350000000000000 9.16743188339232407E-002
2.8399999999999999 9.74489096292405071E-002
2.8450000000000002 9.84713236321479030E-002
2.8500000000000001 9.32603897445846153E-002
2.8550000000000000 9.82538839479087517E-002
2.8599999999999999 0.10240386660240192
2.8650000000000002 9.68364095002781922E-002
2.8700000000000001 9.95497983461900993E-002
2.8750000000000000 0.10452674625127123
2.8799999999999999 0.10001288596983265
2.8850000000000002 0.10068846379361361
2.8900000000000001 0.10579243937588041
2.8950000000000000 0.10186853781601836
2.8999999999999999 0.10301462271843830
2.9050000000000002 0.11029072949325731
2.9100000000000001 0.10586970905439994
2.9150000000000000 0.10479412779403185
2.9199999999999999 0.11297778417688656
2.9250000000000003 0.11076096841782328
2.9300000000000002 0.10606393278705450
2.9350000000000001 0.10974697205307098
2.9399999999999999 0.11046554380042956
2.9449999999999998 0.10839785011504545
2.9500000000000002 0.11316569948823529
2.9550000000000001 0.11366678715048843
2.9600000000000000 0.11169469216219494
2.9649999999999999 0.11601053612365840
2.9700000000000002 0.11499854422662978
2.9750000000000001 0.11155936812554608
2.9800000000000000 0.11650779395403581
2.9849999999999999 0.11963413975813242
2.9900000000000002 0.11490365142603426
2.9950000000000001 0.11746021641266030
3.0000000000000000 0.11913844864991276
3.0049999999999999 0.11683119229214044
3.0100000000000002 0.11724778372085058
3.0150000000000001 0.12154038153488012
3.0200000000000000 0.12074324047896018
3.0249999999999999 0.12084396332213207
3.0300000000000002 0.12113761433622822
3.0350000000000001 0.11879852494788858
3.0400000000000000 0.12190560705057941
3.0449999999999999 0.12472562297127450
3.0500000000000003 0.12100127832585510
3.0550000000000002 0.12071731853063292
3.0600000000000001 0.12465048891099496
3.0649999999999999 0.12320538398766316
3.0700000000000003 0.12606224777175390
3.0750000000000002 0.12875357948528426
3.0800000000000001 0.12624304330999545
3.0850000000000000 0.12595520949911612
3.0899999999999999 0.12908504493834802
3.0950000000000002 0.12799933311182465
3.1000000000000001 0.12715801658417161
3.1050000000000000 0.12957261030425637
3.1099999999999999 0.12967626450455133
3.1150000000000002 0.12771665866448376
3.1200000000000001 0.13073243544483115
3.1250000000000000 0.13112867880360421
3.1299999999999999 0.13209429810523141
3.1350000000000002 0.13657404690876590
3.1400000000000001 0.13734312970918200
3.1450000000000000 0.13493002452221159
3.1499999999999999 0.13701374438988825
3.1550000000000002 0.13665412078703126
3.1600000000000001 0.13409991508089200
3.1650000000000000 0.13236062362921766
3.1699999999999999 0.13433080451922597
3.1750000000000003 0.13706831560356486
3.1800000000000002 0.13979172500788489
3.1850000000000001 0.13773979016252141
3.1899999999999999 0.13880182451113771
3.1950000000000003 0.13786163505838278
3.2000000000000002 0.13557961276888339
3.2050000000000001 0.14117889753923674
3.2100000000000000 0.14348561353284384
3.2149999999999999 0.13852434902576369
3.2200000000000002 0.14043512106957931
3.2250000000000001 0.14430028360556707
3.2300000000000000 0.14421111033272138
3.2349999999999999 0.14540654080651699
3.2400000000000002 0.14568947761492601
3.2450000000000001 0.14379719206047054
3.2500000000000000 0.14407007271393829
3.2549999999999999 0.14495293106413248
3.2600000000000002 0.14456293847726875
3.2650000000000001 0.14679036653205546
3.2700000000000000 0.14596409477116709
3.2749999999999999 0.14543769033317655
3.2800000000000002 0.14834160729655618
3.2850000000000001 0.15175429628078516
3.2900000000000000 0.14715855421894730
3.2949999999999999 0.14313245382190795
3.3000000000000003 0.14873709964966997
3.3050000000000002 0.15133637501324596
3.3100000000000001 0.14966402033593063
3.3149999999999999 0.14924948237870639
3.3200000000000003 0.14769128903713352
3.3250000000000002 0.14844670919109326
3.3300000000000001 0.15625741472788360
3.3350000000000000 0.15337853184608527
3.3399999999999999 0.14868895383749461
3.3450000000000002 0.15347515700231917
3.3500000000000001 0.15344879397441252
3.3550000000000000 0.15038157952865727
3.3599999999999999 0.15787513960528046
3.3650000000000002 0.15687784559701548
3.3700000000000001 0.15075618722099346
3.3750000000000000 0.15458051138848219
3.3799999999999999 0.15384978606873309
3.3850000000000002 0.15194693406454990
3.3900000000000001 0.15518974887544873
3.3950000000000000 0.15339782462015314
3.3999999999999999 0.14941380832207352
3.4050000000000002 0.15473569998679601
3.4100000000000001 0.15740629008606535
3.4150000000000000 0.15564983904778862
3.4199999999999999 0.15771677202258352
3.4250000000000003 0.15606182465403509
3.4300000000000002 0.15474383176915371
3.4350000000000001 0.16069463269440476
3.4399999999999999 0.16248913173054733
3.4450000000000003 0.15829836035917536
3.4500000000000002 0.16035762376487686
3.4550000000000001 0.15964909414724812
3.4600000000000000 0.15480816805400835
3.4649999999999999 0.15656431215266461
3.4700000000000002 0.15959959716759214
3.4750000000000001 0.15493781321798122
3.4800000000000000 0.15884035882171849
3.4849999999999999 0.16335496102793112
3.4900000000000002 0.15599877275962667
3.4950000000000001 0.15899047463373828
3.5000000000000000 0.16355740929733789
3.5049999999999999 0.15486426540471690
3.5100000000000002 0.15314350470443697
3.5150000000000001 0.16161346059319001
3.5200000000000000 0.15957940321913125
3.5249999999999999 0.15811699154109510
3.5300000000000002 0.16644781452388310
3.5350000000000001 0.16122407041942410
3.5400000000000000 0.15715879951256381
3.5449999999999999 0.16589139744344761
3.5500000000000003 0.16140026624054046
3.5550000000000002 0.15612275420524463
3.5600000000000001 0.16523818160929668
3.5649999999999999 0.16187956692587882
3.5700000000000003 0.15170807197559130
3.5750000000000002 0.16322348872595310
3.5800000000000001 0.16758514897624804
3.5850000000000000 0.15854565278047253
3.5899999999999999 0.16468579564473035
3.5950000000000002 0.16879090570582841
3.6000000000000001 0.15730420765287104
3.6050000000000000 0.16225335645267480
3.6099999999999999 0.16747643148377578
3.6150000000000002 0.15595924848861256
3.6200000000000001 0.16025898782509240
3.6250000000000000 0.16715722251646012
3.6299999999999999 0.15714945085661933
3.6350000000000002 0.16161450432411822
3.6400000000000001 0.16985252708918672
3.6450000000000000 0.16054517104765142
3.6499999999999999 0.16142948007885649
3.6550000000000002 0.16945065961164815
3.6600000000000001 0.15936181109093617
3.6650000000000000 0.15842753937021259
3.6699999999999999 0.16622889820559947
3.6750000000000003 0.16251271901227024
3.6800000000000002 0.16174779557454774
3.6850000000000001 0.16839484164154914
3.6899999999999999 0.15927817141023320
3.6950000000000003 0.15471260351263758
3.7000000000000002 0.16707324672212251
3.7050000000000001 0.16591679498789072
3.7100000000000000 0.15751888717322149
3.7149999999999999 0.16550404861841758
3.7200000000000002 0.16537028555037847
3.7250000000000001 0.15642216834542491
3.7300000000000000 0.16287764004630953
3.7349999999999999 0.16730588534051236
3.7400000000000002 0.15628396713668816
3.7450000000000001 0.16327444704594593
3.7500000000000000 0.17006922909760805
3.7549999999999999 0.15508773582211194
3.7600000000000002 0.15969330689283454
3.7650000000000001 0.17134029850052862
3.7700000000000000 0.15810418623998282
3.7749999999999999 0.15848291053888960
3.7800000000000002 0.16993778799644690
3.7850000000000001 0.15967854516024041
3.7900000000000000 0.15835095097953747
3.7949999999999999 0.16988352931843187
3.8000000000000003 0.15902954917575782
3.8050000000000002 0.15749416504172781
3.8100000000000001 0.17002537909455417
3.8149999999999999 0.15895057839164922
3.8200000000000003 0.15513596460159434
3.8250000000000002 0.16918208622265948
3.8300000000000001 0.16317975566870624
3.8350000000000000 0.15405072712958404
3.8399999999999999 0.16517574397047841
3.8450000000000002 0.16364795959413247
3.8500000000000001 0.15525864692041427
3.8550000000000000 0.16488223375055203
3.8599999999999999 0.16342374509330942
3.8650000000000002 0.15249915810114043
3.8700000000000001 0.16193348602996252
3.8750000000000000 0.16723696993890189
3.8799999999999999 0.15760828812768204
3.8850000000000002 0.16329762583116650
3.8900000000000001 0.16716167967078799
3.8950000000000000 0.15612827191349055
3.8999999999999999 0.15790361736652667
3.9050000000000002 0.16342658874307517
3.9100000000000001 0.15649313836734594
3.9150000000000000 0.16180984728268172
3.9199999999999999 0.16762749409562419
3.9250000000000003 0.15595161988339556
3.9300000000000002 0.15618802089841713
3.9350000000000001 0.16569685205520543
3.9399999999999999 0.15354542935918242
3.9450000000000003 0.15228330582682834
3.9500000000000002 0.16420219143705816
3.9550000000000001 0.15596110224629173
3.9600000000000000 0.15220222522193094
3.9650000000000003 0.16011611044839527
3.9700000000000002 0.15244096141548297
3.9750000000000001 0.15194018416921820
3.9800000000000000 0.15965274173004762
3.9849999999999999 0.15364592069947303
3.9900000000000002 0.14873156908706414
3.9950000000000001 0.15519867097956158
4.0000000000000000 0.15234447213461677
4.0049999999999999 0.14947726456097596
4.0099999999999998 0.15328782692901433
4.0149999999999997 0.14699723421926941
4.0200000000000005 0.14395899220695352
4.0250000000000004 0.15114372871316648
4.0300000000000002 0.14653077064651918
4.0350000000000001 0.14235470069627520
4.0400000000000000 0.14931765219017828
4.0449999999999999 0.14941259573509033
4.0499999999999998 0.14140642212060950
4.0549999999999997 0.14639341764855662
4.0600000000000005 0.14817133612074046
4.0650000000000004 0.14189294125351795
4.0700000000000003 0.14443649515181065
4.0750000000000002 0.14395655403759575
4.0800000000000001 0.13627425610151575
4.0850000000000000 0.14074167677085042
4.0899999999999999 0.14304036044600407
4.0949999999999998 0.13665102366658102
4.0999999999999996 0.14162993078339639
4.1050000000000004 0.14358676599697637
4.1100000000000003 0.13300150590217238
4.1150000000000002 0.13704999738968340
4.1200000000000001 0.14323989997376838
4.1250000000000000 0.13266197922260450
4.1299999999999999 0.13437106375606245
4.1349999999999998 0.14270044608559365
4.1399999999999997 0.13346457885402221
4.1450000000000005 0.13187957876589884
4.1500000000000004 0.13856139504929069
4.1550000000000002 0.13042702743908965
4.1600000000000001 0.12946797379519709
4.1650000000000000 0.13706068701596433
4.1699999999999999 0.13163114763507341
4.1749999999999998 0.13104308576976800
4.1799999999999997 0.13714782245134516
4.1850000000000005 0.12977667163378612
4.1900000000000004 0.12562442717115962
4.1950000000000003 0.13485520624138628
4.2000000000000002 0.13013259169460401
4.2050000000000001 0.12320835682859391
4.2100000000000000 0.13136838059375391
4.2149999999999999 0.13089573759655271
4.2199999999999998 0.12282498799813010
4.2249999999999996 0.12943814359799274
4.2300000000000004 0.13211969002816393
4.2350000000000003 0.12268555516966902
4.2400000000000002 0.12639139577537217
4.2450000000000001 0.13106428125467734
4.2500000000000000 0.12110239037254815
4.2549999999999999 0.12328889246434648
4.2599999999999998 0.12835027754595962
4.2649999999999997 0.12039275181123908
4.2700000000000005 0.12381914653586261
4.2750000000000004 0.12901277475800277
4.2800000000000002 0.11853662714569370
4.2850000000000001 0.12100243244696354
4.2900000000000000 0.13034545221570618
4.2949999999999999 0.11779429145985562
4.2999999999999998 0.11706446729052233
4.3049999999999997 0.12769720879777821
4.3100000000000005 0.11873725134790798
4.3150000000000004 0.11570594333860398
4.3200000000000003 0.12588096044085514
4.3250000000000002 0.11557126031577541
4.3300000000000001 0.11038640973537012
4.3350000000000000 0.12363099764303902
4.3399999999999999 0.11674127370326849
4.3449999999999998 0.10967854241701082
4.3500000000000005 0.12241589168390406
4.3550000000000004 0.11661934337132000
4.3600000000000003 0.10716634535362636
4.3650000000000002 0.11801071628649702
4.3700000000000001 0.11610445340487563
4.3750000000000000 0.10505344881736889
4.3799999999999999 0.11533375722968443
4.3849999999999998 0.11539077093839732
4.3899999999999997 0.10358671893077770
4.3950000000000005 0.11256316204064738
4.4000000000000004 0.11447435375052405
4.4050000000000002 0.10372228561398052
4.4100000000000001 0.11201943442911635
4.4150000000000000 0.11477684910044718
4.4199999999999999 0.10280095971534631
4.4249999999999998 0.11035133851738978
4.4299999999999997 0.11272710366971377
4.4350000000000005 0.10109332832430447
4.4400000000000004 0.10771626680167150
4.4450000000000003 0.11280856549324242
4.4500000000000002 0.10146127312086771
4.4550000000000001 0.10567380396631175
4.4600000000000000 0.11086036871561711
4.4649999999999999 9.95433335878660175E-002
4.4699999999999998 0.10367928386939869
4.4750000000000005 0.11064595025030820
4.4800000000000004 0.10009197856968796
4.4850000000000003 0.10132417451247432
4.4900000000000002 0.10875699921501369
4.4950000000000001 9.95358203950796883E-002
4.5000000000000000 0.10063275098603865
4.5049999999999999 0.10698502755114643
4.5099999999999998 9.94605888002137312E-002
4.5149999999999997 0.10038762488363762
4.5200000000000005 0.10537923773296973
4.5250000000000004 9.79940335377314231E-002
4.5300000000000002 9.81348584905085142E-002
4.5350000000000001 0.10184168710971303
4.5400000000000000 9.59097697035275060E-002
4.5449999999999999 9.71321070082507426E-002
4.5499999999999998 0.10064444719689931
4.5549999999999997 9.46627112027668277E-002
4.5600000000000005 9.61380509521569532E-002
4.5650000000000004 0.10027652837413439
4.5700000000000003 9.44850456887997986E-002
4.5750000000000002 9.51161647488469042E-002
4.5800000000000001 9.81174316382993350E-002
4.5850000000000000 9.15044879352630847E-002
4.5899999999999999 9.25029813935630413E-002
4.5949999999999998 9.63507798868298987E-002
4.6000000000000005 9.19689444685387603E-002
4.6050000000000004 9.31725766241134207E-002
4.6100000000000003 9.61879753216548783E-002
4.6150000000000002 9.14133542981731412E-002
4.6200000000000001 9.12915123189187300E-002
4.6250000000000000 9.30160221494071987E-002
4.6299999999999999 8.90789555669633942E-002
4.6349999999999998 8.96900922197170075E-002
4.6399999999999997 9.33970791643668613E-002
4.6450000000000005 8.87916929930255422E-002
4.6500000000000004 8.96487778735081953E-002
4.6550000000000002 9.27382339315226817E-002
4.6600000000000001 8.63673818985849356E-002
4.6650000000000000 8.69646155952284589E-002
4.6699999999999999 9.14429494999786374E-002
4.6749999999999998 8.59293138705901072E-002
4.6799999999999997 8.57616535681755554E-002
4.6850000000000005 9.12163399889448778E-002
4.6900000000000004 8.51807518446244943E-002
4.6950000000000003 8.40253162612583926E-002
4.7000000000000002 9.01382763070815995E-002
4.7050000000000001 8.37049904052354216E-002
4.7100000000000000 8.31331258104648085E-002
4.7149999999999999 9.05979592303271380E-002
4.7199999999999998 8.42974582373527265E-002
4.7250000000000005 8.14305186845060425E-002
4.7300000000000004 8.74720912375196724E-002
4.7350000000000003 8.31363820397458264E-002
4.7400000000000002 7.98923443836172809E-002
4.7450000000000001 8.73687866697236970E-002
4.7500000000000000 8.32035070310222780E-002
4.7549999999999999 7.90852071042812826E-002
4.7599999999999998 8.43692059688367219E-002
4.7649999999999997 8.31376741732804264E-002
4.7700000000000005 7.78738365730446414E-002
4.7750000000000004 8.27929071955940399E-002
4.7800000000000002 8.04874278435486618E-002
4.7850000000000001 7.58000146132905978E-002
4.7900000000000000 8.10963300969813339E-002
4.7949999999999999 8.09075537593562655E-002
4.7999999999999998 7.66301121719348693E-002
4.8049999999999997 7.96616838281882372E-002
4.8100000000000005 7.91616521953879410E-002
4.8150000000000004 7.58013143847954957E-002
4.8200000000000003 8.00651707733468915E-002
4.8250000000000002 7.89184160810399993E-002
4.8300000000000001 7.42223998148417718E-002
4.8350000000000000 7.61431898591612838E-002
4.8399999999999999 7.78921497575708749E-002
4.8449999999999998 7.55089425915406315E-002
4.8500000000000005 7.52504616792623593E-002
4.8550000000000004 7.53108813303799557E-002
4.8600000000000003 7.46142146424319114E-002
4.8650000000000002 7.59192982918103360E-002
4.8700000000000001 7.57461258820315564E-002
4.8750000000000000 7.48334196122554807E-002
4.8799999999999999 7.43378924314534312E-002
4.8849999999999998 7.41408587731935687E-002
4.8899999999999997 7.44483192954485395E-002
4.8950000000000005 7.36211393738059189E-002
4.9000000000000004 7.31292319153938886E-002
4.9050000000000002 7.40873647173553029E-002
4.9100000000000001 7.09715625569582592E-002
4.9150000000000000 7.09620336545526836E-002
4.9199999999999999 7.38608964543680108E-002
4.9249999999999998 7.13639770818613461E-002
4.9299999999999997 7.04979301471832798E-002
4.9350000000000005 7.42122302403347006E-002
4.9400000000000004 7.19221068901184923E-002
4.9450000000000003 6.93585799949643089E-002
4.9500000000000002 7.21677461016195093E-002
4.9550000000000001 6.99313109802605221E-002
4.9600000000000000 6.82721376032545818E-002
4.9649999999999999 7.15586130866272124E-002
4.9699999999999998 7.00552879585237959E-002
4.9750000000000005 6.74444900846221107E-002
4.9800000000000004 7.08183390363555654E-002
4.9850000000000003 6.94812765892959677E-002
4.9900000000000002 6.49112129113330188E-002
4.9950000000000001 6.88132892840702948E-002
5.0000000000000000 6.94919983980700762E-002
5.0049999999999999 6.58625075101802876E-002
5.0099999999999998 6.80526742388209288E-002
5.0149999999999997 6.78729567081041013E-002
5.0200000000000005 6.36860830738276845E-002
5.0250000000000004 6.71392405619573446E-002
5.0300000000000002 6.74958119538013046E-002
5.0350000000000001 6.28529781898625600E-002
5.0400000000000000 6.59289006733351640E-002
5.0449999999999999 6.69393826353377602E-002
5.0499999999999998 6.20971822974172236E-002
5.0549999999999997 6.46299104650881889E-002
5.0600000000000005 6.66526969597208419E-002
5.0650000000000004 6.15391006825488571E-002
5.0700000000000003 6.40727070838613272E-002
5.0750000000000002 6.61568512573248585E-002
5.0800000000000001 6.24424516385166453E-002
5.0850000000000000 6.35796947645551891E-002
5.0899999999999999 6.53960911223410574E-002
5.0949999999999998 6.00638840345602207E-002
5.1000000000000005 6.16178524031902874E-002
5.1050000000000004 6.36685146794660761E-002
5.1100000000000003 6.05846063626913345E-002
5.1150000000000002 6.18666605438989645E-002
5.1200000000000001 6.44626572905951378E-002
5.1250000000000000 5.92121402821941742E-002
5.1299999999999999 6.02668139851822229E-002
5.1349999999999998 6.27243032258611166E-002
5.1399999999999997 5.83542258383053791E-002
5.1450000000000005 5.91771314381654145E-002
5.1500000000000004 6.16539621949952557E-002
5.1550000000000002 5.74585395723115205E-002
5.1600000000000001 5.91872550737650924E-002
5.1650000000000000 6.20856398195851061E-002
5.1699999999999999 5.71464315287808500E-002
5.1749999999999998 5.73660302039097139E-002
5.1799999999999997 6.13516477064816670E-002
5.1850000000000005 5.65248882492391594E-002
5.1900000000000004 5.67786820455310828E-002
5.1950000000000003 6.05990732328331103E-002
5.2000000000000002 5.52949964128712987E-002
5.2050000000000001 5.52674965372531718E-002
5.2100000000000000 5.87669733451532256E-002
5.2149999999999999 5.47083234471648500E-002
5.2199999999999998 5.50839813657103272E-002
5.2250000000000005 5.85254513118873415E-002
5.2300000000000004 5.46354003052851242E-002
5.2350000000000003 5.50031132910128798E-002
5.2400000000000002 5.89862626926783498E-002
5.2450000000000001 5.31377807375974232E-002
5.2500000000000000 5.30926771871449710E-002
5.2549999999999999 5.77565053714764881E-002
5.2599999999999998 5.45174531405964100E-002
5.2649999999999997 5.35455427439914672E-002
5.2700000000000005 5.71664594087282624E-002
5.2750000000000004 5.20738657288752488E-002
5.2800000000000002 5.07007850281340558E-002
5.2850000000000001 5.62928210798498072E-002
5.2900000000000000 5.31441695356768828E-002
5.2949999999999999 4.97347633259137417E-002
5.2999999999999998 5.55307066665681540E-002
5.3049999999999997 5.23458182591396842E-002
5.3100000000000005 5.01645591791873291E-002
5.3150000000000004 5.53076746975509070E-002
5.3200000000000003 5.08357493420646123E-002
5.3250000000000002 4.85700396061519296E-002
5.3300000000000001 5.42462429174950522E-002
5.3350000000000000 5.02913058777187463E-002
5.3399999999999999 4.77182036991227326E-002
5.3449999999999998 5.36803758922594632E-002
5.3500000000000005 4.93608189860485075E-002
5.3550000000000004 4.62631423889497892E-002
5.3600000000000003 5.28696425590052740E-002
5.3650000000000002 4.94514057053049572E-002
5.3700000000000001 4.61002765399177172E-002
5.3750000000000000 5.20607967856280204E-002
5.3799999999999999 4.90567836842602176E-002
5.3849999999999998 4.60683067080589551E-002
5.3899999999999997 5.16581986468069923E-002
5.3950000000000005 4.91621371139010777E-002
5.4000000000000004 4.55241559314283339E-002
5.4050000000000002 5.01684525059539685E-002
5.4100000000000001 4.88403055189431043E-002
5.4150000000000000 4.52292355638393637E-002
5.4199999999999999 4.94669630175202865E-002
5.4249999999999998 4.85085664048163015E-002
5.4299999999999997 4.52452895591468895E-002
5.4350000000000005 4.80360932857355344E-002
5.4400000000000004 4.70691260072705411E-002
5.4450000000000003 4.44315554112376596E-002
5.4500000000000002 4.84207333497913145E-002
5.4550000000000001 4.72847661264945776E-002
5.4600000000000000 4.37629412551365365E-002
5.4649999999999999 4.69283291894675297E-002
5.4699999999999998 4.64864649481980252E-002
5.4750000000000005 4.43708168309683432E-002
5.4800000000000004 4.67880028422824334E-002
5.4850000000000003 4.51241111429403347E-002
5.4900000000000002 4.31707216718796860E-002
5.4950000000000001 4.61597529654331068E-002
5.5000000000000000 4.43639358653879143E-002
5.5049999999999999 4.26443350543249597E-002
5.5099999999999998 4.56000423264943250E-002
5.5149999999999997 4.39884042613451556E-002
5.5200000000000005 4.25532245382931607E-002
5.5250000000000004 4.58100738017336237E-002
5.5300000000000002 4.28702731578113547E-002
5.5350000000000001 4.25755650504684863E-002
5.5400000000000000 4.56927062843965059E-002
5.5449999999999999 4.13308848986657096E-002
5.5499999999999998 4.17293167848641552E-002
5.5549999999999997 4.48493384943581958E-002
5.5600000000000005 4.10798822321668186E-002
5.5650000000000004 4.16161209259709799E-002
5.5700000000000003 4.43991362243156412E-002
5.5750000000000002 3.97942740941681222E-002
5.5800000000000001 4.08686595075974449E-002
5.5850000000000000 4.46030745529883421E-002
5.5899999999999999 3.92291676687231555E-002
5.5949999999999998 4.06669646986579369E-002
5.6000000000000005 4.47056121200616052E-002
5.6050000000000004 3.82687142383376505E-002
5.6100000000000003 3.96202340060854974E-002
5.6150000000000002 4.44108129103213539E-002
5.6200000000000001 3.88493119324833033E-002
5.6250000000000000 3.88970042575819269E-002
5.6299999999999999 4.35652485621289970E-002
5.6349999999999998 3.84254596503270721E-002
5.6399999999999997 3.79375091957270608E-002
5.6450000000000005 4.28065830509249123E-002
5.6500000000000004 3.75380782014748393E-002
5.6550000000000002 3.72453552142256242E-002
5.6600000000000001 4.25464093636052157E-002
5.6650000000000000 3.77216752476460110E-002
5.6699999999999999 3.67134119373204587E-002
5.6749999999999998 4.16750025793524992E-002
5.6799999999999997 3.76016373977900720E-002
5.6850000000000005 3.62260580817986080E-002
5.6900000000000004 4.20827339861563274E-002
5.6950000000000003 3.85470623347060684E-002
5.7000000000000002 3.63902195948787865E-002
5.7050000000000001 4.09711469781094267E-002
5.7100000000000000 3.70694234723804236E-002
5.7149999999999999 3.48197590597894568E-002
5.7199999999999998 4.05980678268397580E-002
5.7250000000000005 3.71299437854904837E-002
5.7300000000000004 3.43293409571612182E-002
5.7350000000000003 3.89553332585964793E-002
5.7400000000000002 3.72975182836262215E-002
5.7450000000000001 3.39859175376458836E-002
5.7500000000000000 3.80046515611271382E-002
5.7549999999999999 3.71146414632643473E-002
5.7599999999999998 3.42935940763123975E-002
5.7649999999999997 3.71457013197716984E-002
5.7700000000000005 3.66162276542148779E-002
5.7750000000000004 3.34014558285115823E-002
5.7800000000000002 3.60380780846445842E-002
5.7850000000000001 3.67521592247154402E-002
5.7900000000000000 3.38340439859361811E-002
5.7949999999999999 3.58378883696402126E-002
5.7999999999999998 3.67178399226450181E-002
5.8049999999999997 3.35442929170438678E-002
5.8100000000000005 3.47808552042965305E-002
5.8150000000000004 3.62424282325609498E-002
5.8200000000000003 3.34198711338166282E-002
5.8250000000000002 3.37200100819618279E-002
5.8300000000000001 3.53499091447575103E-002
5.8350000000000000 3.27019601190908296E-002
5.8399999999999999 3.31739807629038291E-002
5.8449999999999998 3.55209432181062754E-002
5.8500000000000005 3.27587688208817729E-002
5.8550000000000004 3.26588752356874040E-002
5.8600000000000003 3.50802954236420911E-002
5.8650000000000002 3.35106916382807360E-002
5.8700000000000001 3.19397961636888397E-002
5.8750000000000000 3.41777706932044206E-002
5.8799999999999999 3.26492619176133869E-002
5.8849999999999998 3.17269706591614964E-002
5.8899999999999997 3.36555392192398189E-002
5.8950000000000005 3.26753126157641391E-002
5.9000000000000004 3.11340493160483893E-002
5.9050000000000002 3.27300636106477930E-002
5.9100000000000001 3.26888658099821067E-002
5.9150000000000000 3.11748698921815968E-002
5.9199999999999999 3.21269458509261183E-002
5.9249999999999998 3.25044076080843111E-002
5.9299999999999997 3.10462046137349873E-002
5.9350000000000005 3.12609874626818274E-002
5.9400000000000004 3.18172466895994752E-002
5.9450000000000003 3.05448035192262754E-002
5.9500000000000002 3.06999823698047465E-002
5.9550000000000001 3.15989848754770278E-002
5.9600000000000000 3.02991067269076930E-002
5.9649999999999999 3.00805307614900562E-002
5.9699999999999998 3.17346638389188820E-002
5.9750000000000005 3.03227047903404344E-002
5.9800000000000004 2.92121749122469139E-002
5.9850000000000003 3.08219907103339796E-002
5.9900000000000002 3.01235639351119869E-002
5.9950000000000001 2.87439704612718963E-002
6.0000000000000000 2.98162228262519140E-002
6.0049999999999999 2.99904681958898557E-002
6.0099999999999998 2.87955277191044162E-002
6.0150000000000006 2.96950019823472751E-002
6.0200000000000005 3.04786720473729164E-002
6.0250000000000004 2.85768274198004157E-002
6.0300000000000002 2.86606288196098943E-002
6.0350000000000001 3.00677663453197547E-002
6.0400000000000000 2.80567013715024086E-002
6.0449999999999999 2.80482618946877524E-002
6.0499999999999998 2.96376899892145003E-002
6.0549999999999997 2.78386316453133366E-002
6.0600000000000005 2.75861889039639777E-002
6.0650000000000004 3.00238442133261042E-002
6.0700000000000003 2.77010034471316044E-002
6.0750000000000002 2.68215111798315829E-002
6.0800000000000001 2.91645532919970023E-002
6.0850000000000000 2.67523529930846909E-002
6.0899999999999999 2.61010734895292008E-002
6.0949999999999998 2.91071541805596051E-002
6.1000000000000005 2.66800245176723287E-002
6.1050000000000004 2.50393933981927636E-002
6.1100000000000003 2.86065621045684358E-002
6.1150000000000002 2.65997742262634937E-002
6.1200000000000001 2.46518300454350997E-002
6.1250000000000000 2.79518988954125351E-002
6.1299999999999999 2.61314895601366982E-002
6.1349999999999998 2.44910840868047819E-002
6.1400000000000006 2.79252913013718143E-002
6.1450000000000005 2.67286819474695479E-002
6.1500000000000004 2.44410016182336487E-002
6.1550000000000002 2.73555502892135483E-002
6.1600000000000001 2.60665557641874823E-002
6.1650000000000000 2.35782244592531616E-002
6.1699999999999999 2.63503197425575611E-002
6.1749999999999998 2.61995242856419910E-002
6.1799999999999997 2.34584910978401055E-002
6.1850000000000005 2.54490459543366132E-002
6.1900000000000004 2.61858852888526075E-002
6.1950000000000003 2.41498522050615193E-002
6.2000000000000002 2.56282375550757717E-002
6.2050000000000001 2.59831009732416664E-002
6.2100000000000000 2.40130762098393555E-002
6.2149999999999999 2.49179300910402010E-002
6.2199999999999998 2.57550720537330774E-002
6.2250000000000005 2.36346143376283575E-002
6.2300000000000004 2.42408250568293335E-002
6.2350000000000003 2.48045773760001836E-002
6.2400000000000002 2.31259821455305284E-002
6.2450000000000001 2.37950620056110590E-002
6.2500000000000000 2.51649850908108597E-002
6.2549999999999999 2.34138669566181512E-002
6.2599999999999998 2.33246845736312450E-002
6.2650000000000006 2.47581135199256112E-002
6.2700000000000005 2.39071994115501486E-002
6.2750000000000004 2.25969468319218089E-002
6.2800000000000002 2.37684050720685623E-002
6.2850000000000001 2.33861276334451085E-002
6.2900000000000000 2.30121597140699290E-002
6.2949999999999999 2.37375106869913421E-002
6.2999999999999998 2.31371255857139371E-002
6.3049999999999997 2.24083222128634851E-002
6.3100000000000005 2.27954798255947111E-002
6.3150000000000004 2.32251541416452802E-002
6.3200000000000003 2.25851389000651104E-002
6.3250000000000002 2.27324800578293587E-002
6.3300000000000001 2.29296688881761197E-002
6.3350000000000000 2.19706507423843532E-002
6.3399999999999999 2.20961607128061510E-002
6.3449999999999998 2.29911344438202894E-002
6.3500000000000005 2.14018556430972222E-002
6.3550000000000004 2.10232844817353458E-002
6.3600000000000003 2.24781926787185372E-002
6.3650000000000002 2.16977623524415991E-002
6.3700000000000001 2.06207471124387996E-002
6.3750000000000000 2.24416128494876466E-002
6.3799999999999999 2.14027285320262939E-002
6.3849999999999998 2.06417049144526250E-002
6.3900000000000006 2.24413905411098430E-002
6.3950000000000005 2.17130764477348817E-002
6.4000000000000004 1.99072923876648274E-002
6.4050000000000002 2.19943634032299176E-002
6.4100000000000001 2.12980328775682175E-002
6.4150000000000000 1.95244019595104609E-002
6.4199999999999999 2.20852595216103863E-002
6.4249999999999998 2.14353406371143168E-002
6.4299999999999997 1.89959430122478012E-002
6.4350000000000005 2.14797904826166640E-002
6.4400000000000004 2.12277159801891671E-002
6.4450000000000003 1.89315687211597805E-002
6.4500000000000002 2.13819583395159565E-002
6.4550000000000001 2.08908555412365519E-002
6.4600000000000000 1.86633905065651702E-002
6.4649999999999999 2.15169090104838714E-002
6.4699999999999998 2.07794126379128724E-002
6.4750000000000005 1.79767357204623987E-002
6.4800000000000004 2.07085537386110900E-002
6.4850000000000003 2.04366336054884641E-002
6.4900000000000002 1.82670547960782602E-002
6.4950000000000001 2.05241947222085976E-002
6.5000000000000000 2.05409072013371836E-002
6.5049999999999999 1.82082009685777986E-002
6.5099999999999998 1.96486314542144921E-002
6.5150000000000006 1.93797557343744001E-002
6.5200000000000005 1.79116717000475587E-002
6.5250000000000004 1.98328419302674260E-002
6.5300000000000002 1.94545188198343919E-002
6.5350000000000001 1.78296755756188197E-002
6.5400000000000000 1.92512480131348807E-002
6.5449999999999999 1.90583596469500703E-002
6.5499999999999998 1.77096718722491685E-002
6.5549999999999997 1.86542213250429495E-002
6.5600000000000005 1.84850905012283843E-002
6.5650000000000004 1.81077186287234432E-002
6.5700000000000003 1.90105227655121417E-002
6.5750000000000002 1.84700123252035039E-002
6.5800000000000001 1.81122584591363323E-002
6.5850000000000000 1.80145187745568841E-002
6.5899999999999999 1.78949640275794658E-002
6.5949999999999998 1.80999346388745173E-002
6.6000000000000005 1.77104858210307171E-002
6.6050000000000004 1.77004202152974965E-002
6.6100000000000003 1.79895956164171540E-002
6.6150000000000002 1.74839960845761359E-002
6.6200000000000001 1.74900891710895422E-002
6.6250000000000000 1.83385166367481776E-002
6.6299999999999999 1.74373485962984638E-002
6.6349999999999998 1.71281573911920629E-002
6.6400000000000006 1.86029783982359850E-002
6.6450000000000005 1.68256662199937242E-002
6.6500000000000004 1.66579082134175223E-002
6.6550000000000002 1.82250554870139123E-002
6.6600000000000001 1.68239488710516735E-002
6.6650000000000000 1.62730294448824864E-002
6.6699999999999999 1.76781005688642079E-002
6.6749999999999998 1.61045028071836842E-002
6.6799999999999997 1.62312684435430947E-002
6.6850000000000005 1.78703984581413088E-002
6.6900000000000004 1.63724395505260578E-002
6.6950000000000003 1.62752809066668593E-002
6.7000000000000002 1.76431251548980275E-002
6.7050000000000001 1.56205566916005588E-002
6.7100000000000000 1.55374936359431084E-002
6.7149999999999999 1.67911995688013981E-002
6.7199999999999998 1.54486028242276884E-002
6.7250000000000005 1.56248555394177899E-002
6.7300000000000004 1.64862505679661021E-002
6.7350000000000003 1.52138578047761059E-002
6.7400000000000002 1.53275385827904270E-002
6.7450000000000001 1.65132859679799765E-002
6.7500000000000000 1.53011628324381203E-002
6.7549999999999999 1.55227096180093303E-002
6.7599999999999998 1.59453164884252596E-002
6.7650000000000006 1.49695229356929804E-002
6.7700000000000005 1.55663555686552206E-002
6.7750000000000004 1.55205325844918716E-002
6.7800000000000002 1.45703548682206106E-002
6.7850000000000001 1.49852208373362494E-002
6.7900000000000000 1.54772849403963138E-002
6.7949999999999999 1.51267202827390663E-002
6.7999999999999998 1.49995784478709985E-002
6.8049999999999997 1.48163423169736363E-002
6.8100000000000005 1.45766822521797967E-002
6.8150000000000004 1.46975987283128207E-002
6.8200000000000003 1.49000726651112251E-002
6.8250000000000002 1.48995699368464369E-002
6.8300000000000001 1.45485032985727368E-002
6.8350000000000000 1.44317597747126280E-002
6.8399999999999999 1.49623277167207462E-002
6.8449999999999998 1.41837393180889969E-002
6.8500000000000005 1.39143917997961858E-002
6.8550000000000004 1.46199483450638445E-002
6.8600000000000003 1.37877094721210181E-002
6.8650000000000002 1.33996269159344268E-002
6.8700000000000001 1.43317032042899351E-002
6.8750000000000000 1.34806172900629514E-002
6.8799999999999999 1.33977345958428955E-002
6.8849999999999998 1.46446167848944160E-002
6.8900000000000006 1.36115682856694665E-002
6.8950000000000005 1.34194294673640850E-002
6.9000000000000004 1.45099371188114074E-002
6.9050000000000002 1.32760630234478923E-002
6.9100000000000001 1.30027529267243928E-002
6.9150000000000000 1.42814172503204721E-002
6.9199999999999999 1.31654428703540383E-002
6.9249999999999998 1.27828282061143751E-002
6.9299999999999997 1.38552431095145517E-002
6.9350000000000005 1.31421212690765975E-002
6.9400000000000004 1.30074580894179344E-002
6.9450000000000003 1.34336678151614399E-002
6.9500000000000002 1.27001182362541098E-002
6.9550000000000001 1.26395522198890480E-002
6.9600000000000000 1.31827825933544633E-002
6.9649999999999999 1.26240230656498465E-002
6.9699999999999998 1.25071500567070244E-002
6.9750000000000005 1.27125248497026392E-002
6.9800000000000004 1.22128970654169361E-002
6.9850000000000003 1.23291191640897066E-002
6.9900000000000002 1.26216309229511894E-002
6.9950000000000001 1.24399505314827189E-002
7.0000000000000000 1.22234685091761209E-002
7.0049999999999999 1.22570058971747976E-002
7.0099999999999998 1.24193327251615974E-002
7.0150000000000006 1.22391507558942750E-002
7.0200000000000005 1.19292579877261495E-002
7.0250000000000004 1.21826935699542744E-002
7.0300000000000002 1.18652770408814081E-002
7.0350000000000001 1.17168643632429431E-002
7.0400000000000000 1.23256626796700818E-002
7.0449999999999999 1.19706758304325180E-002
7.0499999999999998 1.14985642181340848E-002
7.0549999999999997 1.18277419120287018E-002
7.0600000000000005 1.15599849226027552E-002
7.0650000000000004 1.12559273976501062E-002
7.0700000000000003 1.16622823024570207E-002
7.0750000000000002 1.11544881318615570E-002
7.0800000000000001 1.10181754922386386E-002
7.0850000000000000 1.21738812611027550E-002
7.0899999999999999 1.10024808991281524E-002
7.0949999999999998 1.07401464810754251E-002
7.1000000000000005 1.17533826450390375E-002
7.1050000000000004 1.12341989327591502E-002
7.1100000000000003 1.06708461990195173E-002
7.1150000000000002 1.17645936995871662E-002
7.1200000000000001 1.09065372460042161E-002
7.1250000000000000 1.05491234141892858E-002
7.1299999999999999 1.15439213506145864E-002
7.1349999999999998 1.09014056791008323E-002
7.1400000000000006 1.03829950109561048E-002
7.1450000000000005 1.11388056031595049E-002
7.1500000000000004 1.06038788569319375E-002
7.1550000000000002 1.02467762569089082E-002
7.1600000000000001 1.11211890723937265E-002
7.1650000000000000 1.04959626632812886E-002
7.1699999999999999 1.00376724904126524E-002
7.1749999999999998 1.08776321113499847E-002
7.1799999999999997 1.03707745958465415E-002
7.1850000000000005 1.03330503357622408E-002
7.1900000000000004 1.06706860536211930E-002
7.1950000000000003 1.02938564707398834E-002
7.2000000000000002 9.96753864880385934E-003
7.2050000000000001 1.04147290735371757E-002
7.2100000000000000 1.01935791126307913E-002
7.2149999999999999 9.83405696726038017E-003
7.2199999999999998 1.01243885398180425E-002
7.2250000000000005 9.77467433721456239E-003
7.2300000000000004 9.64316692379678896E-003
7.2350000000000003 1.02027232342119367E-002
7.2400000000000002 1.00784038949380088E-002
7.2450000000000001 9.67108014634327114E-003
7.2500000000000000 1.00841463776477468E-002
7.2549999999999999 9.98521349398917048E-003
7.2599999999999998 9.50518387356795447E-003
7.2650000000000006 9.72333951351413844E-003
7.2700000000000005 9.73248231289363178E-003
7.2750000000000004 9.33324517498559242E-003
7.2800000000000002 9.64025112922648267E-003
7.2850000000000001 9.84720447747453216E-003
7.2900000000000000 9.30475065025714553E-003
7.2949999999999999 9.28306170948368578E-003
7.2999999999999998 9.61356183190759453E-003
7.3049999999999997 9.12449339033221708E-003
7.3100000000000005 8.73200849241437954E-003
7.3150000000000004 9.61464133708519325E-003
7.3200000000000003 9.04545598717379669E-003
7.3250000000000002 8.40943644349656169E-003
7.3300000000000001 9.56502407885361818E-003
7.3350000000000000 8.97702509647037294E-003
7.3399999999999999 8.01346608276672957E-003
7.3449999999999998 9.33326435867575487E-003
7.3500000000000005 8.74528980717862066E-003
7.3550000000000004 7.75647908280280903E-003
7.3600000000000003 9.49155521874983643E-003
7.3650000000000002 8.97240431117027511E-003
7.3700000000000001 7.65285552777617787E-003
7.3750000000000000 9.29363477005748680E-003
7.3799999999999999 8.86425823465239807E-003
7.3849999999999998 7.59207025318419174E-003
7.3900000000000006 8.91215932054052924E-003
7.3950000000000005 8.70427428824614886E-003
7.4000000000000004 7.49242977044307489E-003
7.4050000000000002 8.94783282284207331E-003
7.4100000000000001 8.27032494991925340E-003
7.4150000000000000 7.43825573456698141E-003
7.4199999999999999 9.08826223499129872E-003
7.4249999999999998 8.10335534030835573E-003
7.4299999999999997 7.49811469554033903E-003
7.4350000000000005 9.26661416386524196E-003
7.4400000000000004 7.68960025107045565E-003
7.4450000000000003 7.16431796912672929E-003
7.4500000000000002 9.13959663326443725E-003
7.4550000000000001 7.81156190717962814E-003
7.4600000000000000 7.20105689440049025E-003
7.4649999999999999 9.03203312303171857E-003
7.4699999999999998 7.66839619312374016E-003
7.4750000000000005 6.99404908928041077E-003
7.4800000000000004 8.73063343015378912E-003
7.4850000000000003 7.50936799349844527E-003
7.4900000000000002 7.10790745905099178E-003
7.4950000000000001 8.25069010997098173E-003
7.5000000000000000 7.14986937750700536E-003
7.5049999999999999 6.87087439392670019E-003
7.5099999999999998 7.91303412245594404E-003
7.5150000000000006 7.26952786668390132E-003
7.5200000000000005 7.13728184960938164E-003
7.5250000000000004 7.77020406640858540E-003
7.5300000000000002 7.07324525419146099E-003
7.5350000000000001 7.14848562291289704E-003
7.5400000000000000 7.54508490251874515E-003
7.5449999999999999 6.96247263719594698E-003
7.5499999999999998 6.97858034052279211E-003
7.5549999999999997 7.30296870129990613E-003
7.5600000000000005 6.94443813565376235E-003
7.5650000000000004 6.88227072338057615E-003
7.5700000000000003 7.09618598744315727E-003
7.5750000000000002 6.94394117588784717E-003
7.5800000000000001 6.58050672425578020E-003
7.5850000000000000 7.08111194484687366E-003
7.5899999999999999 6.98273021404316723E-003
7.5949999999999998 6.51468978134110265E-003
7.6000000000000005 6.86706725897513401E-003
7.6050000000000004 7.14566403876484412E-003
7.6100000000000003 6.17603686210911867E-003
7.6150000000000002 6.46772586267865216E-003
7.6200000000000001 7.29195493324631509E-003
7.6250000000000000 6.32564210172081517E-003
7.6299999999999999 6.45151608369000287E-003
7.6349999999999998 7.25620780495525412E-003
7.6400000000000006 6.03117061140189675E-003
7.6450000000000005 6.22758205839682357E-003
7.6500000000000004 7.14578530084406579E-003
7.6550000000000002 5.79582545160332342E-003
7.6600000000000001 6.16596695627329595E-003
7.6650000000000000 7.22599752064409170E-003
7.6699999999999999 5.73912562881513048E-003
7.6749999999999998 6.18604131166242306E-003
7.6799999999999997 7.37540778987905675E-003
7.6850000000000005 5.48602859156942756E-003
7.6900000000000004 6.02515989943562882E-003
7.6950000000000003 6.91763767815458275E-003
7.7000000000000002 5.42458201507242839E-003
7.7050000000000001 6.15371357614538390E-003
7.7100000000000000 6.67828456066183428E-003
7.7149999999999999 5.11851373705833092E-003
7.7199999999999998 6.19190996479681600E-003
7.7250000000000005 6.58280353031876278E-003
7.7300000000000004 4.99847889984481129E-003
7.7350000000000003 6.13137609871744135E-003
7.7400000000000002 6.43433559383629547E-003
7.7450000000000001 4.95899672143997310E-003
7.7500000000000000 6.09640954703179021E-003
7.7549999999999999 6.03386753279410402E-003
7.7599999999999998 4.90567925944446464E-003
7.7650000000000006 6.16957385480470556E-003
7.7700000000000005 5.87169329871799900E-003
7.7750000000000004 4.80800124749302966E-003
7.7800000000000002 6.08172543808559347E-003
7.7850000000000001 5.62569713070637783E-003
7.7900000000000000 4.74977478132070866E-003
7.7949999999999999 5.89281961733782375E-003
7.7999999999999998 5.39363475560098501E-003
7.8050000000000006 4.78684728088370117E-003
7.8100000000000005 5.87520978765735009E-003
7.8150000000000004 5.28687621631447613E-003
7.8200000000000003 4.87178202161635612E-003
7.8250000000000002 5.60985123298029641E-003
7.8300000000000001 5.10265948106139369E-003
7.8350000000000000 5.02563037469684962E-003
7.8399999999999999 5.40940719977384479E-003
7.8449999999999998 4.93239014302590973E-003
7.8500000000000005 4.90992796612426188E-003
7.8550000000000004 5.05391134252348821E-003
7.8600000000000003 4.87007404135892698E-003
7.8650000000000002 5.07787971983333745E-003
7.8700000000000001 4.87685046774176401E-003
7.8750000000000000 4.94368904872400337E-003
7.8799999999999999 5.22966592756671320E-003
7.8849999999999998 4.72268013815418594E-003
7.8900000000000006 4.92038448755067158E-003
7.8950000000000005 5.03229710974803426E-003
7.9000000000000004 4.50598896481625537E-003
7.9050000000000002 4.76329265329122117E-003
7.9100000000000001 4.67806686975562758E-003
7.9150000000000000 4.38747451392327431E-003
7.9199999999999999 4.84839941315083102E-003
7.9249999999999998 4.53552451110068953E-003
7.9300000000000006 4.24192054273118003E-003
7.9350000000000005 4.94062317327351001E-003
7.9400000000000004 4.44919980326829913E-003
7.9450000000000003 4.26759724222116905E-003
7.9500000000000002 4.84480535733708591E-003
7.9550000000000001 4.13292816338014374E-003
7.9600000000000000 4.29181778439820250E-003
7.9649999999999999 4.78450028442818989E-003
7.9699999999999998 4.14651609653468849E-003
7.9750000000000005 4.23028565876700565E-003
7.9800000000000004 4.72731446946193269E-003
7.9850000000000003 4.00903717552514131E-003
7.9900000000000002 4.25679176083625533E-003
7.9950000000000001 4.54135712543971091E-003
8.0000000000000000 3.91212257352910927E-003
8.0050000000000008 4.27479508171360167E-003
8.0099999999999998 4.24839469783991341E-003
8.0150000000000006 3.85433933615645643E-003
8.0199999999999996 4.27320407379975457E-003
8.0250000000000004 4.09187766378916584E-003
8.0299999999999994 3.92227431662000008E-003
8.0350000000000001 4.29601117082494682E-003
8.0400000000000009 3.91080911943178944E-003
8.0449999999999999 3.79595402880905392E-003
8.0500000000000007 3.92454857928017584E-003
8.0549999999999997 3.73359978601393774E-003
8.0600000000000005 3.88443465220256147E-003
8.0649999999999995 3.89350937677552253E-003
8.0700000000000003 3.80787402644557288E-003
8.0749999999999993 3.98099866402492134E-003
8.0800000000000001 3.79843589572597231E-003
8.0850000000000009 3.61653296986913161E-003
8.0899999999999999 3.95623715848260598E-003
8.0950000000000006 3.67108878819844995E-003
8.0999999999999996 3.73035514323891886E-003
8.1050000000000004 3.96617499705047630E-003
8.1099999999999994 3.69995513127645455E-003
8.1150000000000002 3.83988765597898223E-003
8.1200000000000010 3.81110192905285538E-003
8.1250000000000000 3.50713249900988337E-003
8.1300000000000008 3.69020821899038740E-003
8.1349999999999998 3.59582846573245707E-003
8.1400000000000006 3.49320696273559394E-003
8.1449999999999996 3.82985801193077994E-003
8.1500000000000004 3.51818779219625899E-003
8.1549999999999994 3.39074896952182335E-003
8.1600000000000001 3.59964030967806735E-003
8.1650000000000009 3.44944601315828230E-003
8.1699999999999999 3.33574182785696715E-003
8.1750000000000007 3.41832708976585109E-003
8.1799999999999997 3.36002069801208088E-003
8.1850000000000005 3.40891457970279995E-003
8.1899999999999995 3.34185056545235675E-003
8.1950000000000003 3.36079814441658017E-003
8.1999999999999993 3.40587428966722004E-003
8.2050000000000001 3.14938902596736785E-003
8.2100000000000009 3.27756374175280571E-003
8.2149999999999999 3.30702674712221112E-003
8.2200000000000006 3.03474347710119613E-003
8.2249999999999996 3.27450168087558072E-003
8.2300000000000004 3.20531779584357253E-003
8.2349999999999994 2.95042937279611523E-003
8.2400000000000002 3.22463189471542322E-003
8.2450000000000010 2.99882299377569363E-003
8.2500000000000000 2.89646607571227704E-003
8.2550000000000008 3.22736936887942647E-003
8.2599999999999998 2.92103007374296900E-003
8.2650000000000006 2.92030174486719541E-003
8.2699999999999996 3.22518625804507630E-003
8.2750000000000004 2.81616679837953885E-003
8.2799999999999994 2.94639121783624473E-003
8.2850000000000001 3.12542470367949002E-003
8.2900000000000009 2.61845115066223003E-003
8.2949999999999999 2.87355226320613368E-003
8.3000000000000007 3.00550813906961005E-003
8.3049999999999997 2.66028680904433325E-003
8.3100000000000005 2.87716339592504347E-003
8.3149999999999995 2.82625556044561674E-003
8.3200000000000003 2.55024238240363164E-003
8.3249999999999993 2.82813061699348656E-003
8.3300000000000001 2.84358551951781596E-003
8.3350000000000009 2.62412639905900856E-003
8.3399999999999999 2.77050011871738657E-003
8.3450000000000006 2.68814268180258328E-003
8.3499999999999996 2.58845982793435778E-003
8.3550000000000004 2.64845107071036119E-003
8.3599999999999994 2.60430126183685499E-003
8.3650000000000002 2.62285330953078563E-003
8.3700000000000010 2.57168128322371025E-003
8.3750000000000000 2.58909673134474208E-003
8.3800000000000008 2.53081539299578441E-003
8.3849999999999998 2.42167559283633805E-003
8.3900000000000006 2.52390754787447597E-003
8.3949999999999996 2.49995221748396546E-003
8.4000000000000004 2.34210820043811822E-003
8.4049999999999994 2.51598616691706524E-003
8.4100000000000001 2.32393266410524987E-003
8.4150000000000009 2.28697526333131434E-003
8.4199999999999999 2.50085780594012062E-003
8.4250000000000007 2.21816336907736155E-003
8.4299999999999997 2.30086309328934088E-003
8.4350000000000005 2.58199440664061636E-003
8.4399999999999995 2.13870008318322495E-003
8.4450000000000003 2.19706500805021522E-003
8.4499999999999993 2.51947165003812848E-003
8.4550000000000001 2.12096543695118383E-003
8.4600000000000009 2.15202223126149733E-003
8.4649999999999999 2.37262580148449526E-003
8.4700000000000006 2.10592302662456843E-003
8.4749999999999996 2.14245202397436631E-003
8.4800000000000004 2.23684292137192554E-003
8.4849999999999994 1.95659264058834414E-003
8.4900000000000002 2.21091517461043585E-003
8.4950000000000010 2.28392665554568580E-003
8.5000000000000000 1.85713296743791737E-003
8.5050000000000008 2.11507429699811077E-003
8.5099999999999998 2.11686694767110675E-003
8.5150000000000006 1.79641751993041949E-003
8.5199999999999996 2.05446867065407638E-003
8.5250000000000004 2.19281366631127184E-003
8.5299999999999994 1.77236027241303154E-003
8.5350000000000001 1.94910450163642500E-003
8.5400000000000009 2.10456459167809168E-003
8.5449999999999999 1.82803569886441013E-003
8.5500000000000007 1.94461192011002805E-003
8.5549999999999997 1.96378909602530150E-003
8.5600000000000005 1.83741945189077184E-003
8.5649999999999995 1.91650396848515921E-003
8.5700000000000003 1.85957824768935489E-003
8.5750000000000011 1.77592493979083555E-003
8.5800000000000001 1.97675775846427228E-003
8.5850000000000009 1.83132067281855000E-003
8.5899999999999999 1.65218464812802793E-003
8.5950000000000006 1.91698775665197110E-003
8.5999999999999996 1.80272689999410847E-003
8.6050000000000004 1.57624754169610293E-003
8.6099999999999994 1.89014043044364232E-003
8.6150000000000002 1.78700468989239822E-003
8.6200000000000010 1.60860860442767510E-003
8.6250000000000000 1.79033475917310153E-003
8.6300000000000008 1.73123003293785020E-003
8.6349999999999998 1.59950755429290434E-003
8.6400000000000006 1.82243578360573701E-003
8.6449999999999996 1.58924321900499725E-003
8.6500000000000004 1.62911933762846777E-003
8.6549999999999994 1.82261573717300372E-003
8.6600000000000001 1.60338562916934437E-003
8.6650000000000009 1.53995272177799070E-003
8.6699999999999999 1.72982751411019883E-003
8.6750000000000007 1.45756219590560980E-003
8.6799999999999997 1.47725430787166143E-003
8.6850000000000005 1.73950552933124390E-003
8.6899999999999995 1.44538553242007394E-003
8.6950000000000003 1.45238322274468881E-003
8.7000000000000011 1.64135612818461967E-003
8.7050000000000001 1.40287080846954767E-003
8.7100000000000009 1.43352466734580734E-003
8.7149999999999999 1.56308490916588967E-003
8.7200000000000006 1.36195929772074198E-003
8.7249999999999996 1.42172776723229724E-003
8.7300000000000004 1.47769936633353562E-003
8.7349999999999994 1.32512732755651831E-003
8.7400000000000002 1.34835957934826113E-003
8.7450000000000010 1.35820770879130836E-003
8.7500000000000000 1.31258805734963823E-003
8.7550000000000008 1.31116503268362554E-003
8.7599999999999998 1.39545816951584865E-003
8.7650000000000006 1.26996796264067886E-003
8.7699999999999996 1.24371112221673737E-003
8.7750000000000004 1.39104100979135434E-003
8.7799999999999994 1.23488708015968363E-003
8.7850000000000001 1.21780122280024583E-003
8.7900000000000009 1.34522397757173536E-003
8.7949999999999999 1.14300388444696084E-003
8.8000000000000007 1.20660965293768133E-003
8.8049999999999997 1.30824174048819520E-003
8.8100000000000005 1.08467960550809946E-003
8.8149999999999995 1.17839318134127426E-003
8.8200000000000003 1.27568828059641229E-003
8.8250000000000011 1.01376057814430895E-003
8.8300000000000001 1.17901787464610866E-003
8.8350000000000009 1.18397033720017437E-003
8.8399999999999999 9.93276444206836213E-004
8.8450000000000006 1.26981868965208981E-003
8.8499999999999996 1.17054180255919552E-003
8.8550000000000004 9.76805583812724804E-004
8.8599999999999994 1.27515645441673639E-003
8.8650000000000002 1.05901691746926600E-003
8.8700000000000010 9.57803941025973959E-004
8.8750000000000000 1.19658212902987887E-003
8.8800000000000008 1.00208496499422199E-003
8.8849999999999998 1.00473198146670156E-003
8.8900000000000006 1.18046515078692213E-003
8.8949999999999996 9.73147278702546120E-004
8.9000000000000004 1.06553705830311112E-003
8.9049999999999994 1.05853335475676103E-003
8.9100000000000001 8.94024043689024286E-004
8.9150000000000009 1.05688183268070755E-003
8.9199999999999999 9.73468176792918966E-004
8.9250000000000007 8.79239552946788050E-004
8.9299999999999997 1.04770977632954771E-003
8.9350000000000005 9.57392543910414047E-004
8.9399999999999995 9.22955916860422262E-004
8.9450000000000003 9.76576736756485297E-004
8.9500000000000011 8.69027944900939474E-004
8.9550000000000001 9.03825004852775219E-004
8.9600000000000009 8.93412707564243094E-004
8.9649999999999999 8.63973581001797756E-004
8.9700000000000006 9.25319671748402964E-004
8.9749999999999996 8.35840358598019030E-004
8.9800000000000004 8.68287008783082798E-004
8.9849999999999994 8.94175591229228535E-004
8.9900000000000002 7.90562509317699422E-004
8.9950000000000010 8.55519111820424887E-004
9.0000000000000000 8.27886854416071323E-004
9.0050000000000008 7.53277292732240145E-004
9.0099999999999998 8.37094231234302029E-004
9.0150000000000006 7.43965140090667985E-004
9.0199999999999996 7.76129820621144898E-004
9.0250000000000004 8.21541610163446746E-004
9.0299999999999994 6.71782288773547934E-004
9.0350000000000001 7.81691526031706198E-004
9.0400000000000009 7.68207324967802910E-004
9.0449999999999999 6.31753113509673754E-004
9.0500000000000007 7.51722278783491650E-004
9.0549999999999997 6.77538314923808701E-004
9.0600000000000005 6.31087410600767698E-004
9.0649999999999995 7.49717182123731357E-004
9.0700000000000003 6.55936938034220804E-004
9.0750000000000011 6.42424848271700658E-004
9.0800000000000001 7.03245613662415608E-004
9.0850000000000009 5.87734861878330553E-004
9.0899999999999999 6.59657740230983839E-004
9.0950000000000006 6.78413090237489028E-004
9.0999999999999996 5.62744705730695784E-004
9.1050000000000004 6.65242065558609348E-004
9.1099999999999994 6.33951859289699185E-004
9.1150000000000002 5.54503584636276809E-004
9.1200000000000010 6.16069023585580225E-004
9.1250000000000000 5.94712335223544948E-004
9.1300000000000008 5.84532434200309300E-004
9.1349999999999998 5.92693403560342084E-004
9.1400000000000006 5.61518182566657755E-004
9.1449999999999996 5.82301702848423688E-004
9.1500000000000004 5.65473011881217837E-004
9.1549999999999994 5.42940218695158665E-004
9.1600000000000001 5.12941818513611429E-004
9.1650000000000009 5.31421046927271984E-004
9.1699999999999999 5.52545824906873267E-004
9.1750000000000007 5.05385086837914911E-004
9.1799999999999997 5.25827330411683018E-004
9.1850000000000005 5.61680127409621647E-004
9.1899999999999995 4.67673325554235743E-004
9.1950000000000003 4.87054188911944630E-004
9.2000000000000011 5.12889510002350235E-004
9.2050000000000001 4.64103846232745063E-004
9.2100000000000009 5.08092303434375743E-004
9.2149999999999999 4.78737833523787014E-004
9.2200000000000006 4.64567624254445702E-004
9.2249999999999996 5.07180920863944105E-004
9.2300000000000004 4.20607856942020037E-004
9.2349999999999994 4.71834890534068711E-004
9.2400000000000002 5.03292390427791028E-004
9.2450000000000010 3.97212702332899986E-004
9.2500000000000000 4.49942971829429047E-004
9.2550000000000008 4.61729742736520098E-004
9.2599999999999998 3.92135294217681033E-004
9.2650000000000006 4.44672556084374688E-004
9.2699999999999996 3.98003710940695275E-004
9.2750000000000004 3.92511767672683407E-004
9.2799999999999994 4.43197846267170481E-004
9.2850000000000001 3.57757830616472626E-004
9.2900000000000009 3.96391927821512498E-004
9.2949999999999999 4.11740086193768877E-004
9.3000000000000007 3.46668224967428863E-004
9.3049999999999997 3.76010560717827990E-004
9.3100000000000005 3.72197065025038523E-004
9.3149999999999995 3.65004931947900731E-004
9.3200000000000003 3.58482197025602133E-004
9.3250000000000011 3.16859274043672910E-004
9.3300000000000001 3.62004123869891095E-004
9.3350000000000009 3.48592775619245966E-004
9.3399999999999999 3.06732496004397538E-004
9.3450000000000006 3.53018928455755177E-004
9.3499999999999996 3.17494908915788316E-004
9.3550000000000004 3.20414660607107684E-004
9.3599999999999994 3.43486101673422554E-004
9.3650000000000002 2.76902056372449880E-004
9.3700000000000010 3.27810844265544405E-004
9.3750000000000000 3.26338632278905792E-004
9.3800000000000008 2.60928049682644723E-004
9.3849999999999998 3.26527858535030895E-004
9.3900000000000006 2.96501251815915626E-004
9.3949999999999996 2.47564914408600790E-004
9.4000000000000004 3.00558906353465022E-004
9.4049999999999994 2.63301604469334523E-004
9.4100000000000001 2.56176001793939016E-004
9.4150000000000009 3.02830893467600712E-004
9.4199999999999999 2.39137555571736400E-004
9.4250000000000007 2.70529009523970030E-004
9.4299999999999997 2.78098324086665876E-004
9.4350000000000005 2.10973907089661509E-004
9.4399999999999995 2.74288661840697888E-004
9.4450000000000003 2.59321521769187717E-004
9.4500000000000011 2.11545784133051643E-004
9.4550000000000001 2.65732638047348974E-004
9.4600000000000009 2.24370434304883935E-004
9.4649999999999999 2.05980026639360100E-004
9.4700000000000006 2.55902472331074389E-004
9.4749999999999996 2.08529784175444166E-004
9.4800000000000004 2.24427794811988114E-004
9.4849999999999994 2.39339729196827141E-004
9.4900000000000002 1.89197430399188292E-004
9.4950000000000010 2.21429641202673379E-004
9.5000000000000000 2.01103112454929160E-004
9.5050000000000008 1.83546792396093301E-004
9.5099999999999998 2.13235700169251557E-004
9.5150000000000006 1.90462932187105631E-004
9.5199999999999996 1.95962908110113520E-004
9.5250000000000004 2.01023947284993573E-004
9.5299999999999994 1.71355831457244812E-004
9.5350000000000001 2.05541325710930750E-004
9.5400000000000009 1.78765466284027503E-004
9.5449999999999999 1.63550634611823315E-004
9.5500000000000007 2.04613600218805377E-004
9.5549999999999997 1.62334865466954946E-004
9.5600000000000005 1.67796764655565731E-004
9.5649999999999995 1.91072769137637968E-004
9.5700000000000003 1.50455749509172441E-004
9.5750000000000011 1.73567201712067853E-004
9.5800000000000001 1.69956182680354592E-004
9.5850000000000009 1.47061829121704921E-004
9.5899999999999999 1.85497814620570343E-004
9.5950000000000006 1.44325651530400700E-004
9.5999999999999996 1.46663434257337909E-004
9.6050000000000004 1.86627947894152493E-004
9.6099999999999994 1.26478152373016891E-004
9.6150000000000002 1.51949322407215527E-004
9.6200000000000010 1.68395012147918389E-004
9.6250000000000000 1.20637906039818072E-004
9.6300000000000008 1.58497630825014984E-004
9.6349999999999998 1.43256986195751959E-004
9.6400000000000006 1.19684888479551515E-004
9.6449999999999996 1.62910627933255466E-004
9.6500000000000004 1.26064313388114238E-004
9.6549999999999994 1.25809180875274232E-004
9.6600000000000001 1.53007692921647477E-004
9.6650000000000009 1.16310350902083841E-004
9.6699999999999999 1.33796765791570121E-004
9.6750000000000007 1.35739045973909042E-004
9.6799999999999997 1.08591233155026987E-004
9.6850000000000005 1.43332572545313869E-004
9.6899999999999995 1.25385140552443971E-004
9.6950000000000003 1.16414624611750438E-004
9.7000000000000011 1.38371795818626852E-004
9.7050000000000001 1.12978214162150580E-004
9.7100000000000009 1.16818460784856294E-004
9.7149999999999999 1.20010462696577299E-004
9.7200000000000006 1.04891851315172595E-004
9.7249999999999996 1.26116663847292035E-004
9.7300000000000004 1.11113462371772941E-004
9.7349999999999994 1.04516136980528686E-004
9.7400000000000002 1.20779836253457435E-004
9.7450000000000010 1.06200652028393903E-004
9.7500000000000000 1.06786411044170818E-004
9.7550000000000008 1.08919022953907037E-004
9.7599999999999998 9.81613933575085776E-005
9.7650000000000006 1.10651553180608235E-004
9.7699999999999996 9.59368693520152595E-005
9.7750000000000004 9.32235085661929815E-005
9.7799999999999994 1.11420672745392543E-004
9.7850000000000001 9.22692781198510904E-005
9.7900000000000009 9.35529310541389933E-005
9.7949999999999999 1.02216200837500004E-004
9.8000000000000007 8.96908200527859616E-005
9.8049999999999997 9.08976032828829125E-005
9.8100000000000005 9.21967273662728943E-005
9.8149999999999995 8.29009919300833419E-005
9.8200000000000003 9.83426927225887514E-005
9.8250000000000011 8.77113749244025738E-005
9.8300000000000001 8.27692244027691598E-005
9.8350000000000009 9.57246896576675969E-005
9.8399999999999999 7.83655690459318346E-005
9.8450000000000006 8.40676202644636720E-005
9.8499999999999996 9.44671313713102352E-005
9.8550000000000004 7.46596827975928845E-005
9.8599999999999994 8.86958952694292732E-005
9.8650000000000002 8.46197758792688434E-005
9.8700000000000010 7.29295815554829754E-005
9.8750000000000000 8.89439884281722018E-005
9.8800000000000008 7.34870023493445785E-005
9.8849999999999998 7.42649912400445599E-005
9.8900000000000006 8.71347989427554689E-005
9.8949999999999996 6.72416464900529539E-005
9.9000000000000004 7.68061011906865228E-005
9.9049999999999994 7.53651578590521859E-005
9.9100000000000001 6.66800218668625740E-005
9.9150000000000009 8.36696957854945832E-005
9.9199999999999999 6.27836680001247365E-005
9.9250000000000007 6.46562658018710315E-005
9.9299999999999997 8.32106986833879849E-005
9.9350000000000005 5.90470185363437913E-005
9.9399999999999995 6.73395054811440569E-005
9.9450000000000003 7.27962880802736784E-005
9.9500000000000011 5.84375520245929847E-005
9.9550000000000001 7.12949246180396564E-005
9.9600000000000009 6.25966416955101186E-005
9.9649999999999999 6.03876878782371961E-005
9.9700000000000006 7.19990638643272512E-005
9.9749999999999996 5.74043605423820702E-005
9.9800000000000004 6.07318408100592506E-005
9.9849999999999994 6.50728801386921417E-005
9.9900000000000002 5.57196948047026161E-005
9.9950000000000010 6.46829364867179273E-005
10.000000000000000 5.48122127012443905E-005
