# Generalized Rosenzweig-Porter model RPSF
# size=3500x3500, gamma=2.5
# CDF of level statistics r_S
# r_S CDF
3.676900000000000168e-01 0.000000000000000000e+00
3.709700000000000220e-01 5.599999999999999509e-04
3.725999999999999868e-01 1.110000000000000092e-03
3.730899999999999772e-01 1.670000000000000043e-03
3.738000000000000211e-01 2.220000000000000185e-03
3.739799999999999791e-01 2.779999999999999919e-03
3.742500000000000271e-01 3.340000000000000087e-03
3.744100000000000206e-01 3.889999999999999795e-03
3.752099999999999880e-01 4.449999999999999963e-03
3.752900000000000125e-01 5.000000000000000104e-03
3.756999999999999784e-01 5.559999999999999838e-03
3.757800000000000029e-01 6.109999999999999980e-03
3.760800000000000254e-01 6.669999999999999714e-03
3.760999999999999899e-01 7.230000000000000315e-03
3.761499999999999844e-01 7.779999999999999589e-03
3.762599999999999834e-01 8.340000000000000191e-03
3.763199999999999878e-01 8.890000000000000333e-03
3.766599999999999948e-01 9.450000000000000067e-03
3.768599999999999728e-01 1.000999999999999980e-02
3.769100000000000228e-01 1.055999999999999994e-02
3.770499999999999963e-01 1.111999999999999968e-02
3.770499999999999963e-01 1.166999999999999982e-02
3.770899999999999808e-01 1.222999999999999955e-02
3.771200000000000108e-01 1.277999999999999969e-02
3.772900000000000142e-01 1.333999999999999943e-02
3.773699999999999832e-01 1.389999999999999916e-02
3.775299999999999767e-01 1.444999999999999930e-02
3.776200000000000112e-01 1.501000000000000077e-02
3.777800000000000047e-01 1.555999999999999918e-02
3.778299999999999992e-01 1.611999999999999891e-02
3.780299999999999772e-01 1.668000000000000038e-02
3.781599999999999961e-01 1.722999999999999879e-02
3.781700000000000061e-01 1.779000000000000026e-02
3.781900000000000261e-01 1.833999999999999866e-02
3.783000000000000251e-01 1.890000000000000013e-02
3.785100000000000131e-01 1.946000000000000160e-02
3.786300000000000221e-01 2.001000000000000001e-02
3.788400000000000101e-01 2.057000000000000148e-02
3.788500000000000201e-01 2.111999999999999988e-02
3.789199999999999791e-01 2.168000000000000135e-02
3.789799999999999836e-01 2.222999999999999976e-02
3.789799999999999836e-01 2.279000000000000123e-02
3.790000000000000036e-01 2.334999999999999923e-02
3.790100000000000136e-01 2.390000000000000110e-02
3.790200000000000236e-01 2.445999999999999910e-02
3.790399999999999880e-01 2.501000000000000098e-02
3.791300000000000225e-01 2.556999999999999898e-02
3.792900000000000160e-01 2.613000000000000045e-02
3.793900000000000050e-01 2.667999999999999886e-02
3.794699999999999740e-01 2.724000000000000032e-02
3.794899999999999940e-01 2.778999999999999873e-02
3.795499999999999985e-01 2.835000000000000020e-02
3.797800000000000065e-01 2.889999999999999861e-02
3.797800000000000065e-01 2.946000000000000008e-02
3.798400000000000110e-01 3.002000000000000154e-02
3.799600000000000199e-01 3.056999999999999995e-02
3.800899999999999834e-01 3.113000000000000142e-02
3.800999999999999934e-01 3.167999999999999983e-02
3.802499999999999769e-01 3.223999999999999783e-02
3.802699999999999969e-01 3.280000000000000276e-02
3.803099999999999814e-01 3.334999999999999770e-02
3.803400000000000114e-01 3.391000000000000264e-02
3.803900000000000059e-01 3.445999999999999758e-02
3.804799999999999849e-01 3.502000000000000252e-02
3.805000000000000049e-01 3.558000000000000052e-02
3.806499999999999884e-01 3.613000000000000239e-02
3.806499999999999884e-01 3.669000000000000039e-02
3.806499999999999884e-01 3.724000000000000227e-02
3.807200000000000029e-01 3.780000000000000027e-02
3.807599999999999874e-01 3.835000000000000214e-02
3.807599999999999874e-01 3.891000000000000014e-02
3.808599999999999763e-01 3.946999999999999814e-02
3.808900000000000063e-01 4.002000000000000002e-02
3.809500000000000108e-01 4.057999999999999802e-02
3.809600000000000208e-01 4.112999999999999989e-02
3.809899999999999953e-01 4.168999999999999789e-02
3.809899999999999953e-01 4.225000000000000283e-02
3.809899999999999953e-01 4.279999999999999777e-02
3.810100000000000153e-01 4.336000000000000271e-02
3.810200000000000253e-01 4.390999999999999764e-02
3.810799999999999743e-01 4.447000000000000258e-02
3.811100000000000043e-01 4.503000000000000058e-02
3.811300000000000243e-01 4.558000000000000246e-02
3.811399999999999788e-01 4.614000000000000046e-02
3.811599999999999988e-01 4.669000000000000233e-02
3.811599999999999988e-01 4.725000000000000033e-02
3.811999999999999833e-01 4.780000000000000221e-02
3.812099999999999933e-01 4.836000000000000021e-02
3.812200000000000033e-01 4.891999999999999821e-02
3.812300000000000133e-01 4.947000000000000008e-02
3.812599999999999878e-01 5.002999999999999808e-02
3.812999999999999723e-01 5.057999999999999996e-02
3.813099999999999823e-01 5.113999999999999796e-02
3.813699999999999868e-01 5.170000000000000290e-02
3.813799999999999968e-01 5.224999999999999784e-02
3.814000000000000168e-01 5.281000000000000277e-02
3.814100000000000268e-01 5.335999999999999771e-02
3.814299999999999913e-01 5.392000000000000265e-02
3.814899999999999958e-01 5.446999999999999759e-02
3.815100000000000158e-01 5.503000000000000252e-02
3.815200000000000258e-01 5.559000000000000052e-02
3.815299999999999803e-01 5.614000000000000240e-02
3.815700000000000203e-01 5.670000000000000040e-02
3.815899999999999848e-01 5.725000000000000228e-02
3.815899999999999848e-01 5.781000000000000028e-02
3.815999999999999948e-01 5.836999999999999827e-02
3.815999999999999948e-01 5.892000000000000015e-02
3.816100000000000048e-01 5.947999999999999815e-02
3.816100000000000048e-01 6.003000000000000003e-02
3.816100000000000048e-01 6.058999999999999803e-02
3.816899999999999737e-01 6.115000000000000296e-02
3.817400000000000237e-01 6.169999999999999790e-02
3.817400000000000237e-01 6.226000000000000284e-02
3.817499999999999782e-01 6.281000000000000472e-02
3.817900000000000182e-01 6.336999999999999578e-02
3.818300000000000027e-01 6.392000000000000459e-02
3.818500000000000227e-01 6.447999999999999565e-02
3.818599999999999772e-01 6.504000000000000059e-02
3.819299999999999917e-01 6.558999999999999553e-02
3.819400000000000017e-01 6.615000000000000047e-02
3.819600000000000217e-01 6.669999999999999540e-02
3.820700000000000207e-01 6.726000000000000034e-02
3.820700000000000207e-01 6.782000000000000528e-02
3.821200000000000152e-01 6.837000000000000022e-02
3.821300000000000252e-01 6.893000000000000516e-02
3.821399999999999797e-01 6.948000000000000009e-02
3.821499999999999897e-01 7.004000000000000503e-02
3.822099999999999942e-01 7.058999999999999997e-02
3.822200000000000042e-01 7.115000000000000491e-02
3.822499999999999787e-01 7.170999999999999597e-02
3.822499999999999787e-01 7.226000000000000478e-02
3.822499999999999787e-01 7.281999999999999584e-02
3.822900000000000187e-01 7.337000000000000466e-02
3.822999999999999732e-01 7.392999999999999572e-02
3.823099999999999832e-01 7.449000000000000066e-02
3.823599999999999777e-01 7.503999999999999559e-02
3.823799999999999977e-01 7.560000000000000053e-02
3.824000000000000177e-01 7.614999999999999547e-02
3.824500000000000122e-01 7.671000000000000041e-02
3.824500000000000122e-01 7.727000000000000535e-02
3.824600000000000222e-01 7.782000000000000028e-02
3.824699999999999767e-01 7.838000000000000522e-02
3.824799999999999867e-01 7.893000000000000016e-02
3.824899999999999967e-01 7.949000000000000510e-02
3.825100000000000167e-01 8.004000000000000004e-02
3.825700000000000212e-01 8.060000000000000497e-02
3.826700000000000101e-01 8.115999999999999603e-02
3.826800000000000201e-01 8.171000000000000485e-02
3.826999999999999846e-01 8.226999999999999591e-02
3.826999999999999846e-01 8.282000000000000473e-02
3.827099999999999946e-01 8.337999999999999579e-02
3.827499999999999791e-01 8.394000000000000072e-02
3.827999999999999736e-01 8.448999999999999566e-02
3.828500000000000236e-01 8.505000000000000060e-02
3.828599999999999781e-01 8.559999999999999554e-02
3.828599999999999781e-01 8.616000000000000048e-02
3.828699999999999881e-01 8.670999999999999541e-02
3.828799999999999981e-01 8.727000000000000035e-02
3.829000000000000181e-01 8.783000000000000529e-02
3.829099999999999726e-01 8.838000000000000023e-02
3.829400000000000026e-01 8.894000000000000516e-02
3.829899999999999971e-01 8.949000000000000010e-02
3.830000000000000071e-01 9.005000000000000504e-02
3.830299999999999816e-01 9.060999999999999610e-02
3.830600000000000116e-01 9.116000000000000492e-02
3.830999999999999961e-01 9.171999999999999598e-02
3.831200000000000161e-01 9.227000000000000479e-02
3.831600000000000006e-01 9.282999999999999585e-02
3.832499999999999796e-01 9.339000000000000079e-02
3.833099999999999841e-01 9.393999999999999573e-02
3.833199999999999941e-01 9.450000000000000067e-02
3.833300000000000041e-01 9.504999999999999560e-02
3.833599999999999786e-01 9.561000000000000054e-02
3.834400000000000031e-01 9.615999999999999548e-02
3.834400000000000031e-01 9.672000000000000042e-02
3.834799999999999875e-01 9.728000000000000536e-02
3.835000000000000075e-01 9.783000000000000029e-02
3.835100000000000176e-01 9.839000000000000523e-02
3.835799999999999765e-01 9.894000000000000017e-02
3.836100000000000065e-01 9.950000000000000511e-02
3.836300000000000265e-01 1.000599999999999962e-01
3.836499999999999910e-01 1.006100000000000050e-01
3.836700000000000110e-01 1.011699999999999960e-01
3.836999999999999855e-01 1.017200000000000049e-01
3.837099999999999955e-01 1.022799999999999959e-01
3.837099999999999955e-01 1.028300000000000047e-01
3.837200000000000055e-01 1.033899999999999958e-01
3.837200000000000055e-01 1.039500000000000007e-01
3.837300000000000155e-01 1.044999999999999957e-01
3.837400000000000255e-01 1.050600000000000006e-01
3.837499999999999800e-01 1.056099999999999955e-01
3.837700000000000000e-01 1.061700000000000005e-01
3.837800000000000100e-01 1.067300000000000054e-01
3.837999999999999745e-01 1.072800000000000004e-01
3.838199999999999945e-01 1.078400000000000053e-01
3.838199999999999945e-01 1.083900000000000002e-01
3.838300000000000045e-01 1.089500000000000052e-01
3.838300000000000045e-01 1.095099999999999962e-01
3.838300000000000045e-01 1.100600000000000050e-01
3.838900000000000090e-01 1.106199999999999961e-01
3.839099999999999735e-01 1.111700000000000049e-01
3.839299999999999935e-01 1.117299999999999960e-01
3.839299999999999935e-01 1.122800000000000048e-01
3.839600000000000235e-01 1.128399999999999959e-01
3.839699999999999780e-01 1.134000000000000008e-01
3.840600000000000125e-01 1.139499999999999957e-01
3.841499999999999915e-01 1.145100000000000007e-01
3.841499999999999915e-01 1.150599999999999956e-01
3.841600000000000015e-01 1.156200000000000006e-01
3.841600000000000015e-01 1.161800000000000055e-01
3.841600000000000015e-01 1.167300000000000004e-01
3.841700000000000115e-01 1.172900000000000054e-01
3.841700000000000115e-01 1.178400000000000003e-01
3.841700000000000115e-01 1.184000000000000052e-01
3.841899999999999760e-01 1.189500000000000002e-01
3.841999999999999860e-01 1.195100000000000051e-01
3.842099999999999960e-01 1.200699999999999962e-01
3.842499999999999805e-01 1.206200000000000050e-01
3.842599999999999905e-01 1.211799999999999961e-01
3.842900000000000205e-01 1.217300000000000049e-01
3.842999999999999750e-01 1.222899999999999959e-01
3.842999999999999750e-01 1.228500000000000009e-01
3.843099999999999850e-01 1.233999999999999958e-01
3.843199999999999950e-01 1.239600000000000007e-01
3.843199999999999950e-01 1.245099999999999957e-01
3.843300000000000050e-01 1.250699999999999867e-01
3.843400000000000150e-01 1.256299999999999917e-01
3.843699999999999894e-01 1.261799999999999866e-01
3.844199999999999839e-01 1.267399999999999916e-01
3.844600000000000239e-01 1.272899999999999865e-01
3.845199999999999729e-01 1.278499999999999914e-01
3.845600000000000129e-01 1.283999999999999864e-01
3.845700000000000229e-01 1.289599999999999913e-01
3.845700000000000229e-01 1.295199999999999962e-01
3.846700000000000119e-01 1.300699999999999912e-01
3.846800000000000219e-01 1.306299999999999961e-01
3.846899999999999764e-01 1.311799999999999911e-01
3.847300000000000164e-01 1.317399999999999960e-01
3.847400000000000264e-01 1.323000000000000009e-01
3.847499999999999809e-01 1.328499999999999959e-01
3.847599999999999909e-01 1.334100000000000008e-01
3.847599999999999909e-01 1.339599999999999957e-01
3.847700000000000009e-01 1.345200000000000007e-01
3.848099999999999854e-01 1.350800000000000056e-01
3.848099999999999854e-01 1.356300000000000006e-01
3.848199999999999954e-01 1.361900000000000055e-01
3.848300000000000054e-01 1.367400000000000004e-01
3.848400000000000154e-01 1.373000000000000054e-01
3.848400000000000154e-01 1.378500000000000003e-01
3.848500000000000254e-01 1.384100000000000052e-01
3.848699999999999899e-01 1.389700000000000102e-01
3.848699999999999899e-01 1.395200000000000051e-01
3.848799999999999999e-01 1.400800000000000101e-01
3.848900000000000099e-01 1.406300000000000050e-01
3.849000000000000199e-01 1.411900000000000099e-01
3.849099999999999744e-01 1.417499999999999871e-01
3.849299999999999944e-01 1.423000000000000098e-01
3.849299999999999944e-01 1.428599999999999870e-01
3.849699999999999789e-01 1.434100000000000097e-01
3.849899999999999989e-01 1.439699999999999869e-01
3.850100000000000189e-01 1.445200000000000096e-01
3.850199999999999734e-01 1.450799999999999867e-01
3.850199999999999734e-01 1.456399999999999917e-01
3.850299999999999834e-01 1.461899999999999866e-01
3.850299999999999834e-01 1.467499999999999916e-01
3.850299999999999834e-01 1.472999999999999865e-01
3.850399999999999934e-01 1.478599999999999914e-01
3.850500000000000034e-01 1.484199999999999964e-01
3.850600000000000134e-01 1.489699999999999913e-01
3.850600000000000134e-01 1.495299999999999963e-01
3.850799999999999779e-01 1.500799999999999912e-01
3.851299999999999724e-01 1.506399999999999961e-01
3.851399999999999824e-01 1.512000000000000011e-01
3.852300000000000169e-01 1.517499999999999960e-01
3.852499999999999813e-01 1.523100000000000009e-01
3.852700000000000014e-01 1.528599999999999959e-01
3.852999999999999758e-01 1.534200000000000008e-01
3.853199999999999958e-01 1.539699999999999958e-01
3.853300000000000058e-01 1.545300000000000007e-01
3.853400000000000158e-01 1.550900000000000056e-01
3.853400000000000158e-01 1.556400000000000006e-01
3.853500000000000258e-01 1.562000000000000055e-01
3.853599999999999803e-01 1.567500000000000004e-01
3.854000000000000203e-01 1.573100000000000054e-01
3.854199999999999848e-01 1.578700000000000103e-01
3.854299999999999948e-01 1.584200000000000053e-01
3.854400000000000048e-01 1.589800000000000102e-01
3.854500000000000148e-01 1.595300000000000051e-01
3.854699999999999793e-01 1.600900000000000101e-01
3.855100000000000193e-01 1.606400000000000050e-01
3.855299999999999838e-01 1.612000000000000099e-01
3.855500000000000038e-01 1.617599999999999871e-01
3.855500000000000038e-01 1.623100000000000098e-01
3.855600000000000138e-01 1.628699999999999870e-01
3.855899999999999883e-01 1.634200000000000097e-01
3.855999999999999983e-01 1.639799999999999869e-01
3.856299999999999728e-01 1.645399999999999918e-01
3.856399999999999828e-01 1.650899999999999868e-01
3.856399999999999828e-01 1.656499999999999917e-01
3.856700000000000128e-01 1.661999999999999866e-01
3.856999999999999873e-01 1.667599999999999916e-01
3.856999999999999873e-01 1.673199999999999965e-01
3.857400000000000273e-01 1.678699999999999914e-01
3.857400000000000273e-01 1.684299999999999964e-01
3.857800000000000118e-01 1.689799999999999913e-01
3.857999999999999763e-01 1.695399999999999963e-01
3.858099999999999863e-01 1.700899999999999912e-01
3.858199999999999963e-01 1.706499999999999961e-01
3.858300000000000063e-01 1.712100000000000011e-01
3.858400000000000163e-01 1.717599999999999960e-01
3.858500000000000263e-01 1.723200000000000010e-01
3.858699999999999908e-01 1.728699999999999959e-01
3.858900000000000108e-01 1.734300000000000008e-01
3.859000000000000208e-01 1.739900000000000058e-01
3.859299999999999953e-01 1.745400000000000007e-01
3.859500000000000153e-01 1.751000000000000056e-01
3.859500000000000153e-01 1.756500000000000006e-01
3.859500000000000153e-01 1.762100000000000055e-01
3.860899999999999888e-01 1.767600000000000005e-01
3.860899999999999888e-01 1.773200000000000054e-01
3.860999999999999988e-01 1.778800000000000103e-01
3.861899999999999777e-01 1.784300000000000053e-01
3.862200000000000077e-01 1.789900000000000102e-01
3.862200000000000077e-01 1.795400000000000051e-01
3.862400000000000277e-01 1.801000000000000101e-01
3.862700000000000022e-01 1.806599999999999873e-01
3.862800000000000122e-01 1.812100000000000100e-01
3.862800000000000122e-01 1.817699999999999871e-01
3.863099999999999867e-01 1.823200000000000098e-01
3.863199999999999967e-01 1.828799999999999870e-01
3.863199999999999967e-01 1.834399999999999920e-01
3.863400000000000167e-01 1.839899999999999869e-01
3.863500000000000267e-01 1.845499999999999918e-01
3.863500000000000267e-01 1.850999999999999868e-01
3.863599999999999812e-01 1.856599999999999917e-01
3.863699999999999912e-01 1.862099999999999866e-01
3.863800000000000012e-01 1.867699999999999916e-01
3.863800000000000012e-01 1.873299999999999965e-01
3.863900000000000112e-01 1.878799999999999915e-01
3.863900000000000112e-01 1.884399999999999964e-01
3.864000000000000212e-01 1.889899999999999913e-01
3.864099999999999757e-01 1.895499999999999963e-01
3.864199999999999857e-01 1.901100000000000012e-01
3.864299999999999957e-01 1.906599999999999961e-01
3.864500000000000157e-01 1.912200000000000011e-01
3.864500000000000157e-01 1.917699999999999960e-01
3.864500000000000157e-01 1.923300000000000010e-01
3.864500000000000157e-01 1.928799999999999959e-01
3.864600000000000257e-01 1.934400000000000008e-01
3.864699999999999802e-01 1.940000000000000058e-01
3.864900000000000002e-01 1.945500000000000007e-01
3.864900000000000002e-01 1.951100000000000056e-01
3.865000000000000102e-01 1.956600000000000006e-01
3.865399999999999947e-01 1.962200000000000055e-01
3.865500000000000047e-01 1.967800000000000105e-01
3.865700000000000247e-01 1.973300000000000054e-01
3.866100000000000092e-01 1.978900000000000103e-01
3.866100000000000092e-01 1.984400000000000053e-01
3.866100000000000092e-01 1.990000000000000102e-01
3.866700000000000137e-01 1.995599999999999874e-01
3.866800000000000237e-01 2.001100000000000101e-01
3.866899999999999782e-01 2.006699999999999873e-01
3.866899999999999782e-01 2.012200000000000100e-01
3.866999999999999882e-01 2.017799999999999871e-01
3.867399999999999727e-01 2.023300000000000098e-01
3.867499999999999827e-01 2.028899999999999870e-01
3.867700000000000027e-01 2.034499999999999920e-01
3.867800000000000127e-01 2.039999999999999869e-01
3.868199999999999972e-01 2.045599999999999918e-01
3.868300000000000072e-01 2.051099999999999868e-01
3.868500000000000272e-01 2.056699999999999917e-01
3.868900000000000117e-01 2.062299999999999967e-01
3.869400000000000062e-01 2.067799999999999916e-01
3.869400000000000062e-01 2.073399999999999965e-01
3.869600000000000262e-01 2.078899999999999915e-01
3.869699999999999807e-01 2.084499999999999964e-01
3.869900000000000007e-01 2.089999999999999913e-01
3.871299999999999741e-01 2.095599999999999963e-01
3.871299999999999741e-01 2.101200000000000012e-01
3.871399999999999841e-01 2.106699999999999962e-01
3.871499999999999941e-01 2.112300000000000011e-01
3.871899999999999786e-01 2.117799999999999960e-01
3.872300000000000186e-01 2.123400000000000010e-01
3.872499999999999831e-01 2.129000000000000059e-01
3.872599999999999931e-01 2.134500000000000008e-01
3.872599999999999931e-01 2.140100000000000058e-01
3.872700000000000031e-01 2.145600000000000007e-01
3.872800000000000131e-01 2.151200000000000057e-01
3.872900000000000231e-01 2.156800000000000106e-01
3.872900000000000231e-01 2.162300000000000055e-01
3.872999999999999776e-01 2.167900000000000105e-01
3.872999999999999776e-01 2.173400000000000054e-01
3.873199999999999976e-01 2.179000000000000103e-01
3.873300000000000076e-01 2.184500000000000053e-01
3.873300000000000076e-01 2.190100000000000102e-01
3.873400000000000176e-01 2.195699999999999874e-01
3.873500000000000276e-01 2.201200000000000101e-01
3.873599999999999821e-01 2.206799999999999873e-01
3.873699999999999921e-01 2.212300000000000100e-01
3.873800000000000021e-01 2.217899999999999872e-01
3.873800000000000021e-01 2.223499999999999921e-01
3.873800000000000021e-01 2.228999999999999870e-01
3.874199999999999866e-01 2.234599999999999920e-01
3.874600000000000266e-01 2.240099999999999869e-01
3.874600000000000266e-01 2.245699999999999918e-01
3.874699999999999811e-01 2.251299999999999968e-01
3.874799999999999911e-01 2.256799999999999917e-01
3.875100000000000211e-01 2.262399999999999967e-01
3.875100000000000211e-01 2.267899999999999916e-01
3.875199999999999756e-01 2.273499999999999965e-01
3.875500000000000056e-01 2.278999999999999915e-01
3.875799999999999801e-01 2.284599999999999964e-01
3.875899999999999901e-01 2.290200000000000014e-01
3.876100000000000101e-01 2.295699999999999963e-01
3.876600000000000046e-01 2.301300000000000012e-01
3.876700000000000146e-01 2.306799999999999962e-01
3.876700000000000146e-01 2.312400000000000011e-01
3.876700000000000146e-01 2.318000000000000060e-01
3.876700000000000146e-01 2.323500000000000010e-01
3.876800000000000246e-01 2.329100000000000059e-01
3.876999999999999891e-01 2.334600000000000009e-01
3.877099999999999991e-01 2.340200000000000058e-01
3.877200000000000091e-01 2.345700000000000007e-01
3.877300000000000191e-01 2.351300000000000057e-01
3.877300000000000191e-01 2.356900000000000106e-01
3.877399999999999736e-01 2.362400000000000055e-01
3.877700000000000036e-01 2.368000000000000105e-01
3.877800000000000136e-01 2.373500000000000054e-01
3.877900000000000236e-01 2.379100000000000104e-01
3.877900000000000236e-01 2.384699999999999875e-01
3.878099999999999881e-01 2.390200000000000102e-01
3.878099999999999881e-01 2.395799999999999874e-01
3.878199999999999981e-01 2.401300000000000101e-01
3.878300000000000081e-01 2.406899999999999873e-01
3.878400000000000181e-01 2.412499999999999922e-01
3.878400000000000181e-01 2.417999999999999872e-01
3.878400000000000181e-01 2.423599999999999921e-01
3.878499999999999726e-01 2.429099999999999870e-01
3.878699999999999926e-01 2.434699999999999920e-01
3.878699999999999926e-01 2.440199999999999869e-01
3.878800000000000026e-01 2.445799999999999919e-01
3.878800000000000026e-01 2.451399999999999968e-01
3.879000000000000226e-01 2.456899999999999917e-01
3.879099999999999770e-01 2.462499999999999967e-01
3.879299999999999971e-01 2.467999999999999916e-01
3.879500000000000171e-01 2.473599999999999965e-01
3.879799999999999915e-01 2.479200000000000015e-01
3.879900000000000015e-01 2.484699999999999964e-01
3.880100000000000215e-01 2.490300000000000014e-01
3.880500000000000060e-01 2.495799999999999963e-01
3.880600000000000160e-01 2.501399999999999735e-01
3.880600000000000160e-01 2.506900000000000239e-01
3.880700000000000260e-01 2.512499999999999734e-01
3.880700000000000260e-01 2.518099999999999783e-01
3.880799999999999805e-01 2.523599999999999732e-01
3.881000000000000005e-01 2.529199999999999782e-01
3.881100000000000105e-01 2.534699999999999731e-01
3.881200000000000205e-01 2.540299999999999780e-01
3.881200000000000205e-01 2.545899999999999830e-01
3.881499999999999950e-01 2.551399999999999779e-01
3.881600000000000050e-01 2.556999999999999829e-01
3.881800000000000250e-01 2.562499999999999778e-01
3.881800000000000250e-01 2.568099999999999827e-01
3.881999999999999895e-01 2.573699999999999877e-01
3.882399999999999740e-01 2.579199999999999826e-01
3.882499999999999840e-01 2.584799999999999875e-01
3.882599999999999940e-01 2.590299999999999825e-01
3.882599999999999940e-01 2.595899999999999874e-01
3.882599999999999940e-01 2.601399999999999824e-01
3.883099999999999885e-01 2.606999999999999873e-01
3.883099999999999885e-01 2.612599999999999922e-01
3.883499999999999730e-01 2.618099999999999872e-01
3.883499999999999730e-01 2.623699999999999921e-01
3.883499999999999730e-01 2.629199999999999871e-01
3.883800000000000030e-01 2.634799999999999920e-01
3.883800000000000030e-01 2.640399999999999969e-01
3.883900000000000130e-01 2.645899999999999919e-01
3.884099999999999775e-01 2.651499999999999968e-01
3.884099999999999775e-01 2.656999999999999917e-01
3.884299999999999975e-01 2.662599999999999967e-01
3.884400000000000075e-01 2.668099999999999916e-01
3.884400000000000075e-01 2.673699999999999966e-01
3.884500000000000175e-01 2.679300000000000015e-01
3.884500000000000175e-01 2.684799999999999964e-01
3.884799999999999920e-01 2.690400000000000014e-01
3.885299999999999865e-01 2.695899999999999963e-01
3.885399999999999965e-01 2.701500000000000012e-01
3.885500000000000065e-01 2.707100000000000062e-01
3.885700000000000265e-01 2.712600000000000011e-01
3.885700000000000265e-01 2.718200000000000061e-01
3.885799999999999810e-01 2.723700000000000010e-01
3.885899999999999910e-01 2.729300000000000059e-01
3.886000000000000010e-01 2.734900000000000109e-01
3.886299999999999755e-01 2.740400000000000058e-01
3.886399999999999855e-01 2.746000000000000107e-01
3.886499999999999955e-01 2.751500000000000057e-01
3.886499999999999955e-01 2.757100000000000106e-01
3.886499999999999955e-01 2.762600000000000056e-01
3.886700000000000155e-01 2.768200000000000105e-01
3.886899999999999800e-01 2.773800000000000154e-01
3.886899999999999800e-01 2.779300000000000104e-01
3.886999999999999900e-01 2.784900000000000153e-01
3.887100000000000000e-01 2.790400000000000102e-01
3.887300000000000200e-01 2.796000000000000152e-01
3.887399999999999745e-01 2.801600000000000201e-01
3.887399999999999745e-01 2.807100000000000151e-01
3.887700000000000045e-01 2.812700000000000200e-01
3.887700000000000045e-01 2.818200000000000149e-01
3.887700000000000045e-01 2.823800000000000199e-01
3.887800000000000145e-01 2.829300000000000148e-01
3.888099999999999890e-01 2.834900000000000198e-01
3.888599999999999834e-01 2.840500000000000247e-01
3.888699999999999934e-01 2.846000000000000196e-01
3.889000000000000234e-01 2.851600000000000246e-01
3.889199999999999879e-01 2.857100000000000195e-01
3.889299999999999979e-01 2.862700000000000244e-01
3.889299999999999979e-01 2.868299999999999739e-01
3.889400000000000079e-01 2.873800000000000243e-01
3.889599999999999724e-01 2.879399999999999737e-01
3.889699999999999824e-01 2.884900000000000242e-01
3.889699999999999824e-01 2.890499999999999736e-01
3.889699999999999824e-01 2.896099999999999786e-01
3.889699999999999824e-01 2.901599999999999735e-01
3.889699999999999824e-01 2.907199999999999784e-01
3.889799999999999924e-01 2.912699999999999734e-01
3.889900000000000024e-01 2.918299999999999783e-01
3.890199999999999769e-01 2.923799999999999732e-01
3.890399999999999969e-01 2.929399999999999782e-01
3.890500000000000069e-01 2.934999999999999831e-01
3.890500000000000069e-01 2.940499999999999781e-01
3.890600000000000169e-01 2.946099999999999830e-01
3.890700000000000269e-01 2.951599999999999779e-01
3.890899999999999914e-01 2.957199999999999829e-01
3.891100000000000114e-01 2.962799999999999878e-01
3.891200000000000214e-01 2.968299999999999828e-01
3.891299999999999759e-01 2.973899999999999877e-01
3.891600000000000059e-01 2.979399999999999826e-01
3.891800000000000259e-01 2.984999999999999876e-01
3.891800000000000259e-01 2.990599999999999925e-01
3.891899999999999804e-01 2.996099999999999874e-01
3.892300000000000204e-01 3.001699999999999924e-01
3.892300000000000204e-01 3.007199999999999873e-01
3.892300000000000204e-01 3.012799999999999923e-01
3.892399999999999749e-01 3.018299999999999872e-01
3.892399999999999749e-01 3.023899999999999921e-01
3.892599999999999949e-01 3.029499999999999971e-01
3.892700000000000049e-01 3.034999999999999920e-01
3.892800000000000149e-01 3.040599999999999969e-01
3.892800000000000149e-01 3.046099999999999919e-01
3.892900000000000249e-01 3.051699999999999968e-01
3.892900000000000249e-01 3.057300000000000018e-01
3.893099999999999894e-01 3.062799999999999967e-01
3.893099999999999894e-01 3.068400000000000016e-01
3.893099999999999894e-01 3.073899999999999966e-01
3.893099999999999894e-01 3.079500000000000015e-01
3.893300000000000094e-01 3.084999999999999964e-01
3.893300000000000094e-01 3.090600000000000014e-01
3.893400000000000194e-01 3.096200000000000063e-01
3.893400000000000194e-01 3.101700000000000013e-01
3.893499999999999739e-01 3.107300000000000062e-01
3.893499999999999739e-01 3.112800000000000011e-01
3.894099999999999784e-01 3.118400000000000061e-01
3.894099999999999784e-01 3.124000000000000110e-01
3.894099999999999784e-01 3.129500000000000060e-01
3.894199999999999884e-01 3.135100000000000109e-01
3.894199999999999884e-01 3.140600000000000058e-01
3.894199999999999884e-01 3.146200000000000108e-01
3.894500000000000184e-01 3.151800000000000157e-01
3.894500000000000184e-01 3.157300000000000106e-01
3.894699999999999829e-01 3.162900000000000156e-01
3.894900000000000029e-01 3.168400000000000105e-01
3.894900000000000029e-01 3.174000000000000155e-01
3.895000000000000129e-01 3.179500000000000104e-01
3.895199999999999774e-01 3.185100000000000153e-01
3.895199999999999774e-01 3.190700000000000203e-01
3.895299999999999874e-01 3.196200000000000152e-01
3.895399999999999974e-01 3.201800000000000201e-01
3.895500000000000074e-01 3.207300000000000151e-01
3.895600000000000174e-01 3.212900000000000200e-01
3.895600000000000174e-01 3.218500000000000250e-01
3.896000000000000019e-01 3.224000000000000199e-01
3.896399999999999864e-01 3.229600000000000248e-01
3.896499999999999964e-01 3.235100000000000198e-01
3.896700000000000164e-01 3.240700000000000247e-01
3.896700000000000164e-01 3.246200000000000196e-01
3.896800000000000264e-01 3.251800000000000246e-01
3.896899999999999809e-01 3.257399999999999740e-01
3.896899999999999809e-01 3.262900000000000245e-01
3.896899999999999809e-01 3.268499999999999739e-01
3.897100000000000009e-01 3.274000000000000243e-01
3.897100000000000009e-01 3.279599999999999738e-01
3.897200000000000109e-01 3.285199999999999787e-01
3.897399999999999753e-01 3.290699999999999736e-01
3.897499999999999853e-01 3.296299999999999786e-01
3.897499999999999853e-01 3.301799999999999735e-01
3.897599999999999953e-01 3.307399999999999785e-01
3.897700000000000053e-01 3.312999999999999834e-01
3.897700000000000053e-01 3.318499999999999783e-01
3.897800000000000153e-01 3.324099999999999833e-01
3.897900000000000253e-01 3.329599999999999782e-01
3.897900000000000253e-01 3.335199999999999831e-01
3.897900000000000253e-01 3.340699999999999781e-01
3.897900000000000253e-01 3.346299999999999830e-01
3.897999999999999798e-01 3.351899999999999880e-01
3.897999999999999798e-01 3.357399999999999829e-01
3.898099999999999898e-01 3.362999999999999878e-01
3.898199999999999998e-01 3.368499999999999828e-01
3.898699999999999943e-01 3.374099999999999877e-01
3.898900000000000143e-01 3.379699999999999926e-01
3.899000000000000243e-01 3.385199999999999876e-01
3.899199999999999888e-01 3.390799999999999925e-01
3.899199999999999888e-01 3.396299999999999875e-01
3.899400000000000088e-01 3.401899999999999924e-01
3.899500000000000188e-01 3.407399999999999873e-01
3.899500000000000188e-01 3.412999999999999923e-01
3.899599999999999733e-01 3.418599999999999972e-01
3.899599999999999733e-01 3.424099999999999921e-01
3.899699999999999833e-01 3.429699999999999971e-01
3.899799999999999933e-01 3.435199999999999920e-01
3.900000000000000133e-01 3.440799999999999970e-01
3.900000000000000133e-01 3.446400000000000019e-01
3.900000000000000133e-01 3.451899999999999968e-01
3.900199999999999778e-01 3.457500000000000018e-01
3.900299999999999878e-01 3.462999999999999967e-01
3.900399999999999978e-01 3.468600000000000017e-01
3.900399999999999978e-01 3.474200000000000066e-01
3.900600000000000178e-01 3.479700000000000015e-01
3.900600000000000178e-01 3.485300000000000065e-01
3.900699999999999723e-01 3.490800000000000014e-01
3.900899999999999923e-01 3.496400000000000063e-01
3.900899999999999923e-01 3.501900000000000013e-01
3.901000000000000023e-01 3.507500000000000062e-01
3.901100000000000123e-01 3.513100000000000112e-01
3.901200000000000223e-01 3.518600000000000061e-01
3.901200000000000223e-01 3.524200000000000110e-01
3.901299999999999768e-01 3.529700000000000060e-01
3.901399999999999868e-01 3.535300000000000109e-01
3.901499999999999968e-01 3.540900000000000158e-01
3.901600000000000068e-01 3.546400000000000108e-01
3.901600000000000068e-01 3.552000000000000157e-01
3.901700000000000168e-01 3.557500000000000107e-01
3.901700000000000168e-01 3.563100000000000156e-01
3.902100000000000013e-01 3.568600000000000105e-01
3.902300000000000213e-01 3.574200000000000155e-01
3.902599999999999958e-01 3.579800000000000204e-01
3.902800000000000158e-01 3.585300000000000153e-01
3.902999999999999803e-01 3.590900000000000203e-01
3.902999999999999803e-01 3.596400000000000152e-01
3.902999999999999803e-01 3.602000000000000202e-01
3.903099999999999903e-01 3.607600000000000251e-01
3.903200000000000003e-01 3.613100000000000200e-01
3.903200000000000003e-01 3.618700000000000250e-01
3.903300000000000103e-01 3.624200000000000199e-01
3.903400000000000203e-01 3.629800000000000249e-01
3.903499999999999748e-01 3.635399999999999743e-01
3.903599999999999848e-01 3.640900000000000247e-01
3.903699999999999948e-01 3.646499999999999742e-01
3.903800000000000048e-01 3.652000000000000246e-01
3.903800000000000048e-01 3.657599999999999740e-01
3.903800000000000048e-01 3.663100000000000245e-01
3.903900000000000148e-01 3.668699999999999739e-01
3.903900000000000148e-01 3.674299999999999788e-01
3.904000000000000248e-01 3.679799999999999738e-01
3.904000000000000248e-01 3.685399999999999787e-01
3.904099999999999793e-01 3.690899999999999737e-01
3.904400000000000093e-01 3.696499999999999786e-01
3.904599999999999738e-01 3.702099999999999835e-01
3.904599999999999738e-01 3.707599999999999785e-01
3.904799999999999938e-01 3.713199999999999834e-01
3.905000000000000138e-01 3.718699999999999783e-01
3.905000000000000138e-01 3.724299999999999833e-01
3.905100000000000238e-01 3.729799999999999782e-01
3.905299999999999883e-01 3.735399999999999832e-01
3.905399999999999983e-01 3.740999999999999881e-01
3.905399999999999983e-01 3.746499999999999830e-01
3.905600000000000183e-01 3.752099999999999880e-01
3.905600000000000183e-01 3.757599999999999829e-01
3.905600000000000183e-01 3.763199999999999878e-01
3.905799999999999828e-01 3.768799999999999928e-01
3.906200000000000228e-01 3.774299999999999877e-01
3.906200000000000228e-01 3.779899999999999927e-01
3.906399999999999872e-01 3.785399999999999876e-01
3.906399999999999872e-01 3.790999999999999925e-01
3.906499999999999972e-01 3.796599999999999975e-01
3.906499999999999972e-01 3.802099999999999924e-01
3.906499999999999972e-01 3.807699999999999974e-01
3.906700000000000172e-01 3.813199999999999923e-01
3.906700000000000172e-01 3.818799999999999972e-01
3.906700000000000172e-01 3.824299999999999922e-01
3.907100000000000017e-01 3.829899999999999971e-01
3.907399999999999762e-01 3.835500000000000020e-01
3.907399999999999762e-01 3.840999999999999970e-01
3.907499999999999862e-01 3.846600000000000019e-01
3.907499999999999862e-01 3.852099999999999969e-01
3.907499999999999862e-01 3.857700000000000018e-01
3.907499999999999862e-01 3.863300000000000067e-01
3.907599999999999962e-01 3.868800000000000017e-01
3.907700000000000062e-01 3.874400000000000066e-01
3.907700000000000062e-01 3.879900000000000015e-01
3.907800000000000162e-01 3.885500000000000065e-01
3.907900000000000262e-01 3.891100000000000114e-01
3.907900000000000262e-01 3.896600000000000064e-01
3.908099999999999907e-01 3.902200000000000113e-01
3.908099999999999907e-01 3.907700000000000062e-01
3.908200000000000007e-01 3.913300000000000112e-01
3.908599999999999852e-01 3.918800000000000061e-01
3.908800000000000052e-01 3.924400000000000110e-01
3.908800000000000052e-01 3.930000000000000160e-01
3.908900000000000152e-01 3.935500000000000109e-01
3.908900000000000152e-01 3.941100000000000159e-01
3.909000000000000252e-01 3.946600000000000108e-01
3.909099999999999797e-01 3.952200000000000157e-01
3.909099999999999797e-01 3.957800000000000207e-01
3.909299999999999997e-01 3.963300000000000156e-01
3.909299999999999997e-01 3.968900000000000206e-01
3.909299999999999997e-01 3.974400000000000155e-01
3.909500000000000197e-01 3.980000000000000204e-01
3.909699999999999842e-01 3.985500000000000154e-01
3.909699999999999842e-01 3.991100000000000203e-01
3.909799999999999942e-01 3.996700000000000252e-01
3.909799999999999942e-01 4.002200000000000202e-01
3.909900000000000042e-01 4.007800000000000251e-01
3.909900000000000042e-01 4.013300000000000201e-01
3.909900000000000042e-01 4.018900000000000250e-01
3.909900000000000042e-01 4.024499999999999744e-01
3.910000000000000142e-01 4.030000000000000249e-01
3.910100000000000242e-01 4.035599999999999743e-01
3.910100000000000242e-01 4.041100000000000247e-01
3.910199999999999787e-01 4.046699999999999742e-01
3.910299999999999887e-01 4.052299999999999791e-01
3.910399999999999987e-01 4.057799999999999740e-01
3.911000000000000032e-01 4.063399999999999790e-01
3.911100000000000132e-01 4.068899999999999739e-01
3.911600000000000077e-01 4.074499999999999789e-01
3.911800000000000277e-01 4.079999999999999738e-01
3.911999999999999922e-01 4.085599999999999787e-01
3.912200000000000122e-01 4.091199999999999837e-01
3.912300000000000222e-01 4.096699999999999786e-01
3.912399999999999767e-01 4.102299999999999836e-01
3.912599999999999967e-01 4.107799999999999785e-01
3.912700000000000067e-01 4.113399999999999834e-01
3.912900000000000267e-01 4.118999999999999884e-01
3.912999999999999812e-01 4.124499999999999833e-01
3.912999999999999812e-01 4.130099999999999882e-01
3.913400000000000212e-01 4.135599999999999832e-01
3.913400000000000212e-01 4.141199999999999881e-01
3.913499999999999757e-01 4.146699999999999831e-01
3.913499999999999757e-01 4.152299999999999880e-01
3.913599999999999857e-01 4.157899999999999929e-01
3.914099999999999802e-01 4.163399999999999879e-01
3.914199999999999902e-01 4.168999999999999928e-01
3.914300000000000002e-01 4.174499999999999877e-01
3.914400000000000102e-01 4.180099999999999927e-01
3.914500000000000202e-01 4.185699999999999976e-01
3.914500000000000202e-01 4.191199999999999926e-01
3.914500000000000202e-01 4.196799999999999975e-01
3.914699999999999847e-01 4.202299999999999924e-01
3.914799999999999947e-01 4.207899999999999974e-01
3.914799999999999947e-01 4.213500000000000023e-01
3.914900000000000047e-01 4.218999999999999972e-01
3.915000000000000147e-01 4.224600000000000022e-01
3.915000000000000147e-01 4.230099999999999971e-01
3.915000000000000147e-01 4.235700000000000021e-01
3.915199999999999791e-01 4.241199999999999970e-01
3.915600000000000191e-01 4.246800000000000019e-01
3.915699999999999736e-01 4.252400000000000069e-01
3.915699999999999736e-01 4.257900000000000018e-01
3.915899999999999936e-01 4.263500000000000068e-01
3.916200000000000236e-01 4.269000000000000017e-01
3.916299999999999781e-01 4.274600000000000066e-01
3.916399999999999881e-01 4.280200000000000116e-01
3.916399999999999881e-01 4.285700000000000065e-01
3.916399999999999881e-01 4.291300000000000114e-01
3.916700000000000181e-01 4.296800000000000064e-01
3.916799999999999726e-01 4.302400000000000113e-01
3.916799999999999726e-01 4.307900000000000063e-01
3.917100000000000026e-01 4.313500000000000112e-01
3.917200000000000126e-01 4.319100000000000161e-01
3.917300000000000226e-01 4.324600000000000111e-01
3.917700000000000071e-01 4.330200000000000160e-01
3.917700000000000071e-01 4.335700000000000109e-01
3.917999999999999816e-01 4.341300000000000159e-01
3.918099999999999916e-01 4.346900000000000208e-01
3.918099999999999916e-01 4.352400000000000158e-01
3.918300000000000116e-01 4.358000000000000207e-01
3.918300000000000116e-01 4.363500000000000156e-01
3.918699999999999961e-01 4.369100000000000206e-01
3.918699999999999961e-01 4.374700000000000255e-01
3.918800000000000061e-01 4.380200000000000204e-01
3.918900000000000161e-01 4.385800000000000254e-01
3.919199999999999906e-01 4.391300000000000203e-01
3.919199999999999906e-01 4.396900000000000253e-01
3.919199999999999906e-01 4.402400000000000202e-01
3.919300000000000006e-01 4.408000000000000251e-01
3.919300000000000006e-01 4.413599999999999746e-01
3.919400000000000106e-01 4.419100000000000250e-01
3.919599999999999751e-01 4.424699999999999744e-01
3.919699999999999851e-01 4.430200000000000249e-01
3.919699999999999851e-01 4.435799999999999743e-01
3.919900000000000051e-01 4.441399999999999793e-01
3.919900000000000051e-01 4.446899999999999742e-01
3.919900000000000051e-01 4.452499999999999791e-01
3.920000000000000151e-01 4.457999999999999741e-01
3.920199999999999796e-01 4.463599999999999790e-01
3.920199999999999796e-01 4.469099999999999739e-01
3.920199999999999796e-01 4.474699999999999789e-01
3.920399999999999996e-01 4.480299999999999838e-01
3.920399999999999996e-01 4.485799999999999788e-01
3.920399999999999996e-01 4.491399999999999837e-01
3.920399999999999996e-01 4.496899999999999786e-01
3.920399999999999996e-01 4.502499999999999836e-01
3.920500000000000096e-01 4.508099999999999885e-01
3.920600000000000196e-01 4.513599999999999834e-01
3.920699999999999741e-01 4.519199999999999884e-01
3.920899999999999941e-01 4.524699999999999833e-01
3.921200000000000241e-01 4.530299999999999883e-01
3.921299999999999786e-01 4.535899999999999932e-01
3.921299999999999786e-01 4.541399999999999881e-01
3.921700000000000186e-01 4.546999999999999931e-01
3.921700000000000186e-01 4.552499999999999880e-01
3.921999999999999931e-01 4.558099999999999929e-01
3.922100000000000031e-01 4.563599999999999879e-01
3.922399999999999776e-01 4.569199999999999928e-01
3.922399999999999776e-01 4.574799999999999978e-01
3.922499999999999876e-01 4.580299999999999927e-01
3.922599999999999976e-01 4.585899999999999976e-01
3.922999999999999821e-01 4.591399999999999926e-01
3.922999999999999821e-01 4.596999999999999975e-01
3.923099999999999921e-01 4.602600000000000025e-01
3.923099999999999921e-01 4.608099999999999974e-01
3.923499999999999766e-01 4.613700000000000023e-01
3.923599999999999866e-01 4.619199999999999973e-01
3.923900000000000166e-01 4.624800000000000022e-01
3.923900000000000166e-01 4.630400000000000071e-01
3.924000000000000266e-01 4.635900000000000021e-01
3.924099999999999810e-01 4.641500000000000070e-01
3.924099999999999810e-01 4.647000000000000020e-01
3.924099999999999810e-01 4.652600000000000069e-01
3.924099999999999810e-01 4.658100000000000018e-01
3.924400000000000110e-01 4.663700000000000068e-01
3.924500000000000210e-01 4.669300000000000117e-01
3.924500000000000210e-01 4.674800000000000066e-01
3.925100000000000255e-01 4.680400000000000116e-01
3.925100000000000255e-01 4.685900000000000065e-01
3.925299999999999900e-01 4.691500000000000115e-01
3.925299999999999900e-01 4.697100000000000164e-01
3.925600000000000200e-01 4.702600000000000113e-01
3.925799999999999845e-01 4.708200000000000163e-01
3.925899999999999945e-01 4.713700000000000112e-01
3.926000000000000045e-01 4.719300000000000161e-01
3.926299999999999790e-01 4.724800000000000111e-01
3.926299999999999790e-01 4.730400000000000160e-01
3.926299999999999790e-01 4.736000000000000210e-01
3.926600000000000090e-01 4.741500000000000159e-01
3.926999999999999935e-01 4.747100000000000208e-01
3.927100000000000035e-01 4.752600000000000158e-01
3.927499999999999880e-01 4.758200000000000207e-01
3.927499999999999880e-01 4.763800000000000257e-01
3.927599999999999980e-01 4.769300000000000206e-01
3.927700000000000080e-01 4.774900000000000255e-01
3.927700000000000080e-01 4.780400000000000205e-01
3.927700000000000080e-01 4.786000000000000254e-01
3.927999999999999825e-01 4.791599999999999748e-01
3.927999999999999825e-01 4.797100000000000253e-01
3.928200000000000025e-01 4.802699999999999747e-01
3.928499999999999770e-01 4.808200000000000252e-01
3.928599999999999870e-01 4.813799999999999746e-01
3.928699999999999970e-01 4.819300000000000250e-01
3.929000000000000270e-01 4.824899999999999745e-01
3.929099999999999815e-01 4.830499999999999794e-01
3.929099999999999815e-01 4.835999999999999743e-01
3.929099999999999815e-01 4.841599999999999793e-01
3.929199999999999915e-01 4.847099999999999742e-01
3.929199999999999915e-01 4.852699999999999791e-01
3.929300000000000015e-01 4.858299999999999841e-01
3.929500000000000215e-01 4.863799999999999790e-01
3.929799999999999960e-01 4.869399999999999840e-01
3.929900000000000060e-01 4.874899999999999789e-01
3.929900000000000060e-01 4.880499999999999838e-01
3.930100000000000260e-01 4.885999999999999788e-01
3.930199999999999805e-01 4.891599999999999837e-01
3.930199999999999805e-01 4.897199999999999886e-01
3.930299999999999905e-01 4.902699999999999836e-01
3.930299999999999905e-01 4.908299999999999885e-01
3.930400000000000005e-01 4.913799999999999835e-01
3.930500000000000105e-01 4.919399999999999884e-01
3.930500000000000105e-01 4.924999999999999933e-01
3.930500000000000105e-01 4.930499999999999883e-01
3.930699999999999750e-01 4.936099999999999932e-01
3.930899999999999950e-01 4.941599999999999882e-01
3.931200000000000250e-01 4.947199999999999931e-01
3.931200000000000250e-01 4.952799999999999980e-01
3.931299999999999795e-01 4.958299999999999930e-01
3.931399999999999895e-01 4.963899999999999979e-01
3.931499999999999995e-01 4.969399999999999928e-01
3.931600000000000095e-01 4.974999999999999978e-01
3.931700000000000195e-01 4.980499999999999927e-01
3.931899999999999840e-01 4.986099999999999977e-01
3.932100000000000040e-01 4.991700000000000026e-01
3.932100000000000040e-01 4.997199999999999975e-01
3.932399999999999785e-01 5.002799999999999470e-01
3.932599999999999985e-01 5.008299999999999974e-01
3.932700000000000085e-01 5.013900000000000023e-01
3.932999999999999829e-01 5.019500000000000073e-01
3.932999999999999829e-01 5.024999999999999467e-01
3.933099999999999929e-01 5.030599999999999516e-01
3.933099999999999929e-01 5.036100000000000021e-01
3.933200000000000029e-01 5.041700000000000070e-01
3.933200000000000029e-01 5.047199999999999465e-01
3.933300000000000129e-01 5.052799999999999514e-01
3.933400000000000230e-01 5.058399999999999563e-01
3.933499999999999774e-01 5.063900000000000068e-01
3.933499999999999774e-01 5.069500000000000117e-01
3.933499999999999774e-01 5.074999999999999512e-01
3.933599999999999874e-01 5.080599999999999561e-01
3.933599999999999874e-01 5.086199999999999610e-01
3.933699999999999974e-01 5.091700000000000115e-01
3.933800000000000074e-01 5.097300000000000164e-01
3.933800000000000074e-01 5.102799999999999558e-01
3.934000000000000274e-01 5.108399999999999608e-01
3.934000000000000274e-01 5.113999999999999657e-01
3.934300000000000019e-01 5.119500000000000162e-01
3.934500000000000219e-01 5.125100000000000211e-01
3.934599999999999764e-01 5.130599999999999605e-01
3.934699999999999864e-01 5.136199999999999655e-01
3.934799999999999964e-01 5.141700000000000159e-01
3.934900000000000064e-01 5.147300000000000209e-01
3.935000000000000164e-01 5.152900000000000258e-01
3.935000000000000164e-01 5.158399999999999652e-01
3.935100000000000264e-01 5.163999999999999702e-01
3.935299999999999909e-01 5.169500000000000206e-01
3.935899999999999954e-01 5.175100000000000255e-01
3.936000000000000054e-01 5.180700000000000305e-01
3.936000000000000054e-01 5.186199999999999699e-01
3.936200000000000254e-01 5.191799999999999748e-01
3.936299999999999799e-01 5.197300000000000253e-01
3.936399999999999899e-01 5.202900000000000302e-01
3.936399999999999899e-01 5.208399999999999697e-01
3.936499999999999999e-01 5.213999999999999746e-01
3.936799999999999744e-01 5.219599999999999795e-01
3.936899999999999844e-01 5.225100000000000300e-01
3.936999999999999944e-01 5.230700000000000349e-01
3.937499999999999889e-01 5.236199999999999743e-01
3.937800000000000189e-01 5.241799999999999793e-01
3.937800000000000189e-01 5.247399999999999842e-01
3.938099999999999934e-01 5.252900000000000347e-01
3.938300000000000134e-01 5.258500000000000396e-01
3.938400000000000234e-01 5.263999999999999790e-01
3.938499999999999779e-01 5.269599999999999840e-01
3.938699999999999979e-01 5.275199999999999889e-01
3.938699999999999979e-01 5.280700000000000394e-01
3.938800000000000079e-01 5.286300000000000443e-01
3.938999999999999724e-01 5.291799999999999837e-01
3.939300000000000024e-01 5.297399999999999887e-01
3.939300000000000024e-01 5.302900000000000391e-01
3.939300000000000024e-01 5.308500000000000441e-01
3.939400000000000124e-01 5.314100000000000490e-01
3.939400000000000124e-01 5.319599999999999884e-01
3.939500000000000224e-01 5.325199999999999934e-01
3.939599999999999769e-01 5.330700000000000438e-01
3.939599999999999769e-01 5.336300000000000487e-01
3.939699999999999869e-01 5.341900000000000537e-01
3.939699999999999869e-01 5.347399999999999931e-01
3.939699999999999869e-01 5.352999999999999980e-01
3.939699999999999869e-01 5.358500000000000485e-01
3.939699999999999869e-01 5.364100000000000534e-01
3.940000000000000169e-01 5.369599999999999929e-01
3.940199999999999814e-01 5.375199999999999978e-01
3.940600000000000214e-01 5.380800000000000027e-01
3.940799999999999859e-01 5.386300000000000532e-01
3.940899999999999959e-01 5.391899999999999471e-01
3.941100000000000159e-01 5.397399999999999975e-01
3.941200000000000259e-01 5.403000000000000025e-01
3.941200000000000259e-01 5.408600000000000074e-01
3.941500000000000004e-01 5.414099999999999469e-01
3.941500000000000004e-01 5.419699999999999518e-01
3.941600000000000104e-01 5.425200000000000022e-01
3.941700000000000204e-01 5.430800000000000072e-01
3.941700000000000204e-01 5.436400000000000121e-01
3.942200000000000149e-01 5.441899999999999515e-01
3.942300000000000249e-01 5.447499999999999565e-01
3.942300000000000249e-01 5.453000000000000069e-01
3.942399999999999793e-01 5.458600000000000119e-01
3.942399999999999793e-01 5.464099999999999513e-01
3.942399999999999793e-01 5.469699999999999562e-01
3.942499999999999893e-01 5.475299999999999612e-01
3.942499999999999893e-01 5.480800000000000116e-01
3.942599999999999993e-01 5.486400000000000166e-01
3.942700000000000093e-01 5.491899999999999560e-01
3.942800000000000193e-01 5.497499999999999609e-01
3.942899999999999738e-01 5.503099999999999659e-01
3.942899999999999738e-01 5.508600000000000163e-01
3.943300000000000138e-01 5.514200000000000212e-01
3.943300000000000138e-01 5.519699999999999607e-01
3.943499999999999783e-01 5.525299999999999656e-01
3.943999999999999728e-01 5.530899999999999705e-01
3.944099999999999828e-01 5.536400000000000210e-01
3.944199999999999928e-01 5.542000000000000259e-01
3.944300000000000028e-01 5.547499999999999654e-01
3.944599999999999773e-01 5.553099999999999703e-01
3.944799999999999973e-01 5.558600000000000207e-01
3.944900000000000073e-01 5.564200000000000257e-01
3.945000000000000173e-01 5.569800000000000306e-01
3.945000000000000173e-01 5.575299999999999701e-01
3.945100000000000273e-01 5.580899999999999750e-01
3.945299999999999918e-01 5.586400000000000254e-01
3.945500000000000118e-01 5.592000000000000304e-01
3.945500000000000118e-01 5.597600000000000353e-01
3.945899999999999963e-01 5.603099999999999747e-01
3.945899999999999963e-01 5.608699999999999797e-01
3.946000000000000063e-01 5.614200000000000301e-01
3.946000000000000063e-01 5.619800000000000351e-01
3.946100000000000163e-01 5.625299999999999745e-01
3.946299999999999808e-01 5.630899999999999794e-01
3.946700000000000208e-01 5.636499999999999844e-01
3.946899999999999853e-01 5.642000000000000348e-01
3.946999999999999953e-01 5.647600000000000398e-01
3.947100000000000053e-01 5.653099999999999792e-01
3.947399999999999798e-01 5.658699999999999841e-01
3.947399999999999798e-01 5.664299999999999891e-01
3.947700000000000098e-01 5.669800000000000395e-01
3.947899999999999743e-01 5.675400000000000444e-01
3.948099999999999943e-01 5.680899999999999839e-01
3.948499999999999788e-01 5.686499999999999888e-01
3.948800000000000088e-01 5.692099999999999937e-01
3.948800000000000088e-01 5.697600000000000442e-01
3.949099999999999833e-01 5.703200000000000491e-01
3.949199999999999933e-01 5.708699999999999886e-01
3.949199999999999933e-01 5.714299999999999935e-01
3.949300000000000033e-01 5.719800000000000439e-01
3.949400000000000133e-01 5.725400000000000489e-01
3.949599999999999778e-01 5.731000000000000538e-01
3.949599999999999778e-01 5.736499999999999932e-01
3.949799999999999978e-01 5.742099999999999982e-01
3.950000000000000178e-01 5.747600000000000486e-01
3.950099999999999723e-01 5.753200000000000536e-01
3.950299999999999923e-01 5.758799999999999475e-01
3.950400000000000023e-01 5.764299999999999979e-01
3.950400000000000023e-01 5.769900000000000029e-01
3.950400000000000023e-01 5.775400000000000533e-01
3.950799999999999867e-01 5.780999999999999472e-01
3.950899999999999967e-01 5.786499999999999977e-01
3.950899999999999967e-01 5.792100000000000026e-01
3.951000000000000068e-01 5.797700000000000076e-01
3.951000000000000068e-01 5.803199999999999470e-01
3.951000000000000068e-01 5.808799999999999519e-01
3.951200000000000268e-01 5.814300000000000024e-01
3.951799999999999757e-01 5.819900000000000073e-01
3.951799999999999757e-01 5.825500000000000123e-01
3.951799999999999757e-01 5.830999999999999517e-01
3.951899999999999857e-01 5.836599999999999566e-01
3.951899999999999857e-01 5.842100000000000071e-01
3.952100000000000057e-01 5.847700000000000120e-01
3.952399999999999802e-01 5.853300000000000169e-01
3.952600000000000002e-01 5.858799999999999564e-01
3.952700000000000102e-01 5.864399999999999613e-01
3.952899999999999747e-01 5.869900000000000118e-01
3.953099999999999947e-01 5.875500000000000167e-01
3.953200000000000047e-01 5.880999999999999561e-01
3.953200000000000047e-01 5.886599999999999611e-01
3.953699999999999992e-01 5.892199999999999660e-01
3.953800000000000092e-01 5.897700000000000164e-01
3.954199999999999937e-01 5.903300000000000214e-01
3.954300000000000037e-01 5.908799999999999608e-01
3.954400000000000137e-01 5.914399999999999658e-01
3.954799999999999982e-01 5.919999999999999707e-01
3.955000000000000182e-01 5.925500000000000211e-01
3.955299999999999927e-01 5.931100000000000261e-01
3.955400000000000027e-01 5.936599999999999655e-01
3.955600000000000227e-01 5.942199999999999704e-01
3.955600000000000227e-01 5.947700000000000209e-01
3.955600000000000227e-01 5.953300000000000258e-01
3.955600000000000227e-01 5.958900000000000308e-01
3.955799999999999872e-01 5.964399999999999702e-01
3.955899999999999972e-01 5.969999999999999751e-01
3.956100000000000172e-01 5.975500000000000256e-01
3.956200000000000272e-01 5.981100000000000305e-01
3.956299999999999817e-01 5.986700000000000355e-01
3.956299999999999817e-01 5.992199999999999749e-01
3.956500000000000017e-01 5.997799999999999798e-01
3.956500000000000017e-01 6.003300000000000303e-01
3.956500000000000017e-01 6.008900000000000352e-01
3.956899999999999862e-01 6.014500000000000401e-01
3.957100000000000062e-01 6.019999999999999796e-01
3.957100000000000062e-01 6.025599999999999845e-01
3.957200000000000162e-01 6.031100000000000350e-01
3.957399999999999807e-01 6.036700000000000399e-01
3.957399999999999807e-01 6.042199999999999793e-01
3.957600000000000007e-01 6.047799999999999843e-01
3.957700000000000107e-01 6.053399999999999892e-01
3.957800000000000207e-01 6.058900000000000396e-01
3.957999999999999852e-01 6.064500000000000446e-01
3.958300000000000152e-01 6.069999999999999840e-01
3.958300000000000152e-01 6.075599999999999890e-01
3.958400000000000252e-01 6.081199999999999939e-01
3.958699999999999997e-01 6.086700000000000443e-01
3.958900000000000197e-01 6.092300000000000493e-01
3.959099999999999842e-01 6.097799999999999887e-01
3.959099999999999842e-01 6.103399999999999936e-01
3.959300000000000042e-01 6.108900000000000441e-01
3.959300000000000042e-01 6.114500000000000490e-01
3.959400000000000142e-01 6.120100000000000540e-01
3.959699999999999886e-01 6.125599999999999934e-01
3.959900000000000087e-01 6.131199999999999983e-01
3.960000000000000187e-01 6.136700000000000488e-01
3.960099999999999731e-01 6.142300000000000537e-01
3.960099999999999731e-01 6.147899999999999476e-01
3.960099999999999731e-01 6.153399999999999981e-01
3.960099999999999731e-01 6.159000000000000030e-01
3.960299999999999931e-01 6.164500000000000535e-01
3.960299999999999931e-01 6.170099999999999474e-01
3.961000000000000076e-01 6.175699999999999523e-01
3.961299999999999821e-01 6.181200000000000028e-01
3.961500000000000021e-01 6.186800000000000077e-01
3.961600000000000121e-01 6.192299999999999471e-01
3.962200000000000166e-01 6.197899999999999521e-01
3.962399999999999811e-01 6.203400000000000025e-01
3.962800000000000211e-01 6.209000000000000075e-01
3.962899999999999756e-01 6.214600000000000124e-01
3.963200000000000056e-01 6.220099999999999518e-01
3.963400000000000256e-01 6.225699999999999568e-01
3.963599999999999901e-01 6.231200000000000072e-01
3.963599999999999901e-01 6.236800000000000122e-01
3.963700000000000001e-01 6.242400000000000171e-01
3.964199999999999946e-01 6.247899999999999565e-01
3.964400000000000146e-01 6.253499999999999615e-01
3.964400000000000146e-01 6.259000000000000119e-01
3.964599999999999791e-01 6.264600000000000168e-01
3.964599999999999791e-01 6.270099999999999563e-01
3.964799999999999991e-01 6.275699999999999612e-01
3.964900000000000091e-01 6.281299999999999661e-01
3.964900000000000091e-01 6.286800000000000166e-01
3.965099999999999736e-01 6.292400000000000215e-01
3.965500000000000136e-01 6.297899999999999610e-01
3.965500000000000136e-01 6.303499999999999659e-01
3.965500000000000136e-01 6.309099999999999708e-01
3.965600000000000236e-01 6.314600000000000213e-01
3.965699999999999781e-01 6.320200000000000262e-01
3.966000000000000081e-01 6.325699999999999656e-01
3.966199999999999726e-01 6.331299999999999706e-01
3.966199999999999726e-01 6.336899999999999755e-01
3.966799999999999771e-01 6.342400000000000260e-01
3.966999999999999971e-01 6.348000000000000309e-01
3.966999999999999971e-01 6.353499999999999703e-01
3.966999999999999971e-01 6.359099999999999753e-01
3.967200000000000171e-01 6.364600000000000257e-01
3.967399999999999816e-01 6.370200000000000307e-01
3.967399999999999816e-01 6.375800000000000356e-01
3.967499999999999916e-01 6.381299999999999750e-01
3.967800000000000216e-01 6.386899999999999800e-01
3.967999999999999861e-01 6.392400000000000304e-01
3.968099999999999961e-01 6.398000000000000353e-01
3.968099999999999961e-01 6.403600000000000403e-01
3.968200000000000061e-01 6.409099999999999797e-01
3.968300000000000161e-01 6.414699999999999847e-01
3.968400000000000261e-01 6.420200000000000351e-01
3.968700000000000006e-01 6.425800000000000400e-01
3.968800000000000106e-01 6.431400000000000450e-01
3.969099999999999850e-01 6.436899999999999844e-01
3.969400000000000150e-01 6.442499999999999893e-01
3.969400000000000150e-01 6.448000000000000398e-01
3.969599999999999795e-01 6.453600000000000447e-01
3.970000000000000195e-01 6.459099999999999842e-01
3.970000000000000195e-01 6.464699999999999891e-01
3.970199999999999840e-01 6.470299999999999940e-01
3.970299999999999940e-01 6.475800000000000445e-01
3.970299999999999940e-01 6.481400000000000494e-01
3.970500000000000140e-01 6.486899999999999888e-01
3.970600000000000240e-01 6.492499999999999938e-01
3.970699999999999785e-01 6.498099999999999987e-01
3.970699999999999785e-01 6.503600000000000492e-01
3.970799999999999885e-01 6.509200000000000541e-01
3.971000000000000085e-01 6.514699999999999935e-01
3.971100000000000185e-01 6.520299999999999985e-01
3.971100000000000185e-01 6.525800000000000489e-01
3.971299999999999830e-01 6.531400000000000539e-01
3.971600000000000130e-01 6.536999999999999478e-01
3.971700000000000230e-01 6.542499999999999982e-01
3.971799999999999775e-01 6.548100000000000032e-01
3.971899999999999875e-01 6.553600000000000536e-01
3.971999999999999975e-01 6.559199999999999475e-01
3.972200000000000175e-01 6.564799999999999525e-01
3.972200000000000175e-01 6.570300000000000029e-01
3.972399999999999820e-01 6.575900000000000079e-01
3.972399999999999820e-01 6.581399999999999473e-01
3.972499999999999920e-01 6.586999999999999522e-01
3.972700000000000120e-01 6.592599999999999572e-01
3.972800000000000220e-01 6.598100000000000076e-01
3.972999999999999865e-01 6.603700000000000125e-01
3.973099999999999965e-01 6.609199999999999520e-01
3.973099999999999965e-01 6.614799999999999569e-01
3.973200000000000065e-01 6.620300000000000074e-01
3.973200000000000065e-01 6.625900000000000123e-01
3.973300000000000165e-01 6.631500000000000172e-01
3.973400000000000265e-01 6.636999999999999567e-01
3.973499999999999810e-01 6.642599999999999616e-01
3.973800000000000110e-01 6.648100000000000120e-01
3.973800000000000110e-01 6.653700000000000170e-01
3.973999999999999755e-01 6.659300000000000219e-01
3.973999999999999755e-01 6.664799999999999613e-01
3.974099999999999855e-01 6.670399999999999663e-01
3.974099999999999855e-01 6.675900000000000167e-01
3.974300000000000055e-01 6.681500000000000217e-01
3.974500000000000255e-01 6.686999999999999611e-01
3.974500000000000255e-01 6.692599999999999660e-01
3.974699999999999900e-01 6.698199999999999710e-01
3.974800000000000000e-01 6.703700000000000214e-01
3.974800000000000000e-01 6.709300000000000264e-01
3.974900000000000100e-01 6.714799999999999658e-01
3.975000000000000200e-01 6.720399999999999707e-01
3.975299999999999945e-01 6.725999999999999757e-01
3.975500000000000145e-01 6.731500000000000261e-01
3.976000000000000090e-01 6.737100000000000311e-01
3.976100000000000190e-01 6.742599999999999705e-01
3.976100000000000190e-01 6.748199999999999754e-01
3.976500000000000035e-01 6.753799999999999804e-01
3.976600000000000135e-01 6.759300000000000308e-01
3.976700000000000235e-01 6.764900000000000357e-01
3.976799999999999780e-01 6.770399999999999752e-01
3.976899999999999880e-01 6.775999999999999801e-01
3.976999999999999980e-01 6.781500000000000306e-01
3.977100000000000080e-01 6.787100000000000355e-01
3.977100000000000080e-01 6.792700000000000404e-01
3.977200000000000180e-01 6.798199999999999799e-01
3.977200000000000180e-01 6.803799999999999848e-01
3.977499999999999925e-01 6.809300000000000352e-01
3.977700000000000125e-01 6.814900000000000402e-01
3.977700000000000125e-01 6.820500000000000451e-01
3.977800000000000225e-01 6.825999999999999845e-01
3.977899999999999769e-01 6.831599999999999895e-01
3.977899999999999769e-01 6.837100000000000399e-01
3.978300000000000169e-01 6.842700000000000449e-01
3.978599999999999914e-01 6.848199999999999843e-01
3.978700000000000014e-01 6.853799999999999892e-01
3.978800000000000114e-01 6.859399999999999942e-01
3.978800000000000114e-01 6.864900000000000446e-01
3.978900000000000214e-01 6.870500000000000496e-01
3.978999999999999759e-01 6.875999999999999890e-01
3.978999999999999759e-01 6.881599999999999939e-01
3.978999999999999759e-01 6.887199999999999989e-01
3.979099999999999859e-01 6.892700000000000493e-01
3.979699999999999904e-01 6.898300000000000542e-01
3.979800000000000004e-01 6.903799999999999937e-01
3.980400000000000049e-01 6.909399999999999986e-01
3.980500000000000149e-01 6.915000000000000036e-01
3.980600000000000249e-01 6.920500000000000540e-01
3.980699999999999794e-01 6.926099999999999479e-01
3.980799999999999894e-01 6.931599999999999984e-01
3.980799999999999894e-01 6.937200000000000033e-01
3.980799999999999894e-01 6.942700000000000538e-01
3.981700000000000239e-01 6.948299999999999477e-01
3.981700000000000239e-01 6.953899999999999526e-01
3.981799999999999784e-01 6.959400000000000031e-01
3.982399999999999829e-01 6.965000000000000080e-01
3.982499999999999929e-01 6.970499999999999474e-01
3.982800000000000229e-01 6.976099999999999524e-01
3.982899999999999774e-01 6.981699999999999573e-01
3.982999999999999874e-01 6.987200000000000077e-01
3.983400000000000274e-01 6.992800000000000127e-01
3.983400000000000274e-01 6.998299999999999521e-01
3.983499999999999819e-01 7.003899999999999570e-01
3.983800000000000119e-01 7.009400000000000075e-01
3.984099999999999864e-01 7.015000000000000124e-01
3.984300000000000064e-01 7.020600000000000174e-01
3.984400000000000164e-01 7.026099999999999568e-01
3.984699999999999909e-01 7.031699999999999617e-01
3.984800000000000009e-01 7.037200000000000122e-01
3.985400000000000054e-01 7.042800000000000171e-01
3.985500000000000154e-01 7.048400000000000221e-01
3.985600000000000254e-01 7.053899999999999615e-01
3.985899999999999999e-01 7.059499999999999664e-01
3.986299999999999844e-01 7.065000000000000169e-01
3.986299999999999844e-01 7.070600000000000218e-01
3.986299999999999844e-01 7.076200000000000268e-01
3.986799999999999788e-01 7.081699999999999662e-01
3.986799999999999788e-01 7.087299999999999711e-01
3.986899999999999888e-01 7.092800000000000216e-01
3.987100000000000088e-01 7.098400000000000265e-01
3.987100000000000088e-01 7.103899999999999659e-01
3.987399999999999833e-01 7.109499999999999709e-01
3.987800000000000233e-01 7.115099999999999758e-01
3.987999999999999878e-01 7.120600000000000263e-01
3.988200000000000078e-01 7.126200000000000312e-01
3.988300000000000178e-01 7.131699999999999706e-01
3.988999999999999768e-01 7.137299999999999756e-01
3.989199999999999968e-01 7.142899999999999805e-01
3.989300000000000068e-01 7.148400000000000309e-01
3.989400000000000168e-01 7.154000000000000359e-01
3.989400000000000168e-01 7.159499999999999753e-01
3.989500000000000268e-01 7.165099999999999802e-01
3.989699999999999913e-01 7.170699999999999852e-01
3.990400000000000058e-01 7.176200000000000356e-01
3.990400000000000058e-01 7.181800000000000406e-01
3.990699999999999803e-01 7.187299999999999800e-01
3.990799999999999903e-01 7.192899999999999849e-01
3.990900000000000003e-01 7.198400000000000354e-01
3.991100000000000203e-01 7.204000000000000403e-01
3.991399999999999948e-01 7.209600000000000453e-01
3.991600000000000148e-01 7.215099999999999847e-01
3.991799999999999793e-01 7.220699999999999896e-01
3.991799999999999793e-01 7.226200000000000401e-01
3.991799999999999793e-01 7.231800000000000450e-01
3.991899999999999893e-01 7.237400000000000500e-01
3.991999999999999993e-01 7.242899999999999894e-01
3.992100000000000093e-01 7.248499999999999943e-01
3.992100000000000093e-01 7.254000000000000448e-01
3.992499999999999938e-01 7.259600000000000497e-01
3.992499999999999938e-01 7.265099999999999891e-01
3.992600000000000038e-01 7.270699999999999941e-01
3.992800000000000238e-01 7.276299999999999990e-01
3.992899999999999783e-01 7.281800000000000495e-01
3.993200000000000083e-01 7.287400000000000544e-01
3.993399999999999728e-01 7.292899999999999938e-01
3.993599999999999928e-01 7.298499999999999988e-01
3.994500000000000273e-01 7.304100000000000037e-01
3.994599999999999818e-01 7.309600000000000541e-01
3.994599999999999818e-01 7.315199999999999481e-01
3.994599999999999818e-01 7.320699999999999985e-01
3.994800000000000018e-01 7.326300000000000034e-01
3.994900000000000118e-01 7.331900000000000084e-01
3.995000000000000218e-01 7.337399999999999478e-01
3.995099999999999763e-01 7.342999999999999527e-01
3.995199999999999863e-01 7.348500000000000032e-01
3.995199999999999863e-01 7.354100000000000081e-01
3.995400000000000063e-01 7.359599999999999476e-01
3.995600000000000263e-01 7.365199999999999525e-01
3.995799999999999907e-01 7.370799999999999574e-01
3.995799999999999907e-01 7.376300000000000079e-01
3.995799999999999907e-01 7.381900000000000128e-01
3.996000000000000107e-01 7.387399999999999523e-01
3.996100000000000207e-01 7.392999999999999572e-01
3.996199999999999752e-01 7.398599999999999621e-01
3.996500000000000052e-01 7.404100000000000126e-01
3.996500000000000052e-01 7.409700000000000175e-01
3.996899999999999897e-01 7.415199999999999569e-01
3.997100000000000097e-01 7.420799999999999619e-01
3.997399999999999842e-01 7.426300000000000123e-01
3.997499999999999942e-01 7.431900000000000173e-01
3.997999999999999887e-01 7.437500000000000222e-01
3.998599999999999932e-01 7.442999999999999616e-01
3.998999999999999777e-01 7.448599999999999666e-01
3.999199999999999977e-01 7.454100000000000170e-01
3.999300000000000077e-01 7.459700000000000220e-01
3.999400000000000177e-01 7.465300000000000269e-01
3.999800000000000022e-01 7.470799999999999663e-01
3.999800000000000022e-01 7.476399999999999713e-01
3.999800000000000022e-01 7.481900000000000217e-01
3.999900000000000122e-01 7.487500000000000266e-01
4.000000000000000222e-01 7.493100000000000316e-01
4.000000000000000222e-01 7.498599999999999710e-01
4.000099999999999767e-01 7.504199999999999759e-01
4.000500000000000167e-01 7.509700000000000264e-01
4.000699999999999812e-01 7.515300000000000313e-01
4.000799999999999912e-01 7.520799999999999708e-01
4.000900000000000012e-01 7.526399999999999757e-01
4.002299999999999747e-01 7.531999999999999806e-01
4.002700000000000147e-01 7.537500000000000311e-01
4.002800000000000247e-01 7.543100000000000360e-01
4.002899999999999792e-01 7.548599999999999755e-01
4.002999999999999892e-01 7.554199999999999804e-01
4.003200000000000092e-01 7.559799999999999853e-01
4.003499999999999837e-01 7.565300000000000358e-01
4.003599999999999937e-01 7.570900000000000407e-01
4.003800000000000137e-01 7.576399999999999801e-01
4.004300000000000082e-01 7.581999999999999851e-01
4.004300000000000082e-01 7.587500000000000355e-01
4.004499999999999726e-01 7.593100000000000405e-01
4.004699999999999926e-01 7.598700000000000454e-01
4.004699999999999926e-01 7.604199999999999848e-01
4.004699999999999926e-01 7.609799999999999898e-01
4.005699999999999816e-01 7.615300000000000402e-01
4.005699999999999816e-01 7.620900000000000452e-01
4.005799999999999916e-01 7.626500000000000501e-01
4.006000000000000116e-01 7.631999999999999895e-01
4.006100000000000216e-01 7.637599999999999945e-01
4.006299999999999861e-01 7.643100000000000449e-01
4.006299999999999861e-01 7.648700000000000498e-01
4.006299999999999861e-01 7.654300000000000548e-01
4.006600000000000161e-01 7.659799999999999942e-01
4.006600000000000161e-01 7.665399999999999991e-01
4.006799999999999806e-01 7.670900000000000496e-01
4.006899999999999906e-01 7.676500000000000545e-01
4.007000000000000006e-01 7.681999999999999940e-01
4.007200000000000206e-01 7.687599999999999989e-01
4.007499999999999951e-01 7.693200000000000038e-01
4.007499999999999951e-01 7.698700000000000543e-01
4.007600000000000051e-01 7.704299999999999482e-01
4.007600000000000051e-01 7.709799999999999986e-01
4.007700000000000151e-01 7.715400000000000036e-01
4.007800000000000251e-01 7.721000000000000085e-01
4.007800000000000251e-01 7.726499999999999480e-01
4.007999999999999896e-01 7.732099999999999529e-01
4.008399999999999741e-01 7.737600000000000033e-01
4.008399999999999741e-01 7.743200000000000083e-01
4.009099999999999886e-01 7.748699999999999477e-01
4.009199999999999986e-01 7.754299999999999526e-01
4.009400000000000186e-01 7.759899999999999576e-01
4.009499999999999731e-01 7.765400000000000080e-01
4.009499999999999731e-01 7.771000000000000130e-01
4.009800000000000031e-01 7.776499999999999524e-01
4.010000000000000231e-01 7.782099999999999573e-01
4.010099999999999776e-01 7.787699999999999623e-01
4.010799999999999921e-01 7.793200000000000127e-01
4.010900000000000021e-01 7.798800000000000177e-01
4.010900000000000021e-01 7.804299999999999571e-01
4.011600000000000166e-01 7.809899999999999620e-01
4.011700000000000266e-01 7.815499999999999670e-01
4.011799999999999811e-01 7.821000000000000174e-01
4.012100000000000111e-01 7.826600000000000223e-01
4.012299999999999756e-01 7.832099999999999618e-01
4.012299999999999756e-01 7.837699999999999667e-01
4.012399999999999856e-01 7.843200000000000172e-01
4.013599999999999945e-01 7.848800000000000221e-01
4.013700000000000045e-01 7.854400000000000270e-01
4.014199999999999990e-01 7.859899999999999665e-01
4.014199999999999990e-01 7.865499999999999714e-01
4.014300000000000090e-01 7.871000000000000218e-01
4.014400000000000190e-01 7.876600000000000268e-01
4.014499999999999735e-01 7.882200000000000317e-01
4.014900000000000135e-01 7.887699999999999712e-01
4.015299999999999980e-01 7.893299999999999761e-01
4.015500000000000180e-01 7.898800000000000265e-01
4.015699999999999825e-01 7.904400000000000315e-01
4.015699999999999825e-01 7.909899999999999709e-01
4.015799999999999925e-01 7.915499999999999758e-01
4.016100000000000225e-01 7.921099999999999808e-01
4.016199999999999770e-01 7.926600000000000312e-01
4.017399999999999860e-01 7.932200000000000362e-01
4.017399999999999860e-01 7.937699999999999756e-01
4.017499999999999960e-01 7.943299999999999805e-01
4.018300000000000205e-01 7.948899999999999855e-01
4.018300000000000205e-01 7.954400000000000359e-01
4.018300000000000205e-01 7.960000000000000409e-01
4.019099999999999895e-01 7.965499999999999803e-01
4.019599999999999840e-01 7.971099999999999852e-01
4.019699999999999940e-01 7.976699999999999902e-01
4.019699999999999940e-01 7.982200000000000406e-01
4.019900000000000140e-01 7.987800000000000455e-01
4.020000000000000240e-01 7.993299999999999850e-01
4.020000000000000240e-01 7.998899999999999899e-01
4.020799999999999930e-01 8.004400000000000404e-01
4.020799999999999930e-01 8.010000000000000453e-01
4.021799999999999820e-01 8.015600000000000502e-01
4.022499999999999964e-01 8.021099999999999897e-01
4.022700000000000164e-01 8.026699999999999946e-01
4.023100000000000009e-01 8.032200000000000450e-01
4.023300000000000209e-01 8.037800000000000500e-01
4.023499999999999854e-01 8.043400000000000549e-01
4.023700000000000054e-01 8.048899999999999944e-01
4.024400000000000199e-01 8.054499999999999993e-01
4.024699999999999944e-01 8.060000000000000497e-01
4.024699999999999944e-01 8.065600000000000547e-01
4.024699999999999944e-01 8.071199999999999486e-01
4.024800000000000044e-01 8.076699999999999990e-01
4.024900000000000144e-01 8.082300000000000040e-01
4.025000000000000244e-01 8.087800000000000544e-01
4.025500000000000189e-01 8.093399999999999483e-01
4.025500000000000189e-01 8.098899999999999988e-01
4.025799999999999934e-01 8.104500000000000037e-01
4.026100000000000234e-01 8.110100000000000087e-01
4.026199999999999779e-01 8.115599999999999481e-01
4.026699999999999724e-01 8.121199999999999530e-01
4.027600000000000069e-01 8.126700000000000035e-01
4.027600000000000069e-01 8.132300000000000084e-01
4.028200000000000114e-01 8.137900000000000134e-01
4.029099999999999904e-01 8.143399999999999528e-01
4.029200000000000004e-01 8.148999999999999577e-01
4.029200000000000004e-01 8.154500000000000082e-01
4.029400000000000204e-01 8.160100000000000131e-01
4.029900000000000149e-01 8.165599999999999525e-01
4.030400000000000094e-01 8.171199999999999575e-01
4.030400000000000094e-01 8.176799999999999624e-01
4.030500000000000194e-01 8.182300000000000129e-01
4.030699999999999839e-01 8.187900000000000178e-01
4.031100000000000239e-01 8.193399999999999572e-01
4.031199999999999783e-01 8.198999999999999622e-01
4.031199999999999783e-01 8.204599999999999671e-01
4.031500000000000083e-01 8.210100000000000176e-01
4.032100000000000128e-01 8.215700000000000225e-01
4.032299999999999773e-01 8.221199999999999619e-01
4.032499999999999973e-01 8.226799999999999669e-01
4.032600000000000073e-01 8.232399999999999718e-01
4.032600000000000073e-01 8.237900000000000222e-01
4.033599999999999963e-01 8.243500000000000272e-01
4.033900000000000263e-01 8.248999999999999666e-01
4.033900000000000263e-01 8.254599999999999715e-01
4.033999999999999808e-01 8.260100000000000220e-01
4.033999999999999808e-01 8.265700000000000269e-01
4.034599999999999853e-01 8.271300000000000319e-01
4.035099999999999798e-01 8.276799999999999713e-01
4.035400000000000098e-01 8.282399999999999762e-01
4.035799999999999943e-01 8.287900000000000267e-01
4.035900000000000043e-01 8.293500000000000316e-01
4.036000000000000143e-01 8.299100000000000366e-01
4.036399999999999988e-01 8.304599999999999760e-01
4.036799999999999833e-01 8.310199999999999809e-01
4.037399999999999878e-01 8.315700000000000314e-01
4.037899999999999823e-01 8.321300000000000363e-01
4.038100000000000023e-01 8.326799999999999757e-01
4.038300000000000223e-01 8.332399999999999807e-01
4.038499999999999868e-01 8.337999999999999856e-01
4.038599999999999968e-01 8.343500000000000361e-01
4.039300000000000113e-01 8.349100000000000410e-01
4.039400000000000213e-01 8.354599999999999804e-01
4.039699999999999958e-01 8.360199999999999854e-01
4.040900000000000047e-01 8.365799999999999903e-01
4.041299999999999892e-01 8.371300000000000407e-01
4.041500000000000092e-01 8.376900000000000457e-01
4.041699999999999737e-01 8.382399999999999851e-01
4.042200000000000237e-01 8.387999999999999901e-01
4.042299999999999782e-01 8.393599999999999950e-01
4.042299999999999782e-01 8.399100000000000454e-01
4.042499999999999982e-01 8.404700000000000504e-01
4.042600000000000082e-01 8.410199999999999898e-01
4.043200000000000127e-01 8.415799999999999947e-01
4.043700000000000072e-01 8.421300000000000452e-01
4.043900000000000272e-01 8.426900000000000501e-01
4.043900000000000272e-01 8.432500000000000551e-01
4.043999999999999817e-01 8.437999999999999945e-01
4.044300000000000117e-01 8.443599999999999994e-01
4.044599999999999862e-01 8.449100000000000499e-01
4.044599999999999862e-01 8.454700000000000548e-01
4.044699999999999962e-01 8.460299999999999487e-01
4.045000000000000262e-01 8.465799999999999992e-01
4.045599999999999752e-01 8.471400000000000041e-01
4.045599999999999752e-01 8.476900000000000546e-01
4.045699999999999852e-01 8.482499999999999485e-01
4.045699999999999852e-01 8.487999999999999989e-01
4.045900000000000052e-01 8.493600000000000039e-01
4.046000000000000152e-01 8.499200000000000088e-01
4.046000000000000152e-01 8.504699999999999482e-01
4.046100000000000252e-01 8.510299999999999532e-01
4.046199999999999797e-01 8.515800000000000036e-01
4.047899999999999832e-01 8.521400000000000086e-01
4.047999999999999932e-01 8.527000000000000135e-01
4.048100000000000032e-01 8.532499999999999529e-01
4.048900000000000277e-01 8.538099999999999579e-01
4.050099999999999811e-01 8.543600000000000083e-01
4.050099999999999811e-01 8.549200000000000133e-01
4.050300000000000011e-01 8.554800000000000182e-01
4.051100000000000256e-01 8.560299999999999576e-01
4.051199999999999801e-01 8.565899999999999626e-01
4.051400000000000001e-01 8.571400000000000130e-01
4.051600000000000201e-01 8.577000000000000179e-01
4.051699999999999746e-01 8.582499999999999574e-01
4.051699999999999746e-01 8.588099999999999623e-01
4.052399999999999891e-01 8.593699999999999672e-01
4.052499999999999991e-01 8.599200000000000177e-01
4.052999999999999936e-01 8.604800000000000226e-01
4.053800000000000181e-01 8.610299999999999621e-01
4.053800000000000181e-01 8.615899999999999670e-01
4.053899999999999726e-01 8.621499999999999719e-01
4.053999999999999826e-01 8.627000000000000224e-01
4.054599999999999871e-01 8.632600000000000273e-01
4.054900000000000171e-01 8.638099999999999667e-01
4.054900000000000171e-01 8.643699999999999717e-01
4.056299999999999906e-01 8.649200000000000221e-01
4.056500000000000106e-01 8.654800000000000271e-01
4.057499999999999996e-01 8.660400000000000320e-01
4.058200000000000141e-01 8.665899999999999714e-01
4.058999999999999830e-01 8.671499999999999764e-01
4.059099999999999930e-01 8.677000000000000268e-01
4.059300000000000130e-01 8.682600000000000318e-01
4.059400000000000230e-01 8.688200000000000367e-01
4.060799999999999965e-01 8.693699999999999761e-01
4.061500000000000110e-01 8.699299999999999811e-01
4.062000000000000055e-01 8.704800000000000315e-01
4.062299999999999800e-01 8.710400000000000365e-01
4.062500000000000000e-01 8.716000000000000414e-01
4.064300000000000135e-01 8.721499999999999808e-01
4.065199999999999925e-01 8.727099999999999858e-01
4.066000000000000170e-01 8.732600000000000362e-01
4.066600000000000215e-01 8.738200000000000411e-01
4.066600000000000215e-01 8.743699999999999806e-01
4.067500000000000004e-01 8.749299999999999855e-01
4.067799999999999749e-01 8.754899999999999904e-01
4.067799999999999749e-01 8.760400000000000409e-01
4.068200000000000149e-01 8.766000000000000458e-01
4.068999999999999839e-01 8.771499999999999853e-01
4.069300000000000139e-01 8.777099999999999902e-01
4.069499999999999784e-01 8.782699999999999951e-01
4.070599999999999774e-01 8.788200000000000456e-01
4.070900000000000074e-01 8.793800000000000505e-01
4.070900000000000074e-01 8.799299999999999899e-01
4.071000000000000174e-01 8.804899999999999949e-01
4.072700000000000209e-01 8.810499999999999998e-01
4.072799999999999754e-01 8.816000000000000503e-01
4.073300000000000254e-01 8.821600000000000552e-01
4.073399999999999799e-01 8.827099999999999946e-01
4.073499999999999899e-01 8.832699999999999996e-01
4.073700000000000099e-01 8.838200000000000500e-01
4.074900000000000189e-01 8.843800000000000550e-01
4.075300000000000034e-01 8.849399999999999489e-01
4.076000000000000179e-01 8.854899999999999993e-01
4.076000000000000179e-01 8.860500000000000043e-01
4.076199999999999823e-01 8.866000000000000547e-01
4.076400000000000023e-01 8.871599999999999486e-01
4.076500000000000123e-01 8.877199999999999536e-01
4.076799999999999868e-01 8.882700000000000040e-01
4.077000000000000068e-01 8.888300000000000090e-01
4.077000000000000068e-01 8.893799999999999484e-01
4.077299999999999813e-01 8.899399999999999533e-01
4.077299999999999813e-01 8.904900000000000038e-01
4.077500000000000013e-01 8.910500000000000087e-01
4.077600000000000113e-01 8.916100000000000136e-01
4.077700000000000213e-01 8.921599999999999531e-01
4.078300000000000258e-01 8.927199999999999580e-01
4.078399999999999803e-01 8.932700000000000085e-01
4.078499999999999903e-01 8.938300000000000134e-01
4.078800000000000203e-01 8.943900000000000183e-01
4.079300000000000148e-01 8.949399999999999578e-01
4.079599999999999893e-01 8.954999999999999627e-01
4.079599999999999893e-01 8.960500000000000131e-01
4.079900000000000193e-01 8.966100000000000181e-01
4.080099999999999838e-01 8.971700000000000230e-01
4.080199999999999938e-01 8.977199999999999624e-01
4.080199999999999938e-01 8.982799999999999674e-01
4.081099999999999728e-01 8.988300000000000178e-01
4.081500000000000128e-01 8.993900000000000228e-01
4.081899999999999973e-01 8.999399999999999622e-01
4.082000000000000073e-01 9.004999999999999671e-01
4.082100000000000173e-01 9.010599999999999721e-01
4.082500000000000018e-01 9.016100000000000225e-01
4.083700000000000108e-01 9.021700000000000275e-01
4.084099999999999953e-01 9.027199999999999669e-01
4.084099999999999953e-01 9.032799999999999718e-01
4.084800000000000098e-01 9.038399999999999768e-01
4.085500000000000242e-01 9.043900000000000272e-01
4.085699999999999887e-01 9.049500000000000322e-01
4.086000000000000187e-01 9.054999999999999716e-01
4.087200000000000277e-01 9.060599999999999765e-01
4.087299999999999822e-01 9.066100000000000270e-01
4.087500000000000022e-01 9.071700000000000319e-01
4.087999999999999967e-01 9.077300000000000368e-01
4.088100000000000067e-01 9.082799999999999763e-01
4.090199999999999947e-01 9.088399999999999812e-01
4.090300000000000047e-01 9.093900000000000317e-01
4.090799999999999992e-01 9.099500000000000366e-01
4.091299999999999937e-01 9.105100000000000415e-01
4.091400000000000037e-01 9.110599999999999810e-01
4.091500000000000137e-01 9.116199999999999859e-01
4.091500000000000137e-01 9.121700000000000363e-01
4.091799999999999882e-01 9.127300000000000413e-01
4.092299999999999827e-01 9.132900000000000462e-01
4.092700000000000227e-01 9.138399999999999856e-01
4.092799999999999772e-01 9.143999999999999906e-01
4.093700000000000117e-01 9.149500000000000410e-01
4.094099999999999961e-01 9.155100000000000460e-01
4.096000000000000196e-01 9.160599999999999854e-01
4.096400000000000041e-01 9.166199999999999903e-01
4.096799999999999886e-01 9.171799999999999953e-01
4.097100000000000186e-01 9.177300000000000457e-01
4.097500000000000031e-01 9.182900000000000507e-01
4.097899999999999876e-01 9.188399999999999901e-01
4.098100000000000076e-01 9.193999999999999950e-01
4.098300000000000276e-01 9.199600000000000000e-01
4.098300000000000276e-01 9.205100000000000504e-01
4.098899999999999766e-01 9.210700000000000554e-01
4.099800000000000111e-01 9.216199999999999948e-01
4.099900000000000211e-01 9.221799999999999997e-01
4.100099999999999856e-01 9.227300000000000502e-01
4.100400000000000156e-01 9.232900000000000551e-01
4.100699999999999901e-01 9.238499999999999490e-01
4.101000000000000201e-01 9.243999999999999995e-01
4.101000000000000201e-01 9.249600000000000044e-01
4.101500000000000146e-01 9.255100000000000549e-01
4.102000000000000091e-01 9.260699999999999488e-01
4.102999999999999980e-01 9.266299999999999537e-01
4.103100000000000080e-01 9.271800000000000042e-01
4.103399999999999825e-01 9.277400000000000091e-01
4.103399999999999825e-01 9.282899999999999485e-01
4.104499999999999815e-01 9.288499999999999535e-01
4.104999999999999760e-01 9.294099999999999584e-01
4.107000000000000095e-01 9.299600000000000088e-01
4.109200000000000075e-01 9.305200000000000138e-01
4.109400000000000275e-01 9.310699999999999532e-01
4.109499999999999820e-01 9.316299999999999581e-01
4.110800000000000010e-01 9.321800000000000086e-01
4.111000000000000210e-01 9.327400000000000135e-01
4.112199999999999744e-01 9.333000000000000185e-01
4.112199999999999744e-01 9.338499999999999579e-01
4.112299999999999844e-01 9.344099999999999628e-01
4.113700000000000134e-01 9.349600000000000133e-01
4.113800000000000234e-01 9.355200000000000182e-01
4.113899999999999779e-01 9.360800000000000232e-01
4.113999999999999879e-01 9.366299999999999626e-01
4.114200000000000079e-01 9.371899999999999675e-01
4.114399999999999724e-01 9.377400000000000180e-01
4.115099999999999869e-01 9.383000000000000229e-01
4.115900000000000114e-01 9.388499999999999623e-01
4.116299999999999959e-01 9.394099999999999673e-01
4.117100000000000204e-01 9.399699999999999722e-01
4.117100000000000204e-01 9.405200000000000227e-01
4.117399999999999949e-01 9.410800000000000276e-01
4.117500000000000049e-01 9.416299999999999670e-01
4.118700000000000139e-01 9.421899999999999720e-01
4.119499999999999829e-01 9.427499999999999769e-01
4.119499999999999829e-01 9.433000000000000274e-01
4.119700000000000029e-01 9.438600000000000323e-01
4.120699999999999918e-01 9.444099999999999717e-01
4.121900000000000008e-01 9.449699999999999767e-01
4.122100000000000208e-01 9.455299999999999816e-01
4.122399999999999953e-01 9.460800000000000320e-01
4.123100000000000098e-01 9.466400000000000370e-01
4.124300000000000188e-01 9.471899999999999764e-01
4.124499999999999833e-01 9.477499999999999813e-01
4.124800000000000133e-01 9.483000000000000318e-01
4.125599999999999823e-01 9.488600000000000367e-01
4.126099999999999768e-01 9.494200000000000417e-01
4.126500000000000168e-01 9.499699999999999811e-01
4.127000000000000113e-01 9.505299999999999860e-01
4.128399999999999848e-01 9.510800000000000365e-01
4.128899999999999793e-01 9.516400000000000414e-01
4.129300000000000193e-01 9.522000000000000464e-01
4.129499999999999837e-01 9.527499999999999858e-01
4.131199999999999872e-01 9.533099999999999907e-01
4.131900000000000017e-01 9.538600000000000412e-01
4.132100000000000217e-01 9.544200000000000461e-01
4.132600000000000162e-01 9.549699999999999855e-01
4.132799999999999807e-01 9.555299999999999905e-01
4.132799999999999807e-01 9.560899999999999954e-01
4.133100000000000107e-01 9.566400000000000459e-01
4.133100000000000107e-01 9.572000000000000508e-01
4.134700000000000042e-01 9.577499999999999902e-01
4.134999999999999787e-01 9.583099999999999952e-01
4.135099999999999887e-01 9.588700000000000001e-01
4.137100000000000222e-01 9.594200000000000506e-01
4.137700000000000267e-01 9.599800000000000555e-01
4.138600000000000056e-01 9.605299999999999949e-01
4.139200000000000101e-01 9.610899999999999999e-01
4.139599999999999946e-01 9.616500000000000048e-01
4.142000000000000126e-01 9.622000000000000552e-01
4.143000000000000016e-01 9.627599999999999492e-01
4.147500000000000075e-01 9.633099999999999996e-01
4.148499999999999965e-01 9.638700000000000045e-01
4.148899999999999810e-01 9.644200000000000550e-01
4.149100000000000010e-01 9.649799999999999489e-01
4.149399999999999755e-01 9.655399999999999539e-01
4.150800000000000045e-01 9.660900000000000043e-01
4.151799999999999935e-01 9.666500000000000092e-01
4.152899999999999925e-01 9.671999999999999487e-01
4.154399999999999760e-01 9.677599999999999536e-01
4.155300000000000105e-01 9.683199999999999585e-01
4.158899999999999819e-01 9.688700000000000090e-01
4.158999999999999919e-01 9.694300000000000139e-01
4.159100000000000019e-01 9.699799999999999534e-01
4.159999999999999809e-01 9.705399999999999583e-01
4.160900000000000154e-01 9.710999999999999632e-01
4.161000000000000254e-01 9.716500000000000137e-01
4.161299999999999999e-01 9.722100000000000186e-01
4.163399999999999879e-01 9.727599999999999580e-01
4.163799999999999724e-01 9.733199999999999630e-01
4.164499999999999869e-01 9.738700000000000134e-01
4.164900000000000269e-01 9.744300000000000184e-01
4.166500000000000203e-01 9.749900000000000233e-01
4.167299999999999893e-01 9.755399999999999627e-01
4.168499999999999983e-01 9.760999999999999677e-01
4.170599999999999863e-01 9.766500000000000181e-01
4.171799999999999953e-01 9.772100000000000231e-01
4.174100000000000033e-01 9.777700000000000280e-01
4.175499999999999767e-01 9.783199999999999674e-01
4.178399999999999892e-01 9.788799999999999724e-01
4.178999999999999937e-01 9.794300000000000228e-01
4.179899999999999727e-01 9.799900000000000277e-01
4.180900000000000172e-01 9.805399999999999672e-01
4.183700000000000196e-01 9.810999999999999721e-01
4.185200000000000031e-01 9.816599999999999770e-01
4.186500000000000221e-01 9.822100000000000275e-01
4.186699999999999866e-01 9.827700000000000324e-01
4.188299999999999801e-01 9.833199999999999719e-01
4.191699999999999871e-01 9.838799999999999768e-01
4.195599999999999885e-01 9.844399999999999817e-01
4.197000000000000175e-01 9.849900000000000322e-01
4.197500000000000120e-01 9.855500000000000371e-01
4.200900000000000190e-01 9.860999999999999766e-01
4.201400000000000134e-01 9.866599999999999815e-01
4.202199999999999824e-01 9.872199999999999864e-01
4.202400000000000024e-01 9.877700000000000369e-01
4.203899999999999859e-01 9.883300000000000418e-01
4.204200000000000159e-01 9.888799999999999812e-01
4.204999999999999849e-01 9.894399999999999862e-01
4.208799999999999764e-01 9.899900000000000366e-01
4.211400000000000143e-01 9.905500000000000416e-01
4.214800000000000213e-01 9.911100000000000465e-01
4.214800000000000213e-01 9.916599999999999859e-01
4.216300000000000048e-01 9.922199999999999909e-01
4.224700000000000122e-01 9.927700000000000413e-01
4.227500000000000147e-01 9.933300000000000463e-01
4.241300000000000070e-01 9.938900000000000512e-01
4.247000000000000219e-01 9.944399999999999906e-01
4.259899999999999798e-01 9.949999999999999956e-01
4.263700000000000268e-01 9.955500000000000460e-01
4.264899999999999802e-01 9.961100000000000509e-01
4.264999999999999902e-01 9.966599999999999904e-01
4.266199999999999992e-01 9.972199999999999953e-01
4.274899999999999811e-01 9.977800000000000002e-01
4.286800000000000055e-01 9.983300000000000507e-01
4.288600000000000190e-01 9.988899999999999446e-01
4.299200000000000244e-01 9.994399999999999951e-01
