# XXZ chain with NNN perturbation
# L = 28, S_z^tot = 2, J = 1, Delta = 0.5, g = 0.15
# Time dependence of normalized energy current autocorrelation function
# Fitted by 0.50*exp(-0.0045*x)
# t, C_kappa(t)

0.000000000000000000e+00 1.000000000000000000e+00
1.000000000000000000e+00 9.950305254539248967e-01
2.000000000000000000e+00 9.849400312157927662e-01
3.000000000000000000e+00 9.737145990857685174e-01
4.000000000000000000e+00 9.623289415833736760e-01
5.000000000000000000e+00 9.516800835991061636e-01
6.000000000000000000e+00 9.418691801220757664e-01
7.000000000000000000e+00 9.326970525915726506e-01
8.000000000000000000e+00 9.239812851504416447e-01
9.000000000000000000e+00 9.155844458472751635e-01
1.000000000000000000e+01 9.074205626937792424e-01
1.100000000000000000e+01 8.994394439834753063e-01
1.200000000000000000e+01 8.916101720393480035e-01
1.300000000000000000e+01 8.839134687369950560e-01
1.400000000000000000e+01 8.763389750408324685e-01
1.500000000000000000e+01 8.688843339967297075e-01
1.600000000000000000e+01 8.615477061630953948e-01
1.700000000000000000e+01 8.543240141211594363e-01
1.800000000000000000e+01 8.472087934182006563e-01
1.900000000000000000e+01 8.401958593777663076e-01
2.000000000000000000e+01 8.332856483204027498e-01
2.100000000000000000e+01 8.264829267709283833e-01
2.200000000000000000e+01 8.197913042319189270e-01
2.300000000000000000e+01 8.132148245837445000e-01
2.400000000000000000e+01 8.067525310312744224e-01
2.500000000000000000e+01 8.004000766149462764e-01
2.600000000000000000e+01 7.941530654064453687e-01
2.700000000000000000e+01 7.880069259721232955e-01
2.800000000000000000e+01 7.819548871059912587e-01
2.900000000000000000e+01 7.759892453920316235e-01
3.000000000000000000e+01 7.701034079314412750e-01
3.100000000000000000e+01 7.642909709190189860e-01
3.200000000000000000e+01 7.585456058193777995e-01
3.300000000000000000e+01 7.528621599863344338e-01
3.400000000000000000e+01 7.472402876713100106e-01
3.500000000000000000e+01 7.416808825354218593e-01
3.600000000000000000e+01 7.361842585388437277e-01
3.700000000000000000e+01 7.307504778888173069e-01
3.800000000000000000e+01 7.253777052575555162e-01
3.900000000000000000e+01 7.200615311606645141e-01
4.000000000000000000e+01 7.148026365363585599e-01
4.100000000000000000e+01 7.096016047037361218e-01
4.200000000000000000e+01 7.044575565190087652e-01
4.300000000000000000e+01 6.993701308611470768e-01
4.400000000000000000e+01 6.943365431490396977e-01
4.500000000000000000e+01 6.893567986317089558e-01
4.600000000000000000e+01 6.844322189911136167e-01
4.700000000000000000e+01 6.795614369666539423e-01
4.800000000000000000e+01 6.747449041935408287e-01
4.900000000000000000e+01 6.699812728639406023e-01
5.000000000000000000e+01 6.652679304199149435e-01
5.100000000000000000e+01 6.606035988163425632e-01
5.200000000000000000e+01 6.559888026696448771e-01
5.300000000000000000e+01 6.514208183857040924e-01
5.400000000000000000e+01 6.468939523193869556e-01
5.500000000000000000e+01 6.424062050330240359e-01
5.600000000000000000e+01 6.379587150569363541e-01
5.700000000000000000e+01 6.335514298383354559e-01
5.800000000000000000e+01 6.291832623759806564e-01
5.900000000000000000e+01 6.248526381177963440e-01
6.000000000000000000e+01 6.205572349204168114e-01
6.100000000000000000e+01 6.162992916860097203e-01
6.200000000000000000e+01 6.120816515561191551e-01
6.300000000000000000e+01 6.079040955928909362e-01
6.400000000000000000e+01 6.037641072348631788e-01
6.500000000000000000e+01 5.996609523903919658e-01
6.600000000000000000e+01 5.955953514559378936e-01
6.700000000000000000e+01 5.915658761793805009e-01
6.800000000000000000e+01 5.875713466762224613e-01
6.900000000000000000e+01 5.836111989424850321e-01
7.000000000000000000e+01 5.796841373601309133e-01
7.100000000000000000e+01 5.757898001335933769e-01
7.200000000000000000e+01 5.719276396735837320e-01
7.300000000000000000e+01 5.680986986214208168e-01
7.400000000000000000e+01 5.643034965328251884e-01
7.500000000000000000e+01 5.605413188408623348e-01
7.600000000000000000e+01 5.568121662861583721e-01
7.700000000000000000e+01 5.531157968180869799e-01
7.800000000000000000e+01 5.494512540560531066e-01
7.900000000000000000e+01 5.458173325889107419e-01
8.000000000000000000e+01 5.422143406254731346e-01
8.100000000000000000e+01 5.386426511663519046e-01
8.200000000000000000e+01 5.351004112121144907e-01
8.300000000000000000e+01 5.315854405857466380e-01
8.400000000000000000e+01 5.280969735509457585e-01
8.500000000000000000e+01 5.246355116269889596e-01
8.600000000000000000e+01 5.212017935443221672e-01
8.700000000000000000e+01 5.177978678771402166e-01
8.800000000000000000e+01 5.144246481106127256e-01
8.900000000000000000e+01 5.110832410560331995e-01
9.000000000000000000e+01 5.077720363455404673e-01
9.100000000000000000e+01 5.044893976136470837e-01
9.200000000000000000e+01 5.012331582949135500e-01
9.300000000000000000e+01 4.980025687171069082e-01
9.400000000000000000e+01 4.947978898181553675e-01
9.500000000000000000e+01 4.916168795244753031e-01
9.600000000000000000e+01 4.884593861574221263e-01
9.700000000000000000e+01 4.853268883383338173e-01
9.800000000000000000e+01 4.822202477539809240e-01
9.900000000000000000e+01 4.791389280056077560e-01
1.000000000000000000e+02 4.760825122598181802e-01
1.010000000000000000e+02 4.730508883465279202e-01
1.020000000000000000e+02 4.700427336743909223e-01
1.030000000000000000e+02 4.670564574258374568e-01
1.040000000000000000e+02 4.640930545259129292e-01
1.050000000000000000e+02 4.611514037101906438e-01
1.060000000000000000e+02 4.582323273114599638e-01
1.070000000000000000e+02 4.553363291205173025e-01
1.080000000000000000e+02 4.524631838469069800e-01
1.090000000000000000e+02 4.496131935214672803e-01
1.100000000000000000e+02 4.467862735604597457e-01
1.110000000000000000e+02 4.439812485327033209e-01
1.120000000000000000e+02 4.411973554835859068e-01
1.130000000000000000e+02 4.384339907286814442e-01
1.140000000000000000e+02 4.356912822795813711e-01
1.150000000000000000e+02 4.329694539986147506e-01
1.160000000000000000e+02 4.302680233328014525e-01
1.170000000000000000e+02 4.275861706189642009e-01
1.180000000000000000e+02 4.249247275442741278e-01
1.190000000000000000e+02 4.222872455633669975e-01
1.200000000000000000e+02 4.196727588726651970e-01
1.210000000000000000e+02 4.170780038514539934e-01
1.220000000000000000e+02 4.145018232737304742e-01
1.230000000000000000e+02 4.119433652097316267e-01
1.240000000000000000e+02 4.094022613337549021e-01
1.250000000000000000e+02 4.068792191879575526e-01
1.260000000000000000e+02 4.043749390901871243e-01
1.270000000000000000e+02 4.018895700916566560e-01
1.280000000000000000e+02 3.994232996900979882e-01
1.290000000000000000e+02 3.969753298531443209e-01
1.300000000000000000e+02 3.945457218210388639e-01
1.310000000000000000e+02 3.921358582260174863e-01
1.320000000000000000e+02 3.897462907937435106e-01
1.330000000000000000e+02 3.873769647764205848e-01
1.340000000000000000e+02 3.850267701476116633e-01
1.350000000000000000e+02 3.826952172464390678e-01
1.360000000000000000e+02 3.803821741487859454e-01
1.370000000000000000e+02 3.780857654485708097e-01
1.380000000000000000e+02 3.758056998254221126e-01
1.390000000000000000e+02 3.735415235812772350e-01
1.400000000000000000e+02 3.712938212584281361e-01
1.410000000000000000e+02 3.690633634895685855e-01
1.420000000000000000e+02 3.668497197093016360e-01
1.430000000000000000e+02 3.646528696200819764e-01
1.440000000000000000e+02 3.624706671611170883e-01
1.450000000000000000e+02 3.603015658039595559e-01
1.460000000000000000e+02 3.581463046730267163e-01
1.470000000000000000e+02 3.560041035264898679e-01
1.480000000000000000e+02 3.538754846532251030e-01
1.490000000000000000e+02 3.517628191402664695e-01
1.500000000000000000e+02 3.496660325446876438e-01
1.510000000000000000e+02 3.475839699403963645e-01
1.520000000000000000e+02 3.455169987731412928e-01
1.530000000000000000e+02 3.434633345219829659e-01
1.540000000000000000e+02 3.414226979299384013e-01
1.550000000000000000e+02 3.393956950715294463e-01
1.560000000000000000e+02 3.373810355533682359e-01
1.570000000000000000e+02 3.353786601561409841e-01
1.580000000000000000e+02 3.333891686422285616e-01
1.590000000000000000e+02 3.314130402995370539e-01
1.600000000000000000e+02 3.294509204153092674e-01
1.610000000000000000e+02 3.275036317500036320e-01
1.620000000000000000e+02 3.255723001100316871e-01
1.630000000000000000e+02 3.236573962937163151e-01
1.640000000000000000e+02 3.217559053672109926e-01
1.650000000000000000e+02 3.198660477755670972e-01
1.660000000000000000e+02 3.179869819988221935e-01
1.670000000000000000e+02 3.161192864030772376e-01
1.680000000000000000e+02 3.142645986452888840e-01
1.690000000000000000e+02 3.124222373338860770e-01
1.700000000000000000e+02 3.105914177222890982e-01
1.710000000000000000e+02 3.087724231571019051e-01
1.720000000000000000e+02 3.069666282462662488e-01
1.730000000000000000e+02 3.051748011528360727e-01
1.740000000000000000e+02 3.033965861087530858e-01
1.750000000000000000e+02 3.016319500278422105e-01
1.760000000000000000e+02 2.998785898073031975e-01
1.770000000000000000e+02 2.981337766943922829e-01
1.780000000000000000e+02 2.963981683770003372e-01
1.790000000000000000e+02 2.946728544622059243e-01
1.800000000000000000e+02 2.929578089323011669e-01
1.810000000000000000e+02 2.912528097868187227e-01
1.820000000000000000e+02 2.895574256367162702e-01
1.830000000000000000e+02 2.878738302209554734e-01
1.840000000000000000e+02 2.862021543008164137e-01
1.850000000000000000e+02 2.845411743824566853e-01
1.860000000000000000e+02 2.828919257520546293e-01
1.870000000000000000e+02 2.812543510955660686e-01
1.880000000000000000e+02 2.796267496213139525e-01
1.890000000000000000e+02 2.780089630421219149e-01
1.900000000000000000e+02 2.764013165027829344e-01
1.910000000000000000e+02 2.748055976839620662e-01
1.920000000000000000e+02 2.732226896155540152e-01
1.930000000000000000e+02 2.716524385757516646e-01
1.940000000000000000e+02 2.700952245991706802e-01
1.950000000000000000e+02 2.685508447595305603e-01
1.960000000000000000e+02 2.670195040188422797e-01
1.970000000000000000e+02 2.655002861373996215e-01
1.980000000000000000e+02 2.639909245431835694e-01
1.990000000000000000e+02 2.624904224108655648e-01
2.000000000000000000e+02 2.609987535167720973e-01
2.010000000000000000e+02 2.595178534050204822e-01
2.020000000000000000e+02 2.580480521148291739e-01
2.030000000000000000e+02 2.565878295726320979e-01
2.040000000000000000e+02 2.551378559509454580e-01
2.050000000000000000e+02 2.536976571027234062e-01
2.060000000000000000e+02 2.522667700224498488e-01
2.070000000000000000e+02 2.508455613930540840e-01
2.080000000000000000e+02 2.494345395826864098e-01
2.090000000000000000e+02 2.480331487272237900e-01
2.100000000000000000e+02 2.466391559686242629e-01
2.110000000000000000e+02 2.452533195051516679e-01
2.120000000000000000e+02 2.438745357808320136e-01
2.130000000000000000e+02 2.425017690918147839e-01
2.140000000000000000e+02 2.411361350437827566e-01
2.150000000000000000e+02 2.397775719201069022e-01
2.160000000000000000e+02 2.384270479391366326e-01
2.170000000000000000e+02 2.370861534606336918e-01
2.180000000000000000e+02 2.357552471551251083e-01
2.190000000000000000e+02 2.344328794282176942e-01
2.200000000000000000e+02 2.331175170047548317e-01
2.210000000000000000e+02 2.318088027233879411e-01
2.220000000000000000e+02 2.305083215014682718e-01
2.230000000000000000e+02 2.292181103954271937e-01
2.240000000000000000e+02 2.279356867757653948e-01
2.250000000000000000e+02 2.266611195450551897e-01
2.260000000000000000e+02 2.253942653048794376e-01
2.270000000000000000e+02 2.241349267942102652e-01
2.280000000000000000e+02 2.228834430633361563e-01
2.290000000000000000e+02 2.216412474148078127e-01
2.300000000000000000e+02 2.204079347048613913e-01
2.310000000000000000e+02 2.191829017544150437e-01
2.320000000000000000e+02 2.179673368932532607e-01
2.330000000000000000e+02 2.167619412753873376e-01
2.340000000000000000e+02 2.155665395274121987e-01
2.350000000000000000e+02 2.143794661907191812e-01
2.360000000000000000e+02 2.131983047428813727e-01
2.370000000000000000e+02 2.120221933922551982e-01
2.380000000000000000e+02 2.108528717051734724e-01
2.390000000000000000e+02 2.096917331340062418e-01
2.400000000000000000e+02 2.085386610014924036e-01
2.410000000000000000e+02 2.073959001550651216e-01
2.420000000000000000e+02 2.062645294069163360e-01
2.430000000000000000e+02 2.051428164139320054e-01
2.440000000000000000e+02 2.040278253063625979e-01
2.450000000000000000e+02 2.029189837995926116e-01
2.460000000000000000e+02 2.018177164756285724e-01
2.470000000000000000e+02 2.007243440295201353e-01
2.480000000000000000e+02 1.996381051709858745e-01
2.490000000000000000e+02 1.985602631578515798e-01
2.500000000000000000e+02 1.974915860523369093e-01
2.510000000000000000e+02 1.964316318185846677e-01
2.520000000000000000e+02 1.953787074510984212e-01
2.530000000000000000e+02 1.943327138929018816e-01
2.540000000000000000e+02 1.932922388177384376e-01
2.550000000000000000e+02 1.922560289960446034e-01
2.560000000000000000e+02 1.912233987973076255e-01
2.570000000000000000e+02 1.901935170440298695e-01
2.580000000000000000e+02 1.891667811102897556e-01
2.590000000000000000e+02 1.881444265186810738e-01
2.600000000000000000e+02 1.871275016980939454e-01
2.610000000000000000e+02 1.861156164800860657e-01
2.620000000000000000e+02 1.851081942106103106e-01
2.630000000000000000e+02 1.841054513026255113e-01
2.640000000000000000e+02 1.831089344733648205e-01
2.650000000000000000e+02 1.821175608728315132e-01
2.660000000000000000e+02 1.811298071578624769e-01
2.670000000000000000e+02 1.801459828127859875e-01
2.680000000000000000e+02 1.791679091197302398e-01
2.690000000000000000e+02 1.781952744479028405e-01
2.700000000000000000e+02 1.772278551834406135e-01
2.710000000000000000e+02 1.762668870625290762e-01
2.720000000000000000e+02 1.753122067295260489e-01
2.730000000000000000e+02 1.743638171313426077e-01
2.740000000000000000e+02 1.734208153131814867e-01
2.750000000000000000e+02 1.724809160216121962e-01
2.760000000000000000e+02 1.715446564560496878e-01
2.770000000000000000e+02 1.706121083693984131e-01
2.780000000000000000e+02 1.696841254961909684e-01
2.790000000000000000e+02 1.687619512962603707e-01
2.800000000000000000e+02 1.678459187056468849e-01
2.810000000000000000e+02 1.669349243928268667e-01
2.820000000000000000e+02 1.660293512359624635e-01
2.830000000000000000e+02 1.651296975349476059e-01
2.840000000000000000e+02 1.642352579620891262e-01
2.850000000000000000e+02 1.633472502739360954e-01
2.860000000000000000e+02 1.624667990941409956e-01
2.870000000000000000e+02 1.615938830113286817e-01
2.880000000000000000e+02 1.607286821679097533e-01
2.890000000000000000e+02 1.598691412451260785e-01
2.900000000000000000e+02 1.590129408611811734e-01
2.910000000000000000e+02 1.581607645135343909e-01
2.920000000000000000e+02 1.573130647829818485e-01
2.930000000000000000e+02 1.564692195975957989e-01
2.940000000000000000e+02 1.556311008512280547e-01
2.950000000000000000e+02 1.548006880528929041e-01
2.960000000000000000e+02 1.539770024028569440e-01
2.970000000000000000e+02 1.531592194300408494e-01
2.980000000000000000e+02 1.523472728448316826e-01
2.990000000000000000e+02 1.515415263081735520e-01
3.000000000000000000e+02 1.507403794075024839e-01
3.010000000000000000e+02 1.499439724765089521e-01
3.020000000000000000e+02 1.491527438848903320e-01
3.030000000000000000e+02 1.483666918778786814e-01
3.040000000000000000e+02 1.475859092845789311e-01
3.050000000000000000e+02 1.468111855237886343e-01
3.060000000000000000e+02 1.460430293849866723e-01
3.070000000000000000e+02 1.452822492607417360e-01
3.080000000000000000e+02 1.445292740443800128e-01
3.090000000000000000e+02 1.437825309374616833e-01
3.100000000000000000e+02 1.430400951592870895e-01
3.110000000000000000e+02 1.423007881138708963e-01
3.120000000000000000e+02 1.415639631244499930e-01
3.130000000000000000e+02 1.408304154793742768e-01
3.140000000000000000e+02 1.400999283314451060e-01
3.150000000000000000e+02 1.393722797960699478e-01
3.160000000000000000e+02 1.386483294496513308e-01
3.170000000000000000e+02 1.379272093493635887e-01
3.180000000000000000e+02 1.372065815239010278e-01
3.190000000000000000e+02 1.364863669546394487e-01
3.200000000000000000e+02 1.357673502740304461e-01
3.210000000000000000e+02 1.350505844773910724e-01
3.220000000000000000e+02 1.343360590350045347e-01
3.230000000000000000e+02 1.336235933754470750e-01
3.240000000000000000e+02 1.329140594539999776e-01
3.250000000000000000e+02 1.322078356161720536e-01
3.260000000000000000e+02 1.315035756720470683e-01
3.270000000000000000e+02 1.308005248190244052e-01
3.280000000000000000e+02 1.300993744159165966e-01
3.290000000000000000e+02 1.294030424469916063e-01
3.300000000000000000e+02 1.287121800325146115e-01
3.310000000000000000e+02 1.280270016871301875e-01
3.320000000000000000e+02 1.273473546117035171e-01
3.330000000000000000e+02 1.266723555784151356e-01
3.340000000000000000e+02 1.260012275172686935e-01
3.350000000000000000e+02 1.253322315171001011e-01
3.360000000000000000e+02 1.246657665524926878e-01
3.370000000000000000e+02 1.240030619776490844e-01
3.380000000000000000e+02 1.233461457106079795e-01
3.390000000000000000e+02 1.226943423260787036e-01
3.400000000000000000e+02 1.220480665015544891e-01
3.410000000000000000e+02 1.214073551084982744e-01
3.420000000000000000e+02 1.207704881584153317e-01
3.430000000000000000e+02 1.201373466949666596e-01
3.440000000000000000e+02 1.195085647971163012e-01
3.450000000000000000e+02 1.188824371315417433e-01
3.460000000000000000e+02 1.182575422640020635e-01
3.470000000000000000e+02 1.176354854090754798e-01
3.480000000000000000e+02 1.170175012399783387e-01
3.490000000000000000e+02 1.164034384172659697e-01
3.500000000000000000e+02 1.157939077711976489e-01
3.510000000000000000e+02 1.151893563463056297e-01
3.520000000000000000e+02 1.145878792277234270e-01
3.530000000000000000e+02 1.139891142092401416e-01
3.540000000000000000e+02 1.133933713130536453e-01
3.550000000000000000e+02 1.128001252256984194e-01
3.560000000000000000e+02 1.122117749616565602e-01
3.570000000000000000e+02 1.116290745904962578e-01
3.580000000000000000e+02 1.110521185357733337e-01
3.590000000000000000e+02 1.104838705284727635e-01
3.600000000000000000e+02 1.099233845882146565e-01
3.610000000000000000e+02 1.093681254220440352e-01
3.620000000000000000e+02 1.088164752961522791e-01
3.630000000000000000e+02 1.082662034096219666e-01
3.640000000000000000e+02 1.077157335311419023e-01
3.650000000000000000e+02 1.071654331080903466e-01
3.660000000000000000e+02 1.066164445836862429e-01
3.670000000000000000e+02 1.060690392165689055e-01
3.680000000000000000e+02 1.055230769890641157e-01
3.690000000000000000e+02 1.049808060426061646e-01
3.700000000000000000e+02 1.044426211158363260e-01
3.710000000000000000e+02 1.039062290468254490e-01
3.720000000000000000e+02 1.033726484126713113e-01
3.730000000000000000e+02 1.028444851920251313e-01
3.740000000000000000e+02 1.023220929382992472e-01
3.750000000000000000e+02 1.018042912620351209e-01
3.760000000000000000e+02 1.012900190822044189e-01
3.770000000000000000e+02 1.007791439880962592e-01
3.780000000000000000e+02 1.002724664809482302e-01
3.790000000000000000e+02 9.977083891337942823e-02
3.800000000000000000e+02 9.927220833558819679e-02
3.810000000000000000e+02 9.877583540290313380e-02
3.820000000000000000e+02 9.828030451631424025e-02
3.830000000000000000e+02 9.778478664483944427e-02
3.840000000000000000e+02 9.729139300628825149e-02
3.850000000000000000e+02 9.680011024134387021e-02
3.860000000000000000e+02 9.631113828354771755e-02
3.870000000000000000e+02 9.582571933090316962e-02
3.880000000000000000e+02 9.534274541989386231e-02
3.890000000000000000e+02 9.486219144341523357e-02
3.900000000000000000e+02 9.438254488574879253e-02
3.910000000000000000e+02 9.390347357686291974e-02
3.920000000000000000e+02 9.342663805229692309e-02
3.930000000000000000e+02 9.295177876012949980e-02
3.940000000000000000e+02 9.247878828456487788e-02
3.950000000000000000e+02 9.200835739406547364e-02
3.960000000000000000e+02 9.154023526252923204e-02
3.970000000000000000e+02 9.107412133158394874e-02
3.980000000000000000e+02 9.061024136004659779e-02
3.990000000000000000e+02 9.014834752055626843e-02
4.000000000000000000e+02 8.968821527751252853e-02
4.010000000000000000e+02 8.923167655057649694e-02
4.020000000000000000e+02 8.878030963323478575e-02
4.030000000000000000e+02 8.833281716990019905e-02
4.040000000000000000e+02 8.788818061915755486e-02
4.050000000000000000e+02 8.744644047007262000e-02
4.060000000000000000e+02 8.700679424173479726e-02
4.070000000000000000e+02 8.656817113063872138e-02
4.080000000000000000e+02 8.613149720393958875e-02
4.090000000000000000e+02 8.569623036125323390e-02
4.100000000000000000e+02 8.526293461748188363e-02
4.110000000000000000e+02 8.483400589345981013e-02
4.120000000000000000e+02 8.440877236214645862e-02
4.130000000000000000e+02 8.398600971904489343e-02
4.140000000000000000e+02 8.356605529652565145e-02
4.150000000000000000e+02 8.315033591485357367e-02
4.160000000000000000e+02 8.273971759329798448e-02
4.170000000000000000e+02 8.233317161065524525e-02
4.180000000000000000e+02 8.193010759660335207e-02
4.190000000000000000e+02 8.153086317843931397e-02
4.200000000000000000e+02 8.113437466233877626e-02
4.210000000000000000e+02 8.073915267494224945e-02
4.220000000000000000e+02 8.034439753474557910e-02
4.230000000000000000e+02 7.994906528466493023e-02
4.240000000000000000e+02 7.955451191261884991e-02
4.250000000000000000e+02 7.916141660178391271e-02
4.260000000000000000e+02 7.876976704126613382e-02
4.270000000000000000e+02 7.837949507879485300e-02
4.280000000000000000e+02 7.799177191051866187e-02
4.290000000000000000e+02 7.760549007039072023e-02
4.300000000000000000e+02 7.721922682736449828e-02
4.310000000000000000e+02 7.683480622454137710e-02
4.320000000000000000e+02 7.645210560374908482e-02
4.330000000000000000e+02 7.607029430243550383e-02
4.340000000000000000e+02 7.568947009887748434e-02
4.350000000000000000e+02 7.531052968586919583e-02
4.360000000000000000e+02 7.493427954523113055e-02
4.370000000000000000e+02 7.456034643611907098e-02
4.380000000000000000e+02 7.418820904535371186e-02
4.390000000000000000e+02 7.381691319503355664e-02
4.400000000000000000e+02 7.344489026712142099e-02
4.410000000000000000e+02 7.307333743071188492e-02
4.420000000000000000e+02 7.270373259300777491e-02
4.430000000000000000e+02 7.233615696246510629e-02
4.440000000000000000e+02 7.197260436895744351e-02
4.450000000000000000e+02 7.161366601104353358e-02
4.460000000000000000e+02 7.125760646997691961e-02
4.470000000000000000e+02 7.090441195068784841e-02
4.480000000000000000e+02 7.055281871500140856e-02
4.490000000000000000e+02 7.020171825606048854e-02
4.500000000000000000e+02 6.985082184438132225e-02
4.510000000000000000e+02 6.950117543183975677e-02
4.520000000000000000e+02 6.915511680718780529e-02
4.530000000000000000e+02 6.881347754633386493e-02
4.540000000000000000e+02 6.847517405465025631e-02
4.550000000000000000e+02 6.813913561337948954e-02
4.560000000000000000e+02 6.780528960921997084e-02
4.570000000000000000e+02 6.747344496680808545e-02
4.580000000000000000e+02 6.714399199715455346e-02
4.590000000000000000e+02 6.681698508171420026e-02
4.600000000000000000e+02 6.649199131043431743e-02
4.610000000000000000e+02 6.616933116755698008e-02
4.620000000000000000e+02 6.584878646572582539e-02
4.630000000000000000e+02 6.552928192143242514e-02
4.640000000000000000e+02 6.521104041150259378e-02
4.650000000000000000e+02 6.489376822425514668e-02
4.660000000000000000e+02 6.457644769043884014e-02
4.670000000000000000e+02 6.426060600187112615e-02
4.680000000000000000e+02 6.394614676620490046e-02
4.690000000000000000e+02 6.363270440133526884e-02
4.700000000000000000e+02 6.332085874849219254e-02
4.710000000000000000e+02 6.301074410684907867e-02
4.720000000000000000e+02 6.270302378511539987e-02
4.730000000000000000e+02 6.239870590440490389e-02
4.740000000000000000e+02 6.209852149383981307e-02
4.750000000000000000e+02 6.180142199944117093e-02
4.760000000000000000e+02 6.150627656664049009e-02
4.770000000000000000e+02 6.121227210545827219e-02
4.780000000000000000e+02 6.091950872236966130e-02
4.790000000000000000e+02 6.062676896439133517e-02
4.800000000000000000e+02 6.033291408608497386e-02
4.810000000000000000e+02 6.004027587419822481e-02
4.820000000000000000e+02 5.975143036408907954e-02
4.830000000000000000e+02 5.946689487531279378e-02
4.840000000000000000e+02 5.918635882077099425e-02
4.850000000000000000e+02 5.890897917464028855e-02
4.860000000000000000e+02 5.863400361462738769e-02
4.870000000000000000e+02 5.836038985292479886e-02
4.880000000000000000e+02 5.808827938294623683e-02
4.890000000000000000e+02 5.781736581145956178e-02
4.900000000000000000e+02 5.754717977768283865e-02
4.910000000000000000e+02 5.727975753411021498e-02
4.920000000000000000e+02 5.701660955173668693e-02
4.930000000000000000e+02 5.675557776834135038e-02
4.940000000000000000e+02 5.649440075161724778e-02
4.950000000000000000e+02 5.623276950643999600e-02
4.960000000000000000e+02 5.597115757959542082e-02
4.970000000000000000e+02 5.570994695993256723e-02
4.980000000000000000e+02 5.544985959631686806e-02
4.990000000000000000e+02 5.519287183876623454e-02
5.000000000000000000e+02 5.493907389391830542e-02
5.010000000000000000e+02 5.468923492006771969e-02
5.020000000000000000e+02 5.444240195163739526e-02
5.030000000000000000e+02 5.419740863695216015e-02
5.040000000000000000e+02 5.395440648687408608e-02
5.050000000000000000e+02 5.371338407335354836e-02
5.060000000000000000e+02 5.347332830230583367e-02
5.070000000000000000e+02 5.323469269920225871e-02
5.080000000000000000e+02 5.299825052670952691e-02
5.090000000000000000e+02 5.276409329941009196e-02
5.100000000000000000e+02 5.253170761060609734e-02
5.110000000000000000e+02 5.229939929974559976e-02
5.120000000000000000e+02 5.206575502203586447e-02
5.130000000000000000e+02 5.183011489574215064e-02
5.140000000000000000e+02 5.159456239567710573e-02
5.150000000000000000e+02 5.136066731721270623e-02
5.160000000000000000e+02 5.112723484440815508e-02
5.170000000000000000e+02 5.089488192871626654e-02
5.180000000000000000e+02 5.066495465591214914e-02
5.190000000000000000e+02 5.043597170870751933e-02
5.200000000000000000e+02 5.020622279688655154e-02
5.210000000000000000e+02 4.997672834947167186e-02
5.220000000000000000e+02 4.974797275137149422e-02
5.230000000000000000e+02 4.951834042021273363e-02
5.240000000000000000e+02 4.928846688820927302e-02
5.250000000000000000e+02 4.905882445574766965e-02
5.260000000000000000e+02 4.883022770129977902e-02
5.270000000000000000e+02 4.860305166894467177e-02
5.280000000000000000e+02 4.837586789070005139e-02
5.290000000000000000e+02 4.814876172810665655e-02
5.300000000000000000e+02 4.792210462544618799e-02
5.310000000000000000e+02 4.769668369436216859e-02
5.320000000000000000e+02 4.747204099316532783e-02
5.330000000000000000e+02 4.724830433331831531e-02
5.340000000000000000e+02 4.702737671641561007e-02
5.350000000000000000e+02 4.680821652952768530e-02
5.360000000000000000e+02 4.659079284917469477e-02
5.370000000000000000e+02 4.637702427716088038e-02
5.380000000000000000e+02 4.616610937147909433e-02
5.390000000000000000e+02 4.595514020423827756e-02
5.400000000000000000e+02 4.574351143523466140e-02
5.410000000000000000e+02 4.553102382315503405e-02
5.420000000000000000e+02 4.531725138666550107e-02
5.430000000000000000e+02 4.510359194329249116e-02
5.440000000000000000e+02 4.489195821763783401e-02
5.450000000000000000e+02 4.468547087737222145e-02
5.460000000000000000e+02 4.448463292720827161e-02
5.470000000000000000e+02 4.428550689728157075e-02
5.480000000000000000e+02 4.408667737779121965e-02
5.490000000000000000e+02 4.388731445054724206e-02
5.500000000000000000e+02 4.368646875833627485e-02
5.510000000000000000e+02 4.348403317940556512e-02
5.520000000000000000e+02 4.328097212939212290e-02
5.530000000000000000e+02 4.307853097328950831e-02
5.540000000000000000e+02 4.287600567485101710e-02
5.550000000000000000e+02 4.267345978924642902e-02
5.560000000000000000e+02 4.247129414176795126e-02
5.570000000000000000e+02 4.227007499427398035e-02
5.580000000000000000e+02 4.207010148867409982e-02
5.590000000000000000e+02 4.187151905076734459e-02
5.600000000000000000e+02 4.167604857268816798e-02
5.610000000000000000e+02 4.148482428745922657e-02
5.620000000000000000e+02 4.129772647134808544e-02
5.630000000000000000e+02 4.111318169140883855e-02
5.640000000000000000e+02 4.092945357639123788e-02
5.650000000000000000e+02 4.074514584580581772e-02
5.660000000000000000e+02 4.055995702129523706e-02
5.670000000000000000e+02 4.037536080523874971e-02
5.680000000000000000e+02 4.019104192737460446e-02
5.690000000000000000e+02 4.000564249787805227e-02
5.700000000000000000e+02 3.981928712203876286e-02
5.710000000000000000e+02 3.963259659719804706e-02
5.720000000000000000e+02 3.944663345889316830e-02
5.730000000000000000e+02 3.926306336508193079e-02
5.740000000000000000e+02 3.908145088978960680e-02
5.750000000000000000e+02 3.890101660845601134e-02
5.760000000000000000e+02 3.872104709748190599e-02
5.770000000000000000e+02 3.854102487703723462e-02
5.780000000000000000e+02 3.836192003655203298e-02
5.790000000000000000e+02 3.818315210166245421e-02
5.800000000000000000e+02 3.800467839516578905e-02
5.810000000000000000e+02 3.782831241302081482e-02
5.820000000000000000e+02 3.765400296042582806e-02
5.830000000000000000e+02 3.747839497555720267e-02
5.840000000000000000e+02 3.730060166596643051e-02
5.850000000000000000e+02 3.712078392736750665e-02
5.860000000000000000e+02 3.693879796133573562e-02
5.870000000000000000e+02 3.675714051457480008e-02
5.880000000000000000e+02 3.657693541513955954e-02
5.890000000000000000e+02 3.639739458151169949e-02
5.900000000000000000e+02 3.621906920638478383e-02
5.910000000000000000e+02 3.604068447045018914e-02
5.920000000000000000e+02 3.586156125486038987e-02
5.930000000000000000e+02 3.568315114507894514e-02
5.940000000000000000e+02 3.550423174701094337e-02
5.950000000000000000e+02 3.532509732283853343e-02
5.960000000000000000e+02 3.514700420322086627e-02
5.970000000000000000e+02 3.497209498895873653e-02
5.980000000000000000e+02 3.479992725496036665e-02
5.990000000000000000e+02 3.462700539005402617e-02
6.000000000000000000e+02 3.445277771242420684e-02
6.010000000000000000e+02 3.427811439858497594e-02
6.020000000000000000e+02 3.410517127103410151e-02
6.030000000000000000e+02 3.393354295013102651e-02
6.040000000000000000e+02 3.376312786365339574e-02
6.050000000000000000e+02 3.359476384734594312e-02
6.060000000000000000e+02 3.342806331693595062e-02
6.070000000000000000e+02 3.326275233493934669e-02
6.080000000000000000e+02 3.309887900532692412e-02
6.090000000000000000e+02 3.293602704812586407e-02
6.100000000000000000e+02 3.277316858534489591e-02
6.110000000000000000e+02 3.261062442687596985e-02
6.120000000000000000e+02 3.244880983828830889e-02
6.130000000000000000e+02 3.228705837224616487e-02
6.140000000000000000e+02 3.212480512035828517e-02
6.150000000000000000e+02 3.196299259848873336e-02
6.160000000000000000e+02 3.180231812740149516e-02
6.170000000000000000e+02 3.164281165693035025e-02
6.180000000000000000e+02 3.148546205353111582e-02
6.190000000000000000e+02 3.132927143304129608e-02
6.200000000000000000e+02 3.117242099941004360e-02
6.210000000000000000e+02 3.101521674370132445e-02
6.220000000000000000e+02 3.085859064888124559e-02
6.230000000000000000e+02 3.070278141077491252e-02
6.240000000000000000e+02 3.054984734071120381e-02
6.250000000000000000e+02 3.040123827888601554e-02
6.260000000000000000e+02 3.025486195220902785e-02
6.270000000000000000e+02 3.010834193890706001e-02
6.280000000000000000e+02 2.996184971232875374e-02
6.290000000000000000e+02 2.981499749926952089e-02
6.300000000000000000e+02 2.966560127156047180e-02
6.310000000000000000e+02 2.951393033837406560e-02
6.320000000000000000e+02 2.936270720781757396e-02
6.330000000000000000e+02 2.921444606558198931e-02
6.340000000000000000e+02 2.906930601618640600e-02
6.350000000000000000e+02 2.892654836943528082e-02
6.360000000000000000e+02 2.878474096318507647e-02
6.370000000000000000e+02 2.864180503669536484e-02
6.380000000000000000e+02 2.849791322948626998e-02
6.390000000000000000e+02 2.835382623850283418e-02
6.400000000000000000e+02 2.821045618424105478e-02
6.410000000000000000e+02 2.806646724817103006e-02
6.420000000000000000e+02 2.792114119812301107e-02
6.430000000000000000e+02 2.777747462460136013e-02
6.440000000000000000e+02 2.763621981735192926e-02
6.450000000000000000e+02 2.749610410951907127e-02
6.460000000000000000e+02 2.735730926855671138e-02
6.470000000000000000e+02 2.722228228349093948e-02
6.480000000000000000e+02 2.709097896163276467e-02
6.490000000000000000e+02 2.696026033132831526e-02
6.500000000000000000e+02 2.683085257701811263e-02
6.510000000000000000e+02 2.670268246346183330e-02
6.520000000000000000e+02 2.657379599041254439e-02
6.530000000000000000e+02 2.644316526267053921e-02
6.540000000000000000e+02 2.631269187364500273e-02
6.550000000000000000e+02 2.618375021790967164e-02
6.560000000000000000e+02 2.605740502072631179e-02
6.570000000000000000e+02 2.593341573223801461e-02
6.580000000000000000e+02 2.581103015413800314e-02
6.590000000000000000e+02 2.569011345780252906e-02
6.600000000000000000e+02 2.557074830833144796e-02
6.610000000000000000e+02 2.545155320156189740e-02
6.620000000000000000e+02 2.533089225605087563e-02
6.630000000000000000e+02 2.520816266580741538e-02
6.640000000000000000e+02 2.508494643605578556e-02
6.650000000000000000e+02 2.496222246657649191e-02
6.660000000000000000e+02 2.483933915908326934e-02
6.670000000000000000e+02 2.471648652890954048e-02
6.680000000000000000e+02 2.459507340868384573e-02
6.690000000000000000e+02 2.447539496568728115e-02
6.700000000000000000e+02 2.435695254828637232e-02
6.710000000000000000e+02 2.423802356621458653e-02
6.720000000000000000e+02 2.411892777301420654e-02
6.730000000000000000e+02 2.400106465963387087e-02
6.740000000000000000e+02 2.388247954491775488e-02
6.750000000000000000e+02 2.376135937318699792e-02
6.760000000000000000e+02 2.363950404819750370e-02
6.770000000000000000e+02 2.351786228985862023e-02
6.780000000000000000e+02 2.339778190412264078e-02
6.790000000000000000e+02 2.327923767371151836e-02
6.800000000000000000e+02 2.316254075694774289e-02
6.810000000000000000e+02 2.304687657756189154e-02
6.820000000000000000e+02 2.293140420536242050e-02
6.830000000000000000e+02 2.281503820986489905e-02
6.840000000000000000e+02 2.269896179892285856e-02
6.850000000000000000e+02 2.258545957554500619e-02
6.860000000000000000e+02 2.247377175155325368e-02
6.870000000000000000e+02 2.236367441728634442e-02
6.880000000000000000e+02 2.225388260934470924e-02
6.890000000000000000e+02 2.214308069824059977e-02
6.900000000000000000e+02 2.203129230520094184e-02
6.910000000000000000e+02 2.191987888709526211e-02
6.920000000000000000e+02 2.181095155083070600e-02
6.930000000000000000e+02 2.170386675938844670e-02
6.940000000000000000e+02 2.159696392017572408e-02
6.950000000000000000e+02 2.149131654337309988e-02
6.960000000000000000e+02 2.138748309738179587e-02
6.970000000000000000e+02 2.128506232519432328e-02
6.980000000000000000e+02 2.118345188522394867e-02
6.990000000000000000e+02 2.108291538686550212e-02
7.000000000000000000e+02 2.098351189720574356e-02
7.010000000000000000e+02 2.088394661218516066e-02
7.020000000000000000e+02 2.078391860612198785e-02
7.030000000000000000e+02 2.068306475892296714e-02
7.040000000000000000e+02 2.058175678519838167e-02
7.050000000000000000e+02 2.047974470688553733e-02
7.060000000000000000e+02 2.037800258144149834e-02
7.070000000000000000e+02 2.027685161046444487e-02
7.080000000000000000e+02 2.017638191310601459e-02
7.090000000000000000e+02 2.007585402139729081e-02
7.100000000000000000e+02 1.997386788941508604e-02
7.110000000000000000e+02 1.987196173550004677e-02
7.120000000000000000e+02 1.977223270415685158e-02
7.130000000000000000e+02 1.967719015340204866e-02
7.140000000000000000e+02 1.958648527439925749e-02
7.150000000000000000e+02 1.949650696476667999e-02
7.160000000000000000e+02 1.940599468093598748e-02
7.170000000000000000e+02 1.931500176193474624e-02
7.180000000000000000e+02 1.922295428385583163e-02
7.190000000000000000e+02 1.912917064080815743e-02
7.200000000000000000e+02 1.903512195388717271e-02
7.210000000000000000e+02 1.893996644511446864e-02
7.220000000000000000e+02 1.884299259205685431e-02
7.230000000000000000e+02 1.874621339264480671e-02
7.240000000000000000e+02 1.864980989033673126e-02
7.250000000000000000e+02 1.855338337464692774e-02
7.260000000000000000e+02 1.845670909677625190e-02
7.270000000000000000e+02 1.836124785776901275e-02
7.280000000000000000e+02 1.826836821987311288e-02
7.290000000000000000e+02 1.817647055456069610e-02
7.300000000000000000e+02 1.808365882360450302e-02
7.310000000000000000e+02 1.798941738685871927e-02
7.320000000000000000e+02 1.789497007995253380e-02
7.330000000000000000e+02 1.779940372205777999e-02
7.340000000000000000e+02 1.770216780486892627e-02
7.350000000000000000e+02 1.760673437135045274e-02
7.360000000000000000e+02 1.751394025861092649e-02
7.370000000000000000e+02 1.742324451358991805e-02
7.380000000000000000e+02 1.733386259415982400e-02
7.390000000000000000e+02 1.724555314645687468e-02
7.400000000000000000e+02 1.715780289465092256e-02
7.410000000000000000e+02 1.707038418044524997e-02
7.420000000000000000e+02 1.698349020767021475e-02
7.430000000000000000e+02 1.689649614939012570e-02
7.440000000000000000e+02 1.680965882839854236e-02
7.450000000000000000e+02 1.672337960066691206e-02
7.460000000000000000e+02 1.663883443970436832e-02
7.470000000000000000e+02 1.655545031945935414e-02
7.480000000000000000e+02 1.647410662007938592e-02
7.490000000000000000e+02 1.639351982732727142e-02
7.500000000000000000e+02 1.631323140725903995e-02
7.510000000000000000e+02 1.623463849938047363e-02
7.520000000000000000e+02 1.615741856537003182e-02
7.530000000000000000e+02 1.608130728320115305e-02
7.540000000000000000e+02 1.600718973696894920e-02
7.550000000000000000e+02 1.593447647252876909e-02
7.560000000000000000e+02 1.586186419953342780e-02
7.570000000000000000e+02 1.578877733387145516e-02
7.580000000000000000e+02 1.571528193070944115e-02
7.590000000000000000e+02 1.564232138248288287e-02
7.600000000000000000e+02 1.556948751393481649e-02
7.610000000000000000e+02 1.549795563144143289e-02
7.620000000000000000e+02 1.542795064622638074e-02
7.630000000000000000e+02 1.535697546513068237e-02
7.640000000000000000e+02 1.528342523835485300e-02
7.650000000000000000e+02 1.520943105351252496e-02
7.660000000000000000e+02 1.513632642196663554e-02
7.670000000000000000e+02 1.506308742198143695e-02
7.680000000000000000e+02 1.499032272564126793e-02
7.690000000000000000e+02 1.491719679599627819e-02
7.700000000000000000e+02 1.484145451375378649e-02
7.710000000000000000e+02 1.476312618055785307e-02
7.720000000000000000e+02 1.468367889387050575e-02
7.730000000000000000e+02 1.460532294948752551e-02
7.740000000000000000e+02 1.452841712479550733e-02
7.750000000000000000e+02 1.445095225108995567e-02
7.760000000000000000e+02 1.437243440147815791e-02
7.770000000000000000e+02 1.429443714468387958e-02
7.780000000000000000e+02 1.421760784525425217e-02
7.790000000000000000e+02 1.414359797488798538e-02
7.800000000000000000e+02 1.407117213313769169e-02
7.810000000000000000e+02 1.399773797836422265e-02
7.820000000000000000e+02 1.392428815699200441e-02
7.830000000000000000e+02 1.385311365224066622e-02
7.840000000000000000e+02 1.378453634561041009e-02
7.850000000000000000e+02 1.371888003009633962e-02
7.860000000000000000e+02 1.365557735385025499e-02
7.870000000000000000e+02 1.359280032330627969e-02
7.880000000000000000e+02 1.353039533893409495e-02
7.890000000000000000e+02 1.346866108696229136e-02
7.900000000000000000e+02 1.340721344450450728e-02
7.910000000000000000e+02 1.334614437469283134e-02
7.920000000000000000e+02 1.328512534987421646e-02
7.930000000000000000e+02 1.322406245077318437e-02
7.940000000000000000e+02 1.316282257156260217e-02
7.950000000000000000e+02 1.309945338741476221e-02
7.960000000000000000e+02 1.303333815367596106e-02
7.970000000000000000e+02 1.296616296703387294e-02
7.980000000000000000e+02 1.289763620653642563e-02
7.990000000000000000e+02 1.282748969910266039e-02
8.000000000000000000e+02 1.275611270885385583e-02
8.010000000000000000e+02 1.268373698411831563e-02
8.020000000000000000e+02 1.261288932755319676e-02
8.030000000000000000e+02 1.254438353684557590e-02
8.040000000000000000e+02 1.247705075822166249e-02
8.050000000000000000e+02 1.241042880392049380e-02
8.060000000000000000e+02 1.234615739379032844e-02
8.070000000000000000e+02 1.228559036100193222e-02
8.080000000000000000e+02 1.222839728809929985e-02
8.090000000000000000e+02 1.217543383144975913e-02
8.100000000000000000e+02 1.212587507124143413e-02
8.110000000000000000e+02 1.207748613575221688e-02
8.120000000000000000e+02 1.202960742389730213e-02
8.130000000000000000e+02 1.198231775242569741e-02
8.140000000000000000e+02 1.193530763653645639e-02
8.150000000000000000e+02 1.188897912433320263e-02
8.160000000000000000e+02 1.184350554660288518e-02
8.170000000000000000e+02 1.179835884811175628e-02
8.180000000000000000e+02 1.175424603288033332e-02
8.190000000000000000e+02 1.171345018762877908e-02
8.200000000000000000e+02 1.167527703560051686e-02
8.210000000000000000e+02 1.163900076721436846e-02
8.220000000000000000e+02 1.160398837852001479e-02
8.230000000000000000e+02 1.156807445652708981e-02
8.240000000000000000e+02 1.153068243907896112e-02
8.250000000000000000e+02 1.149104979129636148e-02
8.260000000000000000e+02 1.144937861624823264e-02
8.270000000000000000e+02 1.140744901508103197e-02
8.280000000000000000e+02 1.136739543455399931e-02
8.290000000000000000e+02 1.132841699366104321e-02
8.300000000000000000e+02 1.129005768478534913e-02
8.310000000000000000e+02 1.125087304590552915e-02
8.320000000000000000e+02 1.121190271478589816e-02
8.330000000000000000e+02 1.117344981451224087e-02
8.340000000000000000e+02 1.113459097571660276e-02
8.350000000000000000e+02 1.109670142763080451e-02
8.360000000000000000e+02 1.105898846545083115e-02
8.370000000000000000e+02 1.102128440483075150e-02
8.380000000000000000e+02 1.098447980767945469e-02
8.390000000000000000e+02 1.094895020106973274e-02
8.400000000000000000e+02 1.091465718020412715e-02
8.410000000000000000e+02 1.087911604744754880e-02
8.420000000000000000e+02 1.084359284728187746e-02
8.430000000000000000e+02 1.080999681632113622e-02
8.440000000000000000e+02 1.077759255892440059e-02
8.450000000000000000e+02 1.074618304581826528e-02
8.460000000000000000e+02 1.071564995254453700e-02
8.470000000000000000e+02 1.068507603387420200e-02
8.480000000000000000e+02 1.065370954262696845e-02
8.490000000000000000e+02 1.062245455509791200e-02
8.500000000000000000e+02 1.059145699417164167e-02
8.510000000000000000e+02 1.055927426857504459e-02
8.520000000000000000e+02 1.052700141703094214e-02
8.530000000000000000e+02 1.049579117420179966e-02
8.540000000000000000e+02 1.046477140931127876e-02
8.550000000000000000e+02 1.043429657111206478e-02
8.560000000000000000e+02 1.040383187846653443e-02
8.570000000000000000e+02 1.037234017367653048e-02
8.580000000000000000e+02 1.034102238198861268e-02
8.590000000000000000e+02 1.030991245120259532e-02
8.600000000000000000e+02 1.027717272376213985e-02
8.610000000000000000e+02 1.024241874584048105e-02
8.620000000000000000e+02 1.020599306402366659e-02
8.630000000000000000e+02 1.016847897872895194e-02
8.640000000000000000e+02 1.013001944616672041e-02
8.650000000000000000e+02 1.009086883286670899e-02
8.660000000000000000e+02 1.005292942544715531e-02
8.670000000000000000e+02 1.001691276876484973e-02
8.680000000000000000e+02 9.982990122243429534e-03
8.690000000000000000e+02 9.952002201216180594e-03
8.700000000000000000e+02 9.922287369919289765e-03
8.710000000000000000e+02 9.893133515311914802e-03
8.720000000000000000e+02 9.865152964165655597e-03
8.730000000000000000e+02 9.837124708044389654e-03
8.740000000000000000e+02 9.808377662192639332e-03
8.750000000000000000e+02 9.777578346363894474e-03
8.760000000000000000e+02 9.744466433882185627e-03
8.770000000000000000e+02 9.710660813184121901e-03
8.780000000000000000e+02 9.677174133364583458e-03
8.790000000000000000e+02 9.644642926475844105e-03
8.800000000000000000e+02 9.613304216730645183e-03
8.810000000000000000e+02 9.581927328572142216e-03
8.820000000000000000e+02 9.550584406338748222e-03
8.830000000000000000e+02 9.520473746607230683e-03
8.840000000000000000e+02 9.490030385537594898e-03
8.850000000000000000e+02 9.458674695601115151e-03
8.860000000000000000e+02 9.428634741689765134e-03
8.870000000000000000e+02 9.399483044592087111e-03
8.880000000000000000e+02 9.369177741568368578e-03
8.890000000000000000e+02 9.336829035085657952e-03
8.900000000000000000e+02 9.302474761480222440e-03
8.910000000000000000e+02 9.266852930315533712e-03
8.920000000000000000e+02 9.230568838511445801e-03
8.930000000000000000e+02 9.194556236477252273e-03
8.940000000000000000e+02 9.160138602837404956e-03
8.950000000000000000e+02 9.125717989498446925e-03
8.960000000000000000e+02 9.090046619131954969e-03
8.970000000000000000e+02 9.055350739714662991e-03
8.980000000000000000e+02 9.022345727763071352e-03
8.990000000000000000e+02 8.988648889040332796e-03
9.000000000000000000e+02 8.953512484713634090e-03
9.010000000000000000e+02 8.918549902618078812e-03
9.020000000000000000e+02 8.883902028868777973e-03
9.030000000000000000e+02 8.849375892009280278e-03
9.040000000000000000e+02 8.814656808507112529e-03
9.050000000000000000e+02 8.779449535246898820e-03
9.060000000000000000e+02 8.744870804658464933e-03
9.070000000000000000e+02 8.709386606161211020e-03
9.080000000000000000e+02 8.672991896420277971e-03
9.090000000000000000e+02 8.637215546148600473e-03
9.100000000000000000e+02 8.602619989572634490e-03
9.110000000000000000e+02 8.569284186259434888e-03
9.120000000000000000e+02 8.536861093443369117e-03
9.130000000000000000e+02 8.504010604516984428e-03
9.140000000000000000e+02 8.470960309904162697e-03
9.150000000000000000e+02 8.438504935396815010e-03
9.160000000000000000e+02 8.407264703077893878e-03
9.170000000000000000e+02 8.376606689477185397e-03
9.180000000000000000e+02 8.345085250821209638e-03
9.190000000000000000e+02 8.311764189180651310e-03
9.200000000000000000e+02 8.276991951195035099e-03
9.210000000000000000e+02 8.241997928417810551e-03
9.220000000000000000e+02 8.209018875120065173e-03
9.230000000000000000e+02 8.176645087456383895e-03
9.240000000000000000e+02 8.144284949279528146e-03
9.250000000000000000e+02 8.111477586431605283e-03
9.260000000000000000e+02 8.077470483192086825e-03
9.270000000000000000e+02 8.042278401943891292e-03
9.280000000000000000e+02 8.007345598006821927e-03
9.290000000000000000e+02 7.974206724927405607e-03
9.300000000000000000e+02 7.944300907432861117e-03
9.310000000000000000e+02 7.917677731955924392e-03
9.320000000000000000e+02 7.890935962285948804e-03
9.330000000000000000e+02 7.864016512618896698e-03
9.340000000000000000e+02 7.836317179926291510e-03
9.350000000000000000e+02 7.806745431858779123e-03
9.360000000000000000e+02 7.776064538750915474e-03
9.370000000000000000e+02 7.745803774522315964e-03
9.380000000000000000e+02 7.715071076807254562e-03
9.390000000000000000e+02 7.683087482183979279e-03
9.400000000000000000e+02 7.650957584186062269e-03
9.410000000000000000e+02 7.618776429219248532e-03
9.420000000000000000e+02 7.587040729638653939e-03
9.430000000000000000e+02 7.556740098900806973e-03
9.440000000000000000e+02 7.527561542613507399e-03
9.450000000000000000e+02 7.499485217901388952e-03
9.460000000000000000e+02 7.471443335637264864e-03
9.470000000000000000e+02 7.441846974490125104e-03
9.480000000000000000e+02 7.411121803359402987e-03
9.490000000000000000e+02 7.379794580446727426e-03
9.500000000000000000e+02 7.347682130914924212e-03
9.510000000000000000e+02 7.314839483969145205e-03
9.520000000000000000e+02 7.280766682371357483e-03
9.530000000000000000e+02 7.246428119845493843e-03
9.540000000000000000e+02 7.213896492459328548e-03
9.550000000000000000e+02 7.182530480486619580e-03
9.560000000000000000e+02 7.152208362259734539e-03
9.570000000000000000e+02 7.123630269002417283e-03
9.580000000000000000e+02 7.096355715247038183e-03
9.590000000000000000e+02 7.068863945202286114e-03
9.600000000000000000e+02 7.040879287684443863e-03
9.610000000000000000e+02 7.013117161217579353e-03
9.620000000000000000e+02 6.987341153655389839e-03
9.630000000000000000e+02 6.962744901907473062e-03
9.640000000000000000e+02 6.939166521962046585e-03
9.650000000000000000e+02 6.917611112177084187e-03
9.660000000000000000e+02 6.897891340559837887e-03
9.670000000000000000e+02 6.879299896107823539e-03
9.680000000000000000e+02 6.860084791722694149e-03
9.690000000000000000e+02 6.839235523549035654e-03
9.700000000000000000e+02 6.816969665114196338e-03
9.710000000000000000e+02 6.794420658602592401e-03
9.720000000000000000e+02 6.772403064272229656e-03
9.730000000000000000e+02 6.752190511869527595e-03
9.740000000000000000e+02 6.733052817777196442e-03
9.750000000000000000e+02 6.714891253201338110e-03
9.760000000000000000e+02 6.696085934308725063e-03
9.770000000000000000e+02 6.673118233082240593e-03
9.780000000000000000e+02 6.646883089242688891e-03
9.790000000000000000e+02 6.619842691594862022e-03
9.800000000000000000e+02 6.593923616676232446e-03
9.810000000000000000e+02 6.569696005068824569e-03
9.820000000000000000e+02 6.547456728629951622e-03
9.830000000000000000e+02 6.527983867649258219e-03
9.840000000000000000e+02 6.511922480654294861e-03
9.850000000000000000e+02 6.499876128428500391e-03
9.860000000000000000e+02 6.489816577857182925e-03
9.870000000000000000e+02 6.479186298266306245e-03
9.880000000000000000e+02 6.468170373955265708e-03
9.890000000000000000e+02 6.455989576956032081e-03
9.900000000000000000e+02 6.441671146566484152e-03
9.910000000000000000e+02 6.425852262866995658e-03
9.920000000000000000e+02 6.409848782051380360e-03
9.930000000000000000e+02 6.394819034314420600e-03
9.940000000000000000e+02 6.381317167425728729e-03
9.950000000000000000e+02 6.369286653276969024e-03
9.960000000000000000e+02 6.359805335775036740e-03
9.970000000000000000e+02 6.352476604341593391e-03
9.980000000000000000e+02 6.344303967461430334e-03
9.990000000000000000e+02 6.333959283029988452e-03
1.000000000000000000e+03 6.321521627940675236e-03
