# Interacting fermions with random potentials (interaction = pair hopping)
# L=10, t=1, V=6, W=2.0
# PDFs of fluctuations of the diagonal matrix elements <\delta A_i>
# <\delta A_i> PDF
8.805451577148404319e-02 3.580481479115728977e-02
9.503681693567669897e-02 7.160962958231457953e-02
1.020191180998693548e-01 7.160962958231473219e-02
1.090014192640619967e-01 3.580481479115729115e-01
1.159837204282546524e-01 5.012674070762020984e-01
1.229660215924473082e-01 1.002534814152404197e+00
1.299483227566399779e-01 2.470532220589853445e+00
1.369306239208326059e-01 2.148288887469437469e+00
1.439129250850252895e-01 4.583016293268133090e+00
1.508952262492179175e-01 4.905259626388568606e+00
1.578775274134105733e-01 6.874524439902173434e+00
1.648598285776032291e-01 8.378326661130840236e+00
1.718421297417958848e-01 8.593155549877716126e+00
1.788244309059885406e-01 9.452471104865562523e+00
1.858067320701811687e-01 1.031178665985330056e+01
1.927890332343738522e-01 1.070563962255603130e+01
1.997713343985664802e-01 1.052661554860024395e+01
2.067536355627591638e-01 9.130227771745110132e+00
2.137359367269517918e-01 8.342521846339682412e+00
2.207182378911444476e-01 7.017743699066802066e+00
2.277005390553371034e-01 8.414131475921998060e+00
2.346828402195297592e-01 5.836184810958616076e+00
2.416651413837224149e-01 4.583016293268152630e+00
2.486474425479150707e-01 3.974334441818443864e+00
2.556297437121077265e-01 3.115018886830696943e+00
2.626120448763004100e-01 2.470532220589843231e+00
2.695943460404930381e-01 2.613751479754492735e+00
2.765766472046856661e-01 1.682826295184399523e+00
2.835589483688782941e-01 1.575411850810914727e+00
2.905412495330709777e-01 8.235107401966210716e-01
2.975235506972636612e-01 6.802914810319858896e-01
3.045058518614562892e-01 4.296577774938892258e-01
3.114881530256489173e-01 4.296577774938858396e-01
3.184704541898416008e-01 2.506337035381020484e-01
3.254527553540342844e-01 2.148288887469429198e-01
3.324350565182269124e-01 7.160962958231488484e-02
3.394173576824195404e-01 7.160962958231430198e-02
3.463996588466122240e-01 1.790240739557871774e-01
3.533819600108049075e-01 3.580481479115715099e-02
3.603642611749975355e-01 1.432192591646297697e-01
3.673465623391901635e-01 7.160962958231430198e-02
3.743288635033828471e-01 0.000000000000000000e+00
3.813111646675754751e-01 0.000000000000000000e+00
3.882934658317681587e-01 3.580481479115715099e-02
3.952757669959607867e-01 0.000000000000000000e+00
4.022580681601534147e-01 0.000000000000000000e+00
4.092403693243460983e-01 0.000000000000000000e+00
4.162226704885387818e-01 0.000000000000000000e+00
4.232049716527314098e-01 0.000000000000000000e+00
4.301872728169240379e-01 3.580481479115715099e-02
