# Long range Heisenberg model
# L = 20, J = 1.0, Delta = 0.4
# Line representing the frequency omega* for which I(omega*) = 0.9
# omega*, Alpha

 1.39895  1.00866
 1.38721  1.01982
 1.37548  1.03099
 1.36381  1.04216
 1.35225  1.05335
 1.34086  1.06457
 1.3297  1.07582
 1.31882  1.08712
 1.30827  1.09846
 1.29807  1.10986
 1.28811  1.1213
 1.27833  1.13275
 1.26871  1.14423
 1.25923  1.15573
 1.24986  1.16724
 1.24058  1.17877
 1.23136  1.1903
 1.22219  1.20184
 1.21307  1.21338
 1.20411  1.22495
 1.19542  1.23654
 1.18703  1.24817
 1.17885  1.25983
 1.17078  1.2715
 1.16275  1.28317
 1.15467  1.29484
 1.14646  1.30649
 1.13812  1.31813
 1.12972  1.32977
 1.12135  1.3414
 1.11308  1.35305
 1.105  1.36471
 1.09718  1.37641
 1.08961  1.38813
 1.08216  1.39986
 1.07471  1.4116
 1.06724  1.42333
 1.05973  1.43506
 1.05216  1.44678
 1.04453  1.4585
 1.03682  1.4702
 1.02902  1.4819
 1.02111  1.49359
 1.0131  1.50526
 1.00511  1.51694
 0.99748  1.52865
 0.990152  1.5404
 0.982647  1.55213
 0.974906  1.56383
 0.966936  1.57551
 0.958766  1.58717
 0.950452  1.59881
 0.942977  1.61054
 0.935912  1.62231
 0.928321  1.63403
 0.920674  1.64575
 0.912777  1.65744
 0.904614  1.66909
 0.896295  1.68073
 0.887544  1.69232
 0.879277  1.70397
 0.871602  1.71568
 0.863725  1.72737
 0.855642  1.73904
 0.847352  1.75068
 0.838865  1.7623
 0.830127  1.77389
 0.821124  1.78545
 0.811816  1.79697
 0.803235  1.80858
 0.795214  1.82025
 0.786659  1.83186
 0.777985  1.84346
 0.769023  1.85503
 0.759832  1.86656
 0.750409  1.87807
 0.740728  1.88954
 0.730814  1.90098
 0.722092  1.91257
 0.713145  1.92413
 0.703963  1.93567
 0.69452  1.94717
 0.684806  1.95864
 0.674849  1.97007
 0.664626  1.98147
 0.654106  1.99282
 0.643677  2.00418
 0.634411  2.01571
 0.624628  2.02716
 0.614638  2.03859
 0.604291  2.04997
 0.593651  2.0613
 0.582686  2.07259
 0.571357  2.08381
 0.559676  2.09498
 0.548695  2.10626
 0.538109  2.1176
 0.52733  2.12891
 0.516204  2.14017
 0.504728  2.15137
 0.492903  2.16252
 0.480633  2.17359
 0.468027  2.18459
 0.455083  2.19554
 0.442822  2.2066
 0.431412  2.21781
 0.419329  2.22891
 0.406781  2.23993
 0.393714  2.25085
 0.380148  2.26167
 0.366144  2.2724
 0.351776  2.28306
 0.336975  2.29362
 0.322507  2.30424
 0.309468  2.31517
 0.295901  2.32599
 0.282208  2.33679
 0.268311  2.34754
 0.25414  2.35824
 0.239583  2.36886
 0.224639  2.37938
 0.209534  2.38988
 0.194352  2.40035
 0.182119  2.41142
 0.169643  2.42245
 0.157238  2.4335
 0.144989  2.44457
 0.13287  2.45566
 0.120917  2.46678
 0.109079  2.47792
 0.0974312  2.4891
 0.0862529  2.50035
 0.0787021  2.51207
 0.0712668  2.52381
 0.0641295  2.53557
 0.0574154  2.54738
 0.0511191  2.55922
 0.045253  2.5711
 0.0398045  2.583
 0.0346394  2.59493
 0.0311054  2.60695
 0.0287224  2.61902
 0.0264737  2.63109
 0.0243857  2.64317
 0.0224228  2.65525
 0.0205489  2.66733
 0.0187173  2.67942
 0.0169545  2.6915
 0.0153891  2.70359
 0.0150275  2.7157
 0.0147863  2.72781
 0.014249  2.73991
 0.0137013  2.75201
 0.0132323  2.76412
 0.0127608  2.77623
 0.0122545  2.78833
 0.0117648  2.80044
 0.0116816  2.81254
 0.0119042  2.82465
 0.0121217  2.83675
 0.0122322  2.84886
 0.0122847  2.86097
 0.0123315  2.87307
 0.012425  2.88518
 0.0126175  2.89729
 0.0129449  2.90939
 0.0133287  2.9215
 0.0137309  2.9336
 0.0141525  2.94571
 0.0145958  2.95782
 0.0150645  2.96992
 0.0155578  2.98203
 0.0160624  2.99413
 0.0166193  3.00623
 0.0172611  3.01834
 0.0179264  3.03044
 0.018623  3.04255
 0.0193578  3.05465
 0.0201412  3.06675
 0.0209931  3.07885
 0.0219525  3.09095
 0.0230497  3.10305
 0.0242186  3.11515
 0.0255672  3.12724
 0.0271116  3.13933
 0.0287884  3.15142
 0.0306482  3.16351
 0.0328062  3.17558
 0.0351398  3.18765
 0.0375924  3.19972
 0.0400467  3.21179
 0.0427337  3.22385
 0.0455461  3.2359
 0.0483656  3.24795
 0.0512908  3.26
 0.0542173  3.27205
 0.0572259  3.2841
 0.060327  3.29614
 0.0631355  3.3082
 0.0660105  3.32025
 0.0686319  3.33231
 0.0713877  3.34437
 0.0742397  3.35642
 0.0770977  3.36847
 0.0800046  3.38052
 0.0828291  3.39257
 0.0856244  3.40463
 0.0882708  3.41669
 0.0909752  3.42875
 0.0936234  3.44081
 0.0963869  3.45286
 0.0991187  3.46492
 0.101835  3.47698
 0.104608  3.48903
 0.10731  3.50109
 0.109887  3.51316
 0.112476  3.52522
 0.115112  3.53728
 0.117788  3.54934
 0.120498  3.5614
 0.12322  3.57345
 0.125912  3.58551
 0.128525  3.59757
 0.131041  3.60964
 0.133555  3.6217
 0.136074  3.63377
 0.138597  3.64583
 0.141119  3.6579
 0.143626  3.66996
 0.146095  3.68203
 0.148502  3.6941
 0.150831  3.70617
 0.153143  3.71824
 0.15545  3.73031
 0.15775  3.74238
 0.160041  3.75445
 0.162317  3.76652
 0.164564  3.7786
 0.166764  3.79067
 0.168903  3.80275
 0.170988  3.81483
 0.17305  3.82691
 0.175099  3.83898
 0.17714  3.85106
 0.179179  3.86314
 0.181222  3.87522
 0.183252  3.8873
 0.185239  3.89938
 0.187158  3.91146
 0.18903  3.92355
 0.190889  3.93563
 0.192749  3.94771
 0.194608  3.9598
 0.196463  3.97188
 0.19831  3.98397
 0.200147  3.99605
 0.201953  4.00813
 0.203706  4.02022
 0.205419  4.03231
 0.207104  4.0444
 0.208776  4.05648
 0.210446  4.06857
 0.212118  4.08066
 0.213776  4.09275
 0.215403  4.10484
 0.216993  4.11693
 0.218561  4.12902
 0.220122  4.14111
 0.221684  4.1532
 0.22324  4.16529
 0.224779  4.17738
 0.226289  4.18947
 0.22776  4.20156
 0.229194  4.21366
 0.230629  4.22575
 0.232083  4.23784
 0.233543  4.24994
 0.234996  4.26203
 0.236425  4.27412
 0.237818  4.28622
 0.23916  4.29831
 0.240453  4.31041
 0.241747  4.3225
 0.243052  4.3346
 0.244367  4.34669
 0.245695  4.35879
 0.247036  4.37088
 0.248393  4.38298
 0.249766  4.39507
 0.251134  4.40716
 0.252442  4.41926
 0.253701  4.43136
 0.254927  4.44345
 0.256134  4.45555
 0.257339  4.46765
 0.258557  4.47974
 0.259804  4.49184
 0.261075  4.50394
 0.262306  4.51603
 0.2635  4.52813
 0.264666  4.54023
 0.265817  4.55232
 0.266965  4.56442
 0.268119  4.57652
 0.269293  4.58862
 0.270495  4.60071
 0.271695  4.61281
 0.272876  4.62491
 0.274036  4.63701
 0.275174  4.6491
 0.276289  4.6612
 0.277379  4.6733
 0.278443  4.6854
 0.279479  4.6975
 0.280499  4.7096
 0.281542  4.7217
 0.282604  4.7338
 0.283676  4.7459
 0.28475  4.758
 0.285817  4.7701
 0.286869  4.7822
 0.287896  4.79429
 0.288893  4.80639
 0.289872  4.8185
 0.290865  4.8306
 0.291873  4.8427
 0.292887  4.85479
 0.293898  4.86689
 0.294899  4.87899
 0.295878  4.89109
 0.29683  4.9032
 0.297751  4.9153
 0.298659  4.9274
 0.299568  4.9395
 0.300495  4.9516
 0.301449  4.9637
 0.302429  4.9758
 0.303435  4.9879
 0.304467  5
