# Long-range Heisenberg model
# L = 45, S_z^tot = -35/2, J = 1, Delta = 0.5, Alpha = 3.5
# Time dependence of velocity, i.e. time derivative of the center of mass
# time, velocity

0.10000000000000001 7.7756042296073247E-003
0.15000000000000002 1.2957235471988682E-002
0.20000000000000001 1.8135722264229770E-002
0.25000000000000000 2.3309832510882700E-002
0.29999999999999999 2.8478359458059543E-002
0.34999999999999998 3.3640128450125317E-002
0.39999999999999997 3.8794003334210458E-002
0.44999999999999996 4.3938892442545452E-002
0.49999999999999994 4.9073754094877131E-002
0.54999999999999993 5.4197601563874542E-002
0.59999999999999998 5.9309507457774302E-002
0.65000000000000002 6.4408607483752434E-002
0.70000000000000007 6.9494103559426534E-002
0.75000000000000011 7.4565266256909624E-002
0.80000000000000016 7.9621436564849546E-002
0.85000000000000020 8.4662026968782556E-002
0.90000000000000024 8.9686521857998969E-002
0.95000000000000029 9.4694477274401834E-002
1.0000000000000002 9.9685520027357200E-002
1.0500000000000003 0.10465934621080031
1.1000000000000003 0.10961571915713009
1.1500000000000004 0.11455446687834936
1.2000000000000004 0.11947547904176403
1.2500000000000004 0.12437870353805280
1.3000000000000005 0.12926414270053144
1.3500000000000005 0.13413184923388499
1.4000000000000006 0.13898192191749814
1.4500000000000006 0.14381450114320238
1.5000000000000007 0.14862976435074948
1.5500000000000007 0.15342792141738393
1.6000000000000008 0.15820921006183042
1.6500000000000008 0.16297389131072926
1.7000000000000008 0.16772224508120992
1.7500000000000009 0.17245456591772346
1.8000000000000009 0.17717115892456725
1.8500000000000010 0.18187233592495744
1.9000000000000010 0.18655841187238842
1.9500000000000011 0.19122970153102159
2.0000000000000009 0.19588651644447452
2.0500000000000007 0.20052916219192696
2.1000000000000005 0.20515793593765430
2.1500000000000004 0.20977312426848194
2.2000000000000002 0.21437500130494946
2.2500000000000000 0.21896382707817352
2.2999999999999998 0.22353984614515987
2.3499999999999996 0.22810328642707489
2.3999999999999995 0.23265435823976333
2.4499999999999993 0.23719325349306430
2.4999999999999991 0.24172014502515715
2.5499999999999989 0.24623518604589556
2.5999999999999988 0.25073850965926958
2.6499999999999986 0.25523022843118248
2.6999999999999984 0.25971043397960081
2.7499999999999982 0.26417919655756350
2.7999999999999980 0.26863656460662355
2.8499999999999979 0.27308256425747857
2.8999999999999977 0.27751719876352610
2.9499999999999975 0.28194044784011218
2.9999999999999973 0.28635226692038884
3.0499999999999972 0.29075258629078782
3.0999999999999970 0.29514131013112177
3.1499999999999968 0.29951831542835095
3.1999999999999966 0.30388345079448875
3.2499999999999964 0.30823653517609628
3.2999999999999963 0.31257735646835982
3.3499999999999961 0.31690567004962311
3.3999999999999959 0.32122119724645515
3.4499999999999957 0.32552362374366872
3.4999999999999956 0.32981259796661888
3.5499999999999954 0.33408772944282461
3.5999999999999952 0.33834858717173510
3.6499999999999950 0.34259469802710996
3.6999999999999948 0.34682554519940290
3.7499999999999947 0.35104056671981354
3.7999999999999945 0.35523915408027129
3.8499999999999943 0.35942065095287745
3.8999999999999941 0.36358435206872208
3.9499999999999940 0.36772950223510570
3.9999999999999938 0.37185529554670360
4.0499999999999936 0.37596087477357543
4.0999999999999934 0.38004533096620108
4.1499999999999932 0.38410770331156918
4.1999999999999931 0.38814697917871399
4.2499999999999929 0.39216209446690797
4.2999999999999927 0.39615193419488826
4.3499999999999925 0.40011533336358873
4.3999999999999924 0.40405107811172236
4.4499999999999922 0.40795790713834101
4.4999999999999920 0.41183451344988242
4.5499999999999918 0.41567954636690274
4.5999999999999917 0.41949161385905320
4.6499999999999915 0.42326928515825202
4.6999999999999913 0.42701109367248691
4.7499999999999911 0.43071554019592284
4.7999999999999909 0.43438109640970168
4.8499999999999908 0.43800620865550144
4.8999999999999906 0.44158930198262780
4.9499999999999904 0.44512878447060089
4.9999999999999902 0.44862305179453443
5.0499999999999901 0.45207049202799610
5.0999999999999899 0.45546949069137810
5.1499999999999897 0.45881843595937610
5.1999999999999895 0.46211572411751334
5.2499999999999893 0.46535976515135857
5.2999999999999892 0.46854898849057136
5.3499999999999890 0.47168184887226516
5.3999999999999888 0.47475683231118282
5.4499999999999886 0.47777246214971925
5.4999999999999885 0.48072730513943895
5.5499999999999883 0.48361997753845642
5.5999999999999881 0.48644915119878007
5.6499999999999879 0.48921355962034951
5.6999999999999877 0.49191200391353718
5.7499999999999876 0.49454335865195986
5.7999999999999874 0.49710657760757115
5.8499999999999872 0.49960069928435047
5.8999999999999870 0.50202485226581217
5.9499999999999869 0.50437826032965205
5.9999999999999867 0.50666024726732317
6.0499999999999865 0.50887024143779769
6.0999999999999863 0.51100777996722968
6.1499999999999861 0.51307251261668796
6.1999999999999860 0.51506420526346020
6.2499999999999858 0.51698274291998914
6.2999999999999856 0.51882813242674075
6.3499999999999854 0.52060050459280305
6.3999999999999853 0.52230011593103143
6.4499999999999851 0.52392734984874068
6.4999999999999849 0.52548271738315222
6.5499999999999847 0.52696685738863991
6.5999999999999845 0.52838053624492787
6.6499999999999844 0.52972464693123555
6.6999999999999842 0.53100020768706457
6.7499999999999840 0.53220836004506111
6.7999999999999838 0.53335036636475763
6.8499999999999837 0.53442760681035040
6.8999999999999835 0.53544157581661977
6.9499999999999833 0.53639387802766336
6.9999999999999831 0.53728622372920753
7.0499999999999829 0.53812042378105218
7.0999999999999828 0.53889838408300861
7.1499999999999826 0.53962209959889762
7.1999999999999824 0.54029364790045165
7.2499999999999822 0.54091518236553782
7.2999999999999821 0.54148892499346957
7.3499999999999819 0.54201715879532486
7.3999999999999817 0.54250221998117354
7.4499999999999815 0.54294648979869464
7.4999999999999813 0.54335238613582248
7.5499999999999812 0.54372235499833721
7.5999999999999810 0.54405886170194151
7.6499999999999808 0.54436438206080240
7.6999999999999806 0.54464139348828766
7.7499999999999805 0.54489236600899105
7.7999999999999803 0.54511975337176111
7.8499999999999801 0.54532598421442202
7.8999999999999799 0.54551345332395584
7.9499999999999797 0.54568451307476451
7.9999999999999796 0.54584146515624710
8.0499999999999794 0.54598655244218364
8.0999999999999801 0.54612195124363438
8.1499999999999808 0.54624976395174940
8.1999999999999815 0.54637201199671637
8.2499999999999822 0.54649062933741277
8.2999999999999829 0.54660745632912011
8.3499999999999837 0.54672423422056582
8.3999999999999844 0.54684260012486163
8.4499999999999851 0.54696408259149010
8.4999999999999858 0.54709009781310769
8.5499999999999865 0.54722194638383570
8.5999999999999872 0.54736081079431287
8.6499999999999879 0.54750775352106373
8.6999999999999886 0.54766371582973150
8.7499999999999893 0.54782951718017614
8.7999999999999901 0.54800585541023850
8.8499999999999908 0.54819330747198691
8.8999999999999915 0.54839233090216766
8.9499999999999922 0.54860326591670727
8.9999999999999929 0.54882633809560488
9.0499999999999936 0.54906166173450899
9.0999999999999943 0.54930924368173706
9.1499999999999950 0.54956898780625707
9.1999999999999957 0.54984069991295570
9.2499999999999964 0.55012409318431210
9.2999999999999972 0.55041879393055382
9.3499999999999979 0.55072434792128533
9.3999999999999986 0.55104022683991616
9.4499999999999993 0.55136583523552218
9.5000000000000000 0.55170051754135585
9.5500000000000007 0.55204356539704236
9.6000000000000014 0.55239422507805003
9.6500000000000021 0.55275170499442083
9.7000000000000028 0.55311518331542686
9.7500000000000036 0.55348381544437331
9.8000000000000043 0.55385674152022446
9.8500000000000050 0.55423309387435893
9.9000000000000057 0.55461200416360157
9.9500000000000064 0.55499261043619796
10.000000000000007 0.55537406388122434
10.050000000000008 0.55575553537881461
10.100000000000009 0.55613622162818288
10.150000000000009 0.55651535093099724
10.200000000000010 0.55689218868032242
10.250000000000011 0.55726604227325893
10.300000000000011 0.55763626574734104
10.350000000000012 0.55800226380014806
10.400000000000013 0.55836349544923891
10.450000000000014 0.55871947706451763
10.500000000000014 0.55906978499448812
10.550000000000015 0.55941405763432428
10.600000000000016 0.55975199692598565
10.650000000000016 0.56008336945037485
10.700000000000017 0.56040800686984582
10.750000000000018 0.56072580592550381
10.800000000000018 0.56103672791872228
10.850000000000019 0.56134079776004597
10.900000000000020 0.56163810241013579
10.950000000000021 0.56192878905120480
11.000000000000021 0.56221306270657578
11.050000000000022 0.56249118343249194
11.100000000000023 0.56276346329386939
11.150000000000023 0.56303026284499680
11.200000000000024 0.56329198737572028
11.250000000000025 0.56354908289375061
11.300000000000026 0.56380203176175314
11.350000000000026 0.56405134830400883
11.400000000000027 0.56429757413193116
11.450000000000028 0.56454127330024306
11.500000000000028 0.56478302759041199
11.550000000000029 0.56502343145135470
11.600000000000030 0.56526308720032503
11.650000000000031 0.56550260008798148
11.700000000000031 0.56574257349037538
11.750000000000032 0.56598360416868942
11.800000000000033 0.56622627774995493
11.850000000000033 0.56647116431632227
11.900000000000034 0.56671881412796665
11.950000000000035 0.56696975374377345
12.000000000000036 0.56722448231456113
12.050000000000036 0.56748346809730066
12.100000000000037 0.56774714535006154
12.150000000000038 0.56801591161033116
12.200000000000038 0.56829012520012157
12.250000000000039 0.56857010308632994
12.300000000000040 0.56885611923963353
12.350000000000041 0.56914840321287130
12.400000000000041 0.56944713923797963
12.450000000000042 0.56975246551182579
12.500000000000043 0.57006447408532779
12.550000000000043 0.57038321097298450
12.600000000000044 0.57070867661710878
12.650000000000045 0.57104082683171242
12.700000000000045 0.57137957396648176
12.750000000000046 0.57172478842829833
12.800000000000047 0.57207630049806113
12.850000000000048 0.57243390254583915
12.900000000000048 0.57279735127245601
12.950000000000049 0.57316637044305452
13.000000000000050 0.57354065365377238
13.050000000000050 0.57391986738441148
13.100000000000051 0.57430365417360463
13.150000000000052 0.57469163589104255
13.200000000000053 0.57508341720822642
13.250000000000053 0.57547858900022675
13.300000000000054 0.57587673192745825
13.350000000000055 0.57627741990085468
13.400000000000055 0.57668022366659244
13.450000000000056 0.57708471418568053
13.500000000000057 0.57749046605884757
13.550000000000058 0.57789706082029824
13.600000000000058 0.57830409006697892
13.650000000000059 0.57871115848985966
13.700000000000060 0.57911788666199726
13.750000000000060 0.57952391371454581
13.800000000000061 0.57992889976468120
13.850000000000062 0.58033252804541746
13.900000000000063 0.58073450693360229
13.950000000000063 0.58113457160381188
14.000000000000064 0.58153248545927738
14.050000000000065 0.58192804131344644
14.100000000000065 0.58232106222870783
14.150000000000066 0.58271140214319672
14.200000000000067 0.58309894620752090
14.250000000000068 0.58348361076802746
14.300000000000068 0.58386534322348638
14.350000000000069 0.58424412142095150
14.400000000000070 0.58461995298078051
14.450000000000070 0.58499287432219660
14.500000000000071 0.58536294931705868
14.550000000000072 0.58573026795432526
14.600000000000072 0.58609494461833833
14.650000000000073 0.58645711629754516
14.700000000000074 0.58681694055010780
14.750000000000075 0.58717459336641298
14.800000000000075 0.58753026695448796
14.850000000000076 0.58788416727704629
14.900000000000077 0.58823651167717372
14.950000000000077 0.58858752638840883
15.000000000000078 0.58893744388218039
15.050000000000079 0.58928650051218057
15.100000000000080 0.58963493382655940
15.150000000000080 0.58998298011495365
15.200000000000081 0.59033087201409984
15.250000000000082 0.59067883608975080
15.300000000000082 0.59102709056595870
15.350000000000083 0.59137584324648884
15.400000000000084 0.59172528938077562
15.450000000000085 0.59207560993414177
15.500000000000085 0.59242696972617637
15.550000000000086 0.59277951597227485
15.600000000000087 0.59313337698903013
15.650000000000087 0.59348866089592889
15.700000000000088 0.59384545485734463
15.750000000000089 0.59420382410632300
15.800000000000090 0.59456381157346527
15.850000000000090 0.59492543753719929
15.900000000000091 0.59528869945090435
15.950000000000092 0.59565357209415026
16.000000000000092 0.59602000784675369
16.050000000000093 0.59638793717706307
16.100000000000094 0.59675726936326612
16.150000000000095 0.59712789336092698
16.200000000000095 0.59749967882044785
16.250000000000096 0.59787247727602022
16.300000000000097 0.59824612357047613
16.350000000000097 0.59862043725271263
16.400000000000098 0.59899522421915208
16.450000000000099 0.59937027839719548
16.500000000000099 0.59974538350587636
16.550000000000100 0.60012031494245832
16.600000000000101 0.60049484166171396
16.650000000000102 0.60086872804333780
16.700000000000102 0.60124173590519803
16.750000000000103 0.60161362642311644
16.800000000000104 0.60198416199195748
16.850000000000104 0.60235310811833642
16.900000000000105 0.60272023526039220
16.950000000000106 0.60308532051113417
17.000000000000107 0.60344814932609125
17.050000000000107 0.60380851701687277
17.100000000000108 0.60416623021016136
17.150000000000109 0.60452110818197013
17.200000000000109 0.60487298404915180
17.250000000000110 0.60522170576017942
17.300000000000111 0.60556713704336573
17.350000000000112 0.60590915812831270
17.400000000000112 0.60624766628514237
17.450000000000113 0.60658257629537360
17.500000000000114 0.60691382064547383
17.550000000000114 0.60724134961478882
17.600000000000115 0.60756513130975520
17.650000000000116 0.60788515123384457
17.700000000000117 0.60820141204391831
17.750000000000117 0.60851393295461520
17.800000000000118 0.60882274907545053
17.850000000000119 0.60912791053937099
17.900000000000119 0.60942948169337541
17.950000000000120 0.60972753990746753
18.000000000000121 0.61002217446819884
18.050000000000122 0.61031348540925734
18.100000000000122 0.61060158212452365
18.150000000000123 0.61088658198311663
18.200000000000124 0.61116860890400915
18.250000000000124 0.61144779195767995
18.300000000000125 0.61172426382192668
18.350000000000126 0.61199815927423629
18.400000000000126 0.61226961375538735
18.450000000000127 0.61253876193742229
18.500000000000128 0.61280573613498035
18.550000000000129 0.61307066513396791
18.600000000000129 0.61333367273931572
18.650000000000130 0.61359487653795952
18.700000000000131 0.61385438679490534
18.750000000000131 0.61411230526374538
18.800000000000132 0.61436872431709588
18.850000000000133 0.61462372602846926
18.900000000000134 0.61487738141124737
18.950000000000134 0.61512974975308055
19.000000000000135 0.61538087821350729
19.050000000000136 0.61563080128113512
19.100000000000136 0.61587954068681228
19.150000000000137 0.61612710510239310
19.200000000000138 0.61637349029290078
19.250000000000139 0.61661867914825308
19.300000000000139 0.61686264195643048
19.350000000000140 0.61710533681342383
19.400000000000141 0.61734671008156994
19.450000000000141 0.61758669693940504
19.500000000000142 0.61782522214947733
19.550000000000143 0.61806220083695962
19.600000000000144 0.61829753928890341
19.650000000000144 0.61853113600626841
19.700000000000145 0.61876288259838930
19.750000000000146 0.61899266496745042
19.800000000000146 0.61922036438417649
19.850000000000147 0.61944585851559708
19.900000000000148 0.61966902278289382
19.950000000000149 0.61988973137619752
20.000000000000149 0.62010785848144678
20.050000000000150 0.62032327947743937
20.100000000000151 0.62053587198313664
20.150000000000151 0.62074551704942138
20.200000000000152 0.62095210016391178
20.250000000000153 0.62115551220415455
20.300000000000153 0.62135565056127717
20.350000000000154 0.62155241974579667
20.400000000000155 0.62174573246569054
20.450000000000156 0.62193551007204917
20.500000000000156 0.62212168337033802
20.550000000000157 0.62230419298991535
20.600000000000158 0.62248298996340878
20.650000000000158 0.62265803597327363
20.700000000000159 0.62282930353180888
20.750000000000160 0.62299677616628912
20.800000000000161 0.62316044842031459
20.850000000000161 0.62332032574900609
20.900000000000162 0.62347642428122185
20.950000000000163 0.62362877074590983
21.000000000000163 0.62377740176962959
21.050000000000164 0.62392236367674769
21.100000000000165 0.62406371190093068
21.150000000000166 0.62420151019011882
21.200000000000166 0.62433583012868610
21.250000000000167 0.62446675023053899
21.300000000000168 0.62459435522512763
21.350000000000168 0.62471873522074617
21.400000000000169 0.62483998466021262
21.450000000000170 0.62495820161920790
21.500000000000171 0.62507348670592933
21.550000000000171 0.62518594218179402
21.600000000000172 0.62529567106988537
21.650000000000173 0.62540277606704109
21.700000000000173 0.62550735885309905
21.750000000000174 0.62560951900589856
21.800000000000175 0.62570935320739096
21.850000000000176 0.62580695449319990
21.900000000000176 0.62590241142093106
21.950000000000177 0.62599580737618510
22.000000000000178 0.62608721994230621
22.050000000000178 0.62617672031013427
22.100000000000179 0.62626437281338099
22.150000000000180 0.62635023444702398
22.200000000000180 0.62643435462316432
22.250000000000181 0.62651677469229838
22.300000000000182 0.62659752800819035
22.350000000000183 0.62667663966603726
22.400000000000183 0.62675412656901131
22.450000000000184 0.62682999747170953
22.500000000000185 0.62690425304982256
22.550000000000185 0.62697688629501869
22.600000000000186 0.62704788267872402
22.650000000000187 0.62711722054938690
22.700000000000188 0.62718487159649783
22.750000000000188 0.62725080142474354
22.800000000000189 0.62731496986035751
22.850000000000190 0.62737733188193090
22.900000000000190 0.62743783802265085
22.950000000000191 0.62749643523464016
23.000000000000192 0.62755306736704597
23.050000000000193 0.62760767623103675
23.100000000000193 0.62766020207540407
23.150000000000194 0.62771058442557148
23.200000000000195 0.62775876290668720
23.250000000000195 0.62780467784978811
23.300000000000196 0.62784827126748155
23.350000000000197 0.62788948719532556
23.400000000000198 0.62792827275060858
23.450000000000198 0.62796457861523436
23.500000000000199 0.62799835955296146
23.550000000000200 0.62802957508285573
23.600000000000200 0.62805818995450124
23.650000000000201 0.62808417465937794
23.700000000000202 0.62810750567358298
23.750000000000203 0.62812816592728637
23.800000000000203 0.62814614502865851
23.850000000000204 0.62816143938594138
23.900000000000205 0.62817405247042046
23.950000000000205 0.62818399473506759
24.000000000000206 0.62819128376382594
24.050000000000207 0.62819594394127876
24.100000000000207 0.62819800669032588
24.150000000000208 0.62819750989056899
24.200000000000209 0.62819449779475178
24.250000000000210 0.62818902073377814
24.300000000000210 0.62818113464768288
24.350000000000211 0.62817090070844017
24.400000000000212 0.62815838474797658
24.450000000000212 0.62814365699193075
24.500000000000213 0.62812679121989845
24.550000000000214 0.62810786444764233
24.600000000000215 0.62808695602388553
24.650000000000215 0.62806414739437599
24.700000000000216 0.62803952112542305
24.750000000000217 0.62801316055161038
24.800000000000217 0.62798514900570979
24.850000000000218 0.62795556915055784
24.900000000000219 0.62792450259017585
24.950000000000220 0.62789202899828922
25.000000000000220 0.62785822591710172
25.050000000000221 0.62782316773446922
25.100000000000222 0.62778692577456496
25.150000000000222 0.62774956744267030
25.200000000000223 0.62771115584521198
25.250000000000224 0.62767174970019823
25.300000000000225 0.62763140266866912
25.350000000000225 0.62759016330552697
25.400000000000226 0.62754807482711783
25.450000000000227 0.62750517509066128
25.500000000000227 0.62746149609104407
25.550000000000228 0.62741706438210088
25.600000000000229 0.62737190089258377
25.650000000000230 0.62732602099359269
25.700000000000230 0.62727943454454760
25.750000000000231 0.62723214639547109
25.800000000000232 0.62718415620103940
25.850000000000232 0.62713545910703772
25.900000000000233 0.62708604573202820
25.950000000000234 0.62703590262671582
26.000000000000234 0.62698501283925623
26.050000000000235 0.62693335617289847
26.100000000000236 0.62688090960286047
26.150000000000237 0.62682764790594092
26.200000000000237 0.62677354409373720
26.250000000000238 0.62671856978866458
26.300000000000239 0.62666269605500702
26.350000000000239 0.62660589346933193
26.400000000000240 0.62654813312242652
26.450000000000241 0.62648938657275721
26.500000000000242 0.62642962684044790
26.550000000000242 0.62636882858839726
26.600000000000243 0.62630696873831937
26.650000000000244 0.62624402655778511
26.700000000000244 0.62617998457824342
26.750000000000245 0.62611482842186206
26.800000000000246 0.62604854746119543
26.850000000000247 0.62598113492086327
26.900000000000247 0.62591258837521480
26.950000000000248 0.62584290941110510
27.000000000000249 0.62577210433609309
27.050000000000249 0.62570018400208482
27.100000000000250 0.62562716384682915
27.150000000000251 0.62555306391580245
27.200000000000252 0.62547790903138889
27.250000000000252 0.62540172817790562
27.300000000000253 0.62532455512503304
27.350000000000254 0.62524642747455061
27.400000000000254 0.62516738699244456
27.450000000000255 0.62508747918279539
27.500000000000256 0.62500675289939522
27.550000000000257 0.62492526001385329
27.600000000000257 0.62484305548316854
27.650000000000258 0.62476019628924462
27.700000000000259 0.62467674167869802
27.750000000000259 0.62459275232029654
27.800000000000260 0.62450829016228226
27.850000000000261 0.62442341785505562
27.900000000000261 0.62433819826672732
27.950000000000262 0.62425269421645169
28.000000000000263 0.62416696804419303
28.050000000000264 0.62408108093066517
28.100000000000264 0.62399509289029709
28.150000000000265 0.62390906194522699
28.200000000000266 0.62382304423138635
28.250000000000266 0.62373709323132687
28.300000000000267 0.62365125972434043
28.350000000000268 0.62356559135125167
28.400000000000269 0.62348013255508761
28.450000000000269 0.62339492421010334
28.500000000000270 0.62331000328690322
28.550000000000271 0.62322540321765985
28.600000000000271 0.62314115322728014
28.650000000000272 0.62305727850876735
28.700000000000273 0.62297380046125284
28.750000000000274 0.62289073615318102
28.800000000000274 0.62280809879915466
28.850000000000275 0.62272589778146425
28.900000000000276 0.62264413861775836
28.950000000000276 0.62256282330380941
29.000000000000277 0.62248195044368515
29.050000000000278 0.62240151542631850
29.100000000000279 0.62232151070986674
29.150000000000279 0.62224192611417095
29.200000000000280 0.62216274925816606
29.250000000000281 0.62208396560691881
29.300000000000281 0.62200555893646481
29.350000000000282 0.62192751188611339
29.400000000000283 0.62184980585385574
29.450000000000284 0.62177242180197823
29.500000000000284 0.62169534042737951
29.550000000000285 0.62161854247314352
29.600000000000286 0.62154200924815939
29.650000000000286 0.62146572263962696
29.700000000000287 0.62138966606916313
29.750000000000288 0.62131382391015677
29.800000000000288 0.62123818259827601
29.850000000000289 0.62116273059835692
29.900000000000290 0.62108745843652002
29.950000000000291 0.62101235924096443
30.000000000000291 0.62093742882233016
30.050000000000292 0.62086266567710879
30.100000000000293 0.62078807148992610
30.150000000000293 0.62071365078224972
30.200000000000294 0.62063941134262279
30.250000000000295 0.62056536411844831
30.300000000000296 0.62049152304211930
30.350000000000296 0.62041790534856034
30.400000000000297 0.62034453115785482
30.450000000000298 0.62027142358367371
30.500000000000298 0.62019860864403142
30.550000000000299 0.62012611487034519
30.600000000000300 0.62005397335020973
30.650000000000301 0.61998221741667692
30.700000000000301 0.61991088231096114
30.750000000000302 0.61984000523999327
30.800000000000303 0.61976962479377562
30.850000000000303 0.61969978073953769
30.900000000000304 0.61963051390996782
30.950000000000305 0.61956186561928916
31.000000000000306 0.61949387754744123
31.050000000000306 0.61942659145294954
31.100000000000307 0.61936004867618522
31.150000000000308 0.61929429000478819
31.200000000000308 0.61922935537239709
31.250000000000309 0.61916528344966082
31.300000000000310 0.61910211156622097
31.350000000000311 0.61903987519478676
31.400000000000311 0.61897860793351356
31.450000000000312 0.61891834114987887
31.500000000000313 0.61885910404328115
31.550000000000313 0.61880092303404410
31.600000000000314 0.61874382195441058
31.650000000000315 0.61868782180781068
31.700000000000315 0.61863294074072428
31.750000000000316 0.61857919390426730
31.800000000000317 0.61852659350627448
31.850000000000318 0.61847514869590725
31.900000000000318 0.61842486567002197
31.950000000000319 0.61837574761689496
32.000000000000320 0.61832779494658041
32.050000000000317 0.61828100529680796
32.100000000000314 0.61823537368468351
32.150000000000311 0.61819089267658001
32.200000000000308 0.61814755240121144
32.250000000000306 0.61810534105156023
32.300000000000303 0.61806424481872568
32.350000000000300 0.61802424822872126
32.400000000000297 0.61798533438654601
32.450000000000294 0.61794748523389842
32.500000000000291 0.61791068165561569
32.550000000000288 0.61787490398366174
32.600000000000286 0.61784013205759436
32.650000000000283 0.61780634559724490
32.700000000000280 0.61777352444060796
32.750000000000277 0.61774164867266279
32.800000000000274 0.61771069915565135
32.850000000000271 0.61768065744153944
32.900000000000269 0.61765150621781117
32.950000000000266 0.61762322935784653
33.000000000000263 0.61759581235200756
33.050000000000260 0.61756924191449514
33.100000000000257 0.61754350713123074
33.150000000000254 0.61751859845308843
33.200000000000252 0.61749450865733024
33.250000000000249 0.61747123243037549
33.300000000000246 0.61744876664384662
33.350000000000243 0.61742711041247844
33.400000000000240 0.61740626498234974
33.450000000000237 0.61738623370779067
33.500000000000234 0.61736702224919782
33.550000000000232 0.61734863816134578
33.600000000000229 0.61733109096330452
33.650000000000226 0.61731439218000617
33.700000000000223 0.61729855491599039
33.750000000000220 0.61728359395758048
33.800000000000217 0.61726952548482927
33.850000000000215 0.61725636683590324
33.900000000000212 0.61724413648377663
33.950000000000209 0.61723285369119196
34.000000000000206 0.61722253836073548
34.050000000000203 0.61721321065725476
34.100000000000200 0.61720489100416387
34.150000000000198 0.61719759974060651
34.200000000000195 0.61719135681343573
34.250000000000192 0.61718618171809680
34.300000000000189 0.61718209310747341
34.350000000000186 0.61717910855641378
34.400000000000183 0.61717724459747103
34.450000000000180 0.61717651614394242
34.500000000000178 0.61717693673422502
34.550000000000175 0.61717851789495626
34.600000000000172 0.61718126927921446
34.650000000000169 0.61718519840553654
34.700000000000166 0.61719031053272033
34.750000000000163 0.61719660878985394
34.800000000000161 0.61720409353213768
34.850000000000158 0.61721276285815918
34.900000000000155 0.61722261218747576
34.950000000000152 0.61723363444244228
35.000000000000149 0.61724581989324179
35.050000000000146 0.61725915615809868
35.100000000000144 0.61727362846042411
35.150000000000141 0.61728921948628113
35.200000000000138 0.61730590932050688
35.250000000000135 0.61732367590231263
35.300000000000132 0.61734249479137304
35.350000000000129 0.61736233950533403
35.400000000000126 0.61738318158084837
35.450000000000124 0.61740499052682196
35.500000000000121 0.61742773430360387
35.550000000000118 0.61745137919842819
35.600000000000115 0.61747589014991888
35.650000000000112 0.61750123091542264
35.700000000000109 0.61752736411008868
35.750000000000107 0.61755425150280985
35.800000000000104 0.61758185406212363
35.850000000000101 0.61761013220809957
35.900000000000098 0.61763904604376307
35.950000000000095 0.61766855521980801
36.000000000000092 0.61769861935388803
36.050000000000090 0.61772919797157044
36.100000000000087 0.61776025071743845
36.150000000000084 0.61779173745016180
36.200000000000081 0.61782361826594467
36.250000000000078 0.61785585354442674
36.300000000000075 0.61788840405682777
36.350000000000072 0.61792123095493423
36.400000000000070 0.61795429579063921
36.450000000000067 0.61798756049192605
36.500000000000064 0.61802098730851185
36.550000000000061 0.61805453881603967
36.600000000000058 0.61808817778526759
36.650000000000055 0.61812186711449613
36.700000000000053 0.61815556975417962
36.750000000000050 0.61818924847941048
36.800000000000047 0.61822286578063768
36.850000000000044 0.61825638375985648
36.900000000000041 0.61828976399525004
36.950000000000038 0.61832296724922742
37.000000000000036 0.61835595312324187
37.050000000000033 0.61838868026811156
37.100000000000030 0.61842110573749665
37.150000000000027 0.61845318508758851
37.200000000000024 0.61848487180576228
37.250000000000021 0.61851611748870994
37.300000000000018 0.61854687121716267
37.350000000000016 0.61857707966865405
37.400000000000013 0.61860668645451256
37.450000000000010 0.61863563245140085
37.500000000000007 0.61866385506682775
37.550000000000004 0.61869128833237141
37.600000000000001 0.61871786257093220
37.649999999999999 0.61874350426720071
37.699999999999996 0.61876813581811518
37.749999999999993 0.61879167545349389
37.799999999999990 0.61881403694684423
37.849999999999987 0.61883512967732202
37.899999999999984 0.61885485837542831
37.949999999999982 0.61887312289194085
37.999999999999979 0.61888981842415092
38.049999999999976 0.61890483512748062
38.099999999999973 0.61891805844361159
38.149999999999970 0.61892936854533787
38.199999999999967 0.61893864080396099
38.249999999999964 0.61894574554983706
38.299999999999962 0.61895054807479255
38.349999999999959 0.61895290884528720
38.399999999999956 0.61895268330637521
38.449999999999953 0.61894972218134114
38.499999999999950 0.61894387137890305
38.549999999999947 0.61893497221234384
38.599999999999945 0.61892286143063302
38.649999999999942 0.61890737131903961
38.699999999999939 0.61888832986952025
38.749999999999936 0.61886556098102119
38.799999999999933 0.61883888440014800
38.849999999999930 0.61880811607615271
38.899999999999928 0.61877306814807298
38.949999999999925 0.61873354936921032
38.999999999999922 0.61868936479953618
39.049999999999919 0.61864031646024387
39.099999999999916 0.61858620318602675
39.149999999999913 0.61852682086993127
39.199999999999910 0.61846196262770547
39.249999999999908 0.61839141886032678
39.299999999999905 0.61831497767137478
39.349999999999902 0.61823242467518469
39.399999999999899 0.61814354324006615
39.449999999999896 0.61804811472853771
39.499999999999893 0.61794591859971604
39.549999999999891 0.61783673242537418
39.599999999999888 0.61772033213834732
39.649999999999885 0.61759649198783961
39.699999999999882 0.61746498484687606
39.749999999999879 0.61732558217904909
39.799999999999876 0.61717805413628923
39.849999999999874 0.61702216977479907
39.899999999999871 0.61685769691933956
39.949999999999868 0.61668440262607760
39.999999999999865 0.61650205286809978
