# Long-range Heisenberg model
# L = 45, S_z^tot = -35/2, J = 1, Delta = 0.5, Alpha = 4.5
# Time dependence of center of mass, i.e. first density moment of <Sz_l(t)>
# time, center of mass

0.0000000000000000 3.0000000000000000
5.0000000000000003E-002 3.0001260395000018
0.10000000000000001 3.0005041101280052
0.15000000000000002 3.0011340685592236
0.20000000000000001 3.0020156768861792
0.25000000000000000 3.0031486040569213
0.29999999999999999 3.0045324278637819
0.34999999999999998 3.0061666374583469
0.39999999999999997 3.0080506363621322
0.44999999999999996 3.0101837459367262
0.49999999999999994 3.0125652092719974
0.54999999999999993 3.0151941954465586
0.59999999999999998 3.0180698041109548
0.65000000000000002 3.0211910703410951
0.70000000000000007 3.0245569697074348
0.75000000000000011 3.0281664235041674
0.80000000000000016 3.0320183040823259
0.85000000000000020 3.0361114402311373
0.90000000000000024 3.0404446225533754
0.95000000000000029 3.0450166087824067
1.0000000000000002 3.0498261289915445
1.0500000000000003 3.0548718906497068
1.1000000000000003 3.0601525834813939
1.1500000000000004 3.0656668840935644
1.2000000000000004 3.0714134603368404
1.2500000000000004 3.0773909753736408
1.3000000000000005 3.0835980914313041
1.3500000000000005 3.0900334732235688
1.4000000000000006 3.0966957910294375
1.4500000000000006 3.1035837234235033
1.5000000000000007 3.1106959596571491
1.5500000000000007 3.1180312016948224
1.6000000000000008 3.1255881659138711
1.6500000000000008 3.1333655844807193
1.7000000000000008 3.1413622064194686
1.7500000000000009 3.1495767983921388
1.8000000000000009 3.1580081452121727
1.8500000000000010 3.1666550501146480
1.9000000000000010 3.1755163348081057
1.9500000000000011 3.1845908393333051
2.0000000000000009 3.1938774217547756
2.0500000000000007 3.2033749577102313
2.1000000000000005 3.2130823398425061
2.1500000000000004 3.2229984771369731
2.2000000000000002 3.2331222941861424
2.2500000000000000 3.2434527304006955
2.2999999999999998 3.2539887391843991
2.3499999999999996 3.2647292870876061
2.3999999999999995 3.2756733529515820
2.4499999999999993 3.2868199270532932
2.4999999999999991 3.2981680102574362
2.5499999999999989 3.3097166131805262
2.5999999999999988 3.3214647553684360
2.6499999999999986 3.3334114644874773
2.6999999999999984 3.3455557755263432
2.7499999999999982 3.3578967300049154
2.7999999999999980 3.3704333751836248
2.8499999999999979 3.3831647632668282
2.8999999999999977 3.3960899505917292
2.9499999999999975 3.4092079967941351
2.9999999999999973 3.4225179639420733
3.0499999999999972 3.4360189156278054
3.0999999999999970 3.4497099160095392
3.1499999999999968 3.4635900287939902
3.1999999999999966 3.4776583161520063
3.2499999999999964 3.4919138375605745
3.2999999999999963 3.5063556485646745
3.3499999999999961 3.5209827994549188
3.3999999999999959 3.5357943338571696
3.4499999999999957 3.5507892872323641
3.4999999999999956 3.5659666852854723
3.5499999999999954 3.5813255422849481
3.5999999999999952 3.5968648592948509
3.6499999999999950 3.6125836223227554
3.6999999999999948 3.6284808003887923
3.7499999999999947 3.6445553435220535
3.7999999999999945 3.6608061806911230
3.8499999999999943 3.6772322176775742
3.8999999999999941 3.6938323349013307
3.9499999999999940 3.7106053852078733
3.9999999999999938 3.7275501916283558
4.0499999999999936 3.7446655451232371
4.0999999999999934 3.7619502023219633
4.1499999999999932 3.7794028832696185
4.1999999999999931 3.7970222691941866
4.2499999999999929 3.8148070003056431
4.2999999999999927 3.8327556736402495
4.3499999999999925 3.8508668409624587
4.3999999999999924 3.8691390067361495
4.4499999999999922 3.8875706261791949
4.4999999999999920 3.9061601034117643
4.5499999999999918 3.9249057897123358
4.5999999999999917 3.9438059818911211
4.6499999999999915 3.9628589207947176
4.6999999999999913 3.9820627899516063
4.7499999999999911 4.0014157143701485
4.7999999999999909 4.0209157595003786
4.8499999999999908 4.0405609303680095
4.8999999999999906 4.0603491708928221
4.9499999999999904 4.0802783633987412
4.9999999999999902 4.1003463283263120
5.0499999999999901 4.1205508241541269
5.0999999999999899 4.1408895475383130
5.1499999999999897 4.1613601336770225
5.1999999999999895 4.1819601569055278
5.2499999999999893 4.2026871315285632
5.2999999999999892 4.2235385128941347
5.3499999999999890 4.2445116987129543
5.3999999999999888 4.2656040306271192
5.4499999999999886 4.2868127960290661
5.4999999999999885 4.3081352301326818
5.5499999999999883 4.3295685182965871
5.5999999999999881 4.3511097985985820
5.6499999999999879 4.3727561646583126
5.6999999999999877 4.3945046687062481
5.7499999999999876 4.4163523248932481
5.7999999999999874 4.4382961128355083
5.8499999999999872 4.4603329813889170
5.8999999999999870 4.4824598526436592
5.9499999999999869 4.5046736261305123
5.9999999999999867 4.5269711832295680
6.0499999999999865 4.5493493917682875
6.0999999999999863 4.5718051107987661
6.1499999999999861 4.5943351955393368
6.1999999999999860 4.6169365024666984
6.2499999999999858 4.6396058945442533
6.2999999999999856 4.6623402465679469
6.3499999999999854 4.6851364506168816
6.3999999999999853 4.7079914215881793
6.4499999999999851 4.7309021027966116
6.4999999999999849 4.7538654716235254
6.5499999999999847 4.7768785451915639
6.5999999999999845 4.7999383860485523
6.6499999999999844 4.8230421078349988
6.6999999999999842 4.8461868809179443
6.7499999999999840 4.8693699379675399
6.7999999999999838 4.8925885794529860
6.8499999999999837 4.9158401790379083
6.8999999999999835 4.9391221888494661
6.9499999999999833 4.9624321446007453
6.9999999999999831 4.9857676705396177
7.0499999999999829 5.0091264842056011
7.0999999999999828 5.0325064009677369
7.1499999999999826 5.0559053383220585
7.1999999999999824 5.0793213199264020
7.2499999999999822 5.1027524793496566
7.2999999999999821 5.1261970635140814
7.3499999999999819 5.1496534358104133
7.3999999999999817 5.1731200788644882
7.4499999999999815 5.1965955969397362
7.4999999999999813 5.2200787179521368
7.5499999999999812 5.2435682950888074
7.5999999999999810 5.2670633080102958
7.6499999999999808 5.2905628636253503
7.6999999999999806 5.3140661964287421
7.7499999999999805 5.3375726683911502
7.7999999999999803 5.3610817683985630
7.8499999999999801 5.3845931112317391
7.8999999999999799 5.4081064360900646
7.9499999999999797 5.4316216046580621
7.9999999999999796 5.4551385987186265
8.0499999999999794 5.4786575173221861
8.0999999999999801 5.5021785735192781
8.1499999999999808 5.5257020906713930
8.1999999999999815 5.5492284983541680
8.2499999999999822 5.5727583278709796
8.2999999999999829 5.5962922074013397
8.3499999999999837 5.6198308568035769
8.3999999999999844 5.6433750821032262
8.4499999999999851 5.6669257696903772
8.4999999999999858 5.6904838802606497
8.5499999999999865 5.7140504425326695
8.5999999999999872 5.7376265467722645
8.6499999999999879 5.7612133381667601
8.6999999999999886 5.7848120100765836
8.7499999999999893 5.8084237972123551
8.7999999999999901 5.8320499687678211
8.8499999999999908 5.8556918215500877
8.8999999999999915 5.8793506731474485
8.9499999999999922 5.9030278551699489
8.9999999999999929 5.9267247066011874
9.0499999999999936 5.9504425672980243
9.0999999999999943 5.9741827716729912
9.1499999999999950 5.9979466425923968
9.1999999999999957 6.0217354855228216
9.2499999999999964 6.0455505829545446
9.2999999999999972 6.0693931891288759
9.3499999999999979 6.0932645250964761
9.3999999999999986 6.1171657741265664
9.4499999999999993 6.1410980774872499
9.5000000000000000 6.1650625306138256
9.5500000000000007 6.1890601796800109
9.6000000000000014 6.2130920185785508
9.6500000000000021 6.2371589863256389
9.7000000000000028 6.2612619648879368
9.7500000000000036 6.2854017774364586
9.8000000000000043 6.3095791870266362
9.8500000000000050 6.3337948956996097
9.9000000000000057 6.3580495439976676
9.9500000000000064 6.3823437108882146
10.000000000000007 6.4066779140759342
10.050000000000008 6.4310526106999957
10.100000000000009 6.4554681983894806
10.150000000000009 6.4799250166669147
10.200000000000010 6.5044233486728356
10.250000000000011 6.5289634231950711
10.300000000000011 6.5535454169749654
10.350000000000012 6.5781694572663572
10.400000000000013 6.6028356246260618
10.450000000000014 6.6275439559021603
10.500000000000014 6.6522944473961605
10.550000000000015 6.6770870581728410
10.600000000000016 6.7019217134858859
10.650000000000016 6.7267983082932332
10.700000000000017 6.7517167108330174
10.750000000000018 6.7766767662325735
10.800000000000018 6.8016783001222247
10.850000000000019 6.8267211222290625
10.900000000000020 6.8518050299207323
10.950000000000021 6.8769298116778508
11.000000000000021 6.9020952504695252
11.050000000000022 6.9273011270089873
11.100000000000023 6.9525472228665803
11.150000000000023 6.9778333234246164
11.200000000000024 7.0031592206501694
11.250000000000025 7.0285247156731554
11.300000000000026 7.0539296211525198
11.350000000000026 7.0793737634197473
11.400000000000027 7.1048569843874745
11.450000000000028 7.1303791432131423
11.500000000000028 7.1559401177120368
11.550000000000029 7.1815398055152428
11.600000000000030 7.2071781249673545
11.650000000000031 7.2328550157662459
11.700000000000031 7.2585704393425710
11.750000000000032 7.2843243789833592
11.800000000000033 7.3101168397067076
11.850000000000033 7.3359478478897868
11.900000000000034 7.3618174506640948
11.950000000000035 7.3877257150841320
12.000000000000036 7.4136727270820248
12.050000000000036 7.4396585902255952
12.100000000000037 7.4656834242849959
12.150000000000038 7.4917473636347554
12.200000000000038 7.5178505555008543
12.250000000000039 7.5439931580717712
12.300000000000040 7.5701753384956092
12.350000000000041 7.5963972707742915
12.400000000000041 7.6226591335855067
12.450000000000042 7.6489611080414024
12.500000000000043 7.6753033754101709
12.550000000000043 7.7016861148202640
12.600000000000044 7.7281095009595813
12.650000000000045 7.7545737018014913
12.700000000000045 7.7810788763631384
12.750000000000046 7.8076251725232479
12.800000000000047 7.8342127249110547
12.850000000000048 7.8608416528865064
12.900000000000048 7.8875120586248624
12.950000000000049 7.9142240253189771
13.000000000000050 7.9409776155140950
13.050000000000050 7.9677728695860983
13.100000000000051 7.9946098043731659
13.150000000000052 8.0214884119688588
13.200000000000053 8.0484086586855383
13.250000000000053 8.0753704841928364
13.300000000000054 8.1023738008341333
13.350000000000055 8.1294184931270461
13.400000000000055 8.1565044174471666
13.450000000000056 8.1836314018931979
13.500000000000057 8.2107992463339077
13.550000000000058 8.2380077226351531
13.600000000000058 8.2652565750572862
13.650000000000059 8.2925455208213457
13.700000000000060 8.3198742508362571
13.750000000000060 8.3472424305768431
13.800000000000061 8.3746497011054384
13.850000000000062 8.4020956802249440
13.900000000000063 8.4295799637525253
13.950000000000063 8.4571021269034947
14.000000000000064 8.4846617257690031
14.050000000000065 8.5122582988799014
14.100000000000065 8.5398913688365816
14.150000000000066 8.5675604439957098
14.200000000000067 8.5952650201969725
14.250000000000068 8.6230045825174439
14.300000000000068 8.6507786070371804
14.350000000000069 8.6785865626048224
14.400000000000070 8.7064279125849211
14.450000000000070 8.7343021165808210
14.500000000000071 8.7622086321102532
14.550000000000072 8.7901469162316186
14.600000000000072 8.8181164271015113
14.650000000000073 8.8461166254565526
14.700000000000074 8.8741469760094134
14.750000000000075 8.9022069487479332
14.800000000000075 8.9302960201291128
14.850000000000076 8.9584136741661240
14.900000000000077 8.9865594033934943
14.950000000000077 9.0147327097136163
15.000000000000078 9.0429331051163722
15.050000000000079 9.0711601122708121
15.100000000000080 9.0994132649865573
15.150000000000080 9.1276921085451157
15.200000000000081 9.1559961999025443
15.250000000000082 9.1843251077642769
15.300000000000082 9.2126784125356416
15.350000000000083 9.2410557061502843
15.400000000000084 9.2694565917870513
15.450000000000085 9.2978806834728438
15.500000000000085 9.3263276055845754
15.550000000000086 9.3547969922574126
15.600000000000087 9.3832884867029840
15.650000000000087 9.4118017404495369
15.700000000000088 9.4403364125155260
15.750000000000089 9.4688921685215472
15.800000000000090 9.4974686797539540
15.850000000000090 9.5260656221886819
15.900000000000091 9.5546826754885394
15.950000000000092 9.5833195219822915
16.000000000000092 9.6119758456344808
16.050000000000093 9.6406513310214379
16.100000000000094 9.6693456623189160
16.150000000000095 9.6980585223132607
16.200000000000095 9.7267895914446356
16.250000000000096 9.7555385468960782
16.300000000000097 9.7843050617255560
16.350000000000097 9.8130888040644919
16.400000000000098 9.8418894363759790
16.450000000000099 9.8707066147871867
16.500000000000099 9.8995399885013722
16.550000000000100 9.9283891992890023
16.600000000000101 9.9572538810693931
16.650000000000102 9.9861336595817090
16.700000000000102 10.015028152148957
16.750000000000103 10.043936967535856
16.800000000000104 10.072859705902211
16.850000000000104 10.101795958853431
16.900000000000105 10.130745309581819
16.950000000000106 10.159707333100791
17.000000000000107 10.188681596573078
17.050000000000107 10.217667659718327
17.100000000000108 10.246665075308668
17.150000000000109 10.275673389736545
17.200000000000109 10.304692143659587
17.250000000000110 10.333720872706026
17.300000000000111 10.362759108245864
17.350000000000112 10.391806378206145
17.400000000000112 10.420862207938905
17.450000000000113 10.449926121122752
17.500000000000114 10.478997640693716
17.550000000000114 10.508076289799199
17.600000000000115 10.537161592764946
17.650000000000116 10.566253076066195
17.700000000000117 10.595350269296278
17.750000000000117 10.624452706128436
17.800000000000118 10.653559925250800
17.850000000000119 10.682671471285648
17.900000000000119 10.711786895665515
17.950000000000120 10.740905757478497
18.000000000000121 10.770027624261960
18.050000000000122 10.799152072745985
18.100000000000122 10.828278689541472
18.150000000000123 10.857407071760871
18.200000000000124 10.886536827582287
18.250000000000124 10.915667576733579
18.300000000000125 10.944798950915427
18.350000000000126 10.973930594140656
18.400000000000126 11.003062163004184
18.450000000000127 11.032193326875495
18.500000000000128 11.061323768010881
18.550000000000129 11.090453181598223
18.600000000000129 11.119581275718831
18.650000000000130 11.148707771244680
18.700000000000131 11.177832401657959
18.750000000000131 11.206954912813524
18.800000000000132 11.236075062627091
18.850000000000133 11.265192620715384
18.900000000000134 11.294307367976755
18.950000000000134 11.323419096122899
19.000000000000135 11.352527607165479
19.050000000000136 11.381632712871090
19.100000000000136 11.410734234176141
19.150000000000137 11.439832000582188
19.200000000000138 11.468925849528205
19.250000000000139 11.498015625747065
19.300000000000139 11.527101180623182
19.350000000000140 11.556182371540471
19.400000000000141 11.585259061241747
19.450000000000141 11.614331117194794
19.500000000000142 11.643398410979504
19.550000000000143 11.672460817698216
19.600000000000144 11.701518215407511
19.650000000000144 11.730570484590551
19.700000000000145 11.759617507662805
19.750000000000146 11.788659168519391
19.800000000000146 11.817695352130583
19.850000000000147 11.846725944178125
19.900000000000148 11.875750830749638
19.950000000000149 11.904769898083579
20.000000000000149 11.933783032368197
20.050000000000150 11.962790119594084
20.100000000000151 11.991791045461563
20.150000000000151 12.020785695353183
20.200000000000152 12.049773954352656
20.250000000000153 12.078755707315242
20.300000000000153 12.107730839002109
20.350000000000154 12.136699234253198
20.400000000000155 12.165660778215157
20.450000000000156 12.194615356612449
20.500000000000156 12.223562856060317
20.550000000000157 12.252503164412653
20.600000000000158 12.281436171148044
20.650000000000158 12.310361767782283
20.700000000000159 12.339279848307077
20.750000000000160 12.368190309647785
20.800000000000161 12.397093052140585
20.850000000000161 12.425987980016323
20.900000000000162 12.454875001888086
20.950000000000163 12.483754031248061
21.000000000000163 12.512624986947079
21.050000000000164 12.541487793676671
21.100000000000165 12.570342382433175
21.150000000000166 12.599188690961416
21.200000000000166 12.628026664178622
21.250000000000167 12.656856254566891
21.300000000000168 12.685677422545680
21.350000000000168 12.714490136795858
21.400000000000169 12.743294374561403
21.450000000000170 12.772090121898460
21.500000000000171 12.800877373895052
21.550000000000171 12.829656134834245
21.600000000000172 12.858426418322976
21.650000000000173 12.887188247369110
21.700000000000173 12.915941654411842
21.750000000000174 12.944686681303601
21.800000000000175 12.973423379250891
21.850000000000176 13.002151808701827
21.900000000000176 13.030872039193245
21.950000000000177 13.059584149153428
22.000000000000178 13.088288225664128
22.050000000000178 13.116984364177597
22.100000000000179 13.145672668204002
22.150000000000180 13.174353248960191
22.200000000000180 13.203026224989788
22.250000000000181 13.231691721754308
22.300000000000182 13.260349871202955
22.350000000000183 13.289000811315272
22.400000000000183 13.317644685637157
22.450000000000184 13.346281642798177
22.500000000000185 13.374911836017873
22.550000000000185 13.403535422619967
22.600000000000186 13.432152563532469
22.650000000000187 13.460763422797104
22.700000000000188 13.489368167089800
22.750000000000188 13.517966965243424
22.800000000000189 13.546559987797925
22.850000000000190 13.575147406559962
22.900000000000190 13.603729394182171
22.950000000000191 13.632306123774086
23.000000000000192 13.660877768533156
23.050000000000193 13.689444501415920
23.100000000000193 13.718006494825749
23.150000000000194 13.746563920344679
23.200000000000195 13.775116948498301
23.250000000000195 13.803665748548637
23.300000000000196 13.832210488337395
23.350000000000197 13.860751334151431
23.400000000000198 13.889288450631774
23.450000000000198 13.917822000722733
23.500000000000199 13.946352145646145
23.550000000000200 13.974879044921744
23.600000000000200 14.003402856411073
23.650000000000201 14.031923736396440
23.700000000000202 14.060441839694109
23.750000000000203 14.088957319784031
23.800000000000203 14.117470328982977
23.850000000000204 14.145981018615853
23.900000000000205 14.174489539230242
23.950000000000205 14.202996040805980
24.000000000000206 14.231500672997420
24.050000000000207 14.260003585377262
24.100000000000207 14.288504927683974
24.150000000000208 14.317004850085864
24.200000000000209 14.345503503426281
24.250000000000210 14.374001039489050
24.300000000000210 14.402497611239797
24.350000000000211 14.430993373073104
24.400000000000212 14.459488481036550
24.450000000000212 14.487983093046909
24.500000000000213 14.516477369087090
24.550000000000214 14.544971471389896
24.600000000000215 14.573465564586737
24.650000000000215 14.601959815849947
24.700000000000216 14.630454394995368
24.750000000000217 14.658949474570857
24.800000000000217 14.687445229906986
24.850000000000218 14.715941839142344
24.900000000000219 14.744439483223942
24.950000000000220 14.772938345873470
25.000000000000220 14.801438613526379
25.050000000000221 14.829940475238470
25.100000000000222 14.858444122567558
25.150000000000222 14.886949749427695
25.200000000000223 14.915457551910016
25.250000000000224 14.943967728091446
25.300000000000225 14.972480477798655
25.350000000000225 15.000996002375578
25.400000000000226 15.029514504410844
25.450000000000227 15.058036187454407
25.500000000000227 15.086561255718349
25.550000000000228 15.115089913762356
25.600000000000229 15.143622366178022
25.650000000000230 15.172158817244748
25.700000000000230 15.200699470607677
25.750000000000231 15.229244528925328
25.800000000000232 15.257794193540924
25.850000000000232 15.286348664133609
25.900000000000233 15.314908138398414
25.950000000000234 15.343472811713728
26.000000000000234 15.372042876835181
26.050000000000235 15.400618523590854
26.100000000000236 15.429199938592829
26.150000000000237 15.457787304976181
26.200000000000237 15.486380802139898
26.250000000000238 15.514980605527787
26.300000000000239 15.543586886405606
26.350000000000239 15.572199811690817
26.400000000000240 15.600819543785118
26.450000000000241 15.629446240444416
26.500000000000242 15.658080054660113
26.550000000000242 15.686721134582948
26.600000000000243 15.715369623461132
26.650000000000244 15.744025659608541
26.700000000000244 15.772689376403756
26.750000000000245 15.801360902296636
26.800000000000246 15.830040360864411
26.850000000000247 15.858727870864591
26.900000000000247 15.887423546328590
26.950000000000248 15.916127496660208
27.000000000000249 15.944839826771029
27.050000000000249 15.973560637215984
27.100000000000250 16.002290024351517
27.150000000000251 16.031028080510833
27.200000000000252 16.059774894174520
27.250000000000252 16.088530550169629
27.300000000000253 16.117295129860040
27.350000000000254 16.146068711344782
27.400000000000254 16.174851369674350
27.450000000000255 16.203643177031978
27.500000000000256 16.232444202953246
27.550000000000257 16.261254514507915
27.600000000000257 16.290074176494276
27.650000000000258 16.318903251620362
27.700000000000259 16.347741800673415
27.750000000000259 16.376589882677724
27.800000000000260 16.405447555040041
27.850000000000261 16.434314873678957
27.900000000000261 16.463191893134177
27.950000000000262 16.492078666672391
28.000000000000263 16.520975246355949
28.050000000000264 16.549881683111902
28.100000000000264 16.578798026759106
28.150000000000265 16.607724326042423
28.200000000000266 16.636660628624362
28.250000000000266 16.665606981073150
28.300000000000267 16.694563428820103
28.350000000000268 16.723530016107841
28.400000000000269 16.752506785914754
28.450000000000269 16.781493779864512
28.500000000000270 16.810491038120574
28.550000000000271 16.839498599261645
28.600000000000271 16.868516500147290
28.650000000000272 16.897544775773724
28.700000000000273 16.926583459116028
28.750000000000274 16.955632580965467
28.800000000000274 16.984692169748580
28.850000000000275 17.013762251355175
28.900000000000276 17.042842848958749
28.950000000000276 17.071933982828330
29.000000000000277 17.101035670152996
29.050000000000278 17.130147924858697
29.100000000000279 17.159270757431255
29.150000000000279 17.188404174748833
29.200000000000280 17.217548179921039
29.250000000000281 17.246702772139326
29.300000000000281 17.275867946524937
29.350000000000282 17.305043694010728
29.400000000000283 17.334230001216945
29.450000000000284 17.363426850352489
29.500000000000284 17.392634219134777
29.550000000000285 17.421852080711258
29.600000000000286 17.451080403611943
29.650000000000286 17.480319151718156
29.700000000000287 17.509568284241467
29.750000000000288 17.538827755731059
29.800000000000288 17.568097516094454
29.850000000000289 17.597377510630295
29.900000000000290 17.626667680092574
29.950000000000291 17.655967960763540
30.000000000000291 17.685278284543333
30.050000000000292 17.714598579056734
30.100000000000293 17.743928767779050
30.150000000000293 17.773268770171455
30.200000000000294 17.802618501830423
30.250000000000295 17.831977874651663
30.300000000000296 17.861346796992255
30.350000000000296 17.890725173863586
30.400000000000297 17.920112907113843
30.450000000000298 17.949509895612518
30.500000000000298 17.978916035464177
30.550000000000299 18.008331220199413
30.600000000000300 18.037755340973199
30.650000000000301 18.067188286777064
30.700000000000301 18.096629944620517
30.750000000000302 18.126080199736872
30.800000000000303 18.155538935773940
30.850000000000303 18.185006034967952
30.900000000000304 18.214481378322255
30.950000000000305 18.243964845774837
31.000000000000306 18.273456316347684
31.050000000000306 18.302955668293649
31.100000000000307 18.332462779233989
31.150000000000308 18.361977526270987
31.200000000000308 18.391499786084481
31.250000000000309 18.421029435039866
31.300000000000310 18.450566349252554
31.350000000000311 18.480110404658703
31.400000000000311 18.509661477056600
31.450000000000312 18.539219442137799
31.500000000000313 18.568784175512899
31.550000000000313 18.598355552718605
31.600000000000314 18.627933449203024
31.650000000000315 18.657517740304751
31.700000000000315 18.687108301229266
31.750000000000316 18.716705006999035
31.800000000000317 18.746307732398549
31.850000000000318 18.775916351921914
31.900000000000318 18.805530739696895
31.950000000000319 18.835150769406653
32.000000000000320 18.864776314213085
32.050000000000317 18.894407246668198
32.100000000000314 18.924043438633884
32.150000000000311 18.953684761179094
32.200000000000308 18.983331084509445
32.250000000000306 19.012982277862772
32.300000000000303 19.042638209433800
32.350000000000300 19.072298746290365
32.400000000000297 19.101963754297536
32.450000000000294 19.131633098057364
32.500000000000291 19.161306640831558
32.550000000000288 19.190984244504946
32.600000000000286 19.220665769530807
32.650000000000283 19.250351074900436
32.700000000000280 19.280040018123806
32.750000000000277 19.309732455214636
32.800000000000274 19.339428240690456
32.850000000000271 19.369127227591246
32.900000000000269 19.398829267497440
32.950000000000266 19.428534210580345
33.000000000000263 19.458241905633525
33.050000000000260 19.487952200154606
33.100000000000257 19.517664940407556
33.150000000000254 19.547379971518549
33.200000000000252 19.577097137565335
33.250000000000249 19.606816281688520
33.300000000000246 19.636537246212274
33.350000000000243 19.666259872771452
33.400000000000240 19.695984002441904
33.450000000000237 19.725709475885871
33.500000000000234 19.755436133497390
33.550000000000232 19.785163815562139
33.600000000000229 19.814892362402492
33.650000000000226 19.844621614548203
33.700000000000223 19.874351412893319
33.750000000000220 19.904081598858117
33.800000000000217 19.933812014540123
33.850000000000215 19.963542502889201
33.900000000000212 19.993272907843007
33.950000000000209 20.023003074492916
34.000000000000206 20.052732849223585
34.050000000000203 20.082462079843545
34.100000000000200 20.112190615726828
34.150000000000198 20.141918307921181
34.200000000000195 20.171645009279100
34.250000000000192 20.201370574548072
34.300000000000189 20.231094860461177
34.350000000000186 20.260817725824793
34.400000000000183 20.290539031590278
34.450000000000180 20.320258640904736
34.500000000000178 20.349976419155489
34.550000000000175 20.379692234013689
34.600000000000172 20.409405955451362
34.650000000000169 20.439117455750839
34.700000000000166 20.468826609496688
34.750000000000163 20.498533293573796
34.800000000000161 20.528237387136659
34.850000000000158 20.557938771575859
34.900000000000155 20.587637330468961
34.950000000000152 20.617332949531495
35.000000000000149 20.647025516561097
35.050000000000146 20.676714921352666
35.100000000000144 20.706401055631964
35.150000000000141 20.736083812972051
35.200000000000138 20.765763088696957
35.250000000000135 20.795438779801579
35.300000000000132 20.825110784855486
35.350000000000129 20.854779003897580
35.400000000000126 20.884443338348841
35.450000000000124 20.914103690906799
35.500000000000121 20.943759965453449
35.550000000000118 20.973412066958470
35.600000000000115 21.003059901391751
35.650000000000112 21.032703375625214
35.700000000000109 21.062342397349454
35.750000000000107 21.091976875005646
35.800000000000104 21.121606717696192
35.850000000000101 21.151231835123728
35.900000000000098 21.180852137531218
35.950000000000095 21.210467535640998
36.000000000000092 21.240077940605033
36.050000000000090 21.269683263970638
36.100000000000087 21.299283417643334
36.150000000000084 21.328878313860596
36.200000000000081 21.358467865170208
36.250000000000078 21.388051984428333
36.300000000000075 21.417630584772219
36.350000000000072 21.447203579644334
36.400000000000070 21.476770882780137
36.450000000000067 21.506332408232009
36.500000000000064 21.535888070379169
36.550000000000061 21.565437783947022
36.600000000000058 21.594981464035964
36.650000000000055 21.624519026141879
36.700000000000053 21.654050386185467
36.750000000000050 21.683575460535529
36.800000000000047 21.713094166043106
36.850000000000044 21.742606420069176
36.900000000000041 21.772112140497093
36.950000000000038 21.801611245771106
37.000000000000036 21.831103654900947
37.050000000000033 21.860589287477382
37.100000000000030 21.890068063681767
37.150000000000027 21.919539904290911
37.200000000000024 21.949004730663958
37.250000000000021 21.978462464724384
37.300000000000018 22.007913028951439
37.350000000000016 22.037356346332366
37.400000000000013 22.066792340329371
37.450000000000010 22.096220934823755
37.500000000000007 22.125642054057646
37.550000000000004 22.155055622550012
37.600000000000001 22.184461565023767
37.649999999999999 22.213859806296380
37.699999999999996 22.243250271178329
37.749999999999993 22.272632884354611
37.799999999999990 22.302007570249941
37.849999999999987 22.331374252890431
37.899999999999984 22.360732855752648
37.949999999999982 22.390083301593410
37.999999999999979 22.419425512288804
38.049999999999976 22.448759408637123
38.099999999999973 22.478084910178922
38.149999999999970 22.507401934997851
38.199999999999967 22.536710399507356
38.249999999999964 22.566010218244593
38.299999999999962 22.595301303649514
38.349999999999959 22.624583565837497
38.399999999999956 22.653856912381315
38.449999999999953 22.683121248070439
38.499999999999950 22.712376474683563
38.549999999999947 22.741622490754850
38.599999999999945 22.770859191339415
38.649999999999942 22.800086467778247
38.699999999999939 22.829304207465732
38.749999999999936 22.858512293618190
38.799999999999933 22.887710605056306
38.849999999999930 22.916899015970262
38.899999999999928 22.946077395712773
38.949999999999925 22.975245608580305
38.999999999999922 23.004403513619408
39.049999999999919 23.033550964410853
39.099999999999916 23.062687808893550
39.149999999999913 23.091813889174475
39.199999999999910 23.120929041356082
39.249999999999908 23.150033095374656
39.299999999999905 23.179125874842594
39.349999999999902 23.208207196898872
39.399999999999899 23.237276872077004
39.449999999999896 23.266334704179414
39.499999999999893 23.295380490156848
39.549999999999891 23.324414020009094
39.599999999999888 23.353435076679339
39.649999999999885 23.382443435983067
39.699999999999882 23.411438866517180
39.749999999999879 23.440421129597652
39.799999999999876 23.469389979214103
39.849999999999874 23.498345161963400
39.899999999999871 23.527286417029849
39.949999999999868 23.556213476139547
39.999999999999865 23.585126063560011
