# Long-range Heisenberg model
# L = 45, S_z^tot = -35/2, J = 1, Delta = 0.5, Alpha = 2.5
# Time dependence of center of mass, i.e. first density moment of <Sz_l(t)>
# time, center of mass

0.0000000000000000 3.0000000000000000
5.0000000000000003E-002 3.0001494329458351
0.10000000000000001 3.0005976821218048
0.15000000000000002 3.0013445989503205
0.20000000000000001 3.0023899371536706
0.25000000000000000 3.0037333547636202
0.29999999999999999 3.0053744168996435
0.34999999999999998 3.0073125992811729
0.39999999999999997 3.0095472924303910
0.44999999999999996 3.0120778065139948
0.49999999999999994 3.0149033767647486
0.54999999999999993 3.0180231694175013
0.59999999999999998 3.0214362880887000
0.65000000000000002 3.0251417805243181
0.70000000000000007 3.0291386456378104
0.75000000000000011 3.0334258407579671
0.80000000000000016 3.0380022890056182
0.85000000000000020 3.0428668867185542
0.90000000000000024 3.0480185108458620
0.95000000000000029 3.0534560262351014
1.0000000000000002 3.0591782927399098
1.0500000000000003 3.0651841720798045
1.1000000000000003 3.0714725343896809
1.1500000000000004 3.0780422644024132
1.2000000000000004 3.0848922672149222
1.2500000000000004 3.0920214735947282
1.3000000000000005 3.0994288447922020
1.3500000000000005 3.1071133768306209
1.4000000000000006 3.1150741042541541
1.4500000000000006 3.1233101033214563
1.5000000000000007 3.1318204946398165
1.5500000000000007 3.1406044452415860
1.6000000000000008 3.1496611701117669
1.6500000000000008 3.1589899331808575
1.7000000000000008 3.1685900478032858
1.7500000000000009 3.1784608767458113
1.8000000000000009 3.1886018317148981
1.8500000000000010 3.1990123724550719
1.9000000000000010 3.2096920054527898
1.9500000000000011 3.2206402822825164
2.0000000000000009 3.2318567976323815
2.0500000000000007 3.2433411870474913
2.1000000000000005 3.2550931244285652
2.1500000000000004 3.2671123193226328
2.2000000000000002 3.2793985140414748
2.2500000000000000 3.2919514806411239
2.2999999999999998 3.3047710177937275
2.3499999999999996 3.3178569475807169
2.3999999999999995 3.3312091122327123
2.4499999999999993 3.3448273708395480
2.4999999999999991 3.3587115960496146
2.5499999999999989 3.3728616707755266
2.5999999999999988 3.3872774849197942
2.6499999999999986 3.4019589321307069
2.6999999999999984 3.4169059065967615
2.7499999999999982 3.4321182998847024
2.7999999999999980 3.4475959978241515
2.8499999999999979 3.4633388774397904
2.8999999999999977 3.4793468039302184
2.9499999999999975 3.4956196276914184
2.9999999999999973 3.5121571813810126
3.0499999999999972 3.5289592770195890
3.0999999999999970 3.5460257031241293
3.1499999999999968 3.5633562218684358
3.1999999999999966 3.5809505662659955
3.2499999999999964 3.5988084373705385
3.2999999999999963 3.6169295014897580
3.3499999999999961 3.6353133874094907
3.3999999999999959 3.6539596836248496
3.4499999999999957 3.6728679355772664
3.4999999999999956 3.6920376428964645
3.5499999999999954 3.7114682566477231
3.5999999999999952 3.7311591765863144
3.6499999999999950 3.7511097484213756
3.6999999999999948 3.7713192610933279
3.7499999999999947 3.7917869440697163
3.7999999999999945 3.8125119646650210
3.8499999999999943 3.8334934253919699
3.8999999999999941 3.8547303613515984
3.9499999999999940 3.8762217376708610
3.9999999999999938 3.8979664469973576
4.0499999999999936 3.9199633070607596
4.0999999999999934 3.9422110583119059
4.1499999999999932 3.9647083616503882
4.1999999999999931 3.9874537962519838
4.2499999999999929 4.0104458575081292
4.2999999999999927 4.0336829550887776
4.3499999999999925 4.0571634111414241
4.3999999999999924 4.0808854586381260
4.4499999999999922 4.1048472398829707
4.4999999999999920 4.1290468051922682
4.5499999999999918 4.1534821117593408
4.5999999999999917 4.1781510227163672
4.6499999999999915 4.2030513064042259
4.6999999999999913 4.2281806358625467
4.7499999999999911 4.2535365885502499
4.7999999999999909 4.2791166463074282
4.8499999999999908 4.3049181955683835
4.8999999999999906 4.3309385278352215
4.9499999999999904 4.3571748404204094
4.9999999999999902 4.3836242374657051
5.0499999999999901 4.4102837312450243
5.0999999999999899 4.4371502437559700
5.1499999999999897 4.4642206086051761
5.1999999999999895 4.4914915731909142
5.2499999999999893 4.5189598011844572
5.2999999999999892 4.5466218753111294
5.3499999999999890 4.5744743004304151
5.3999999999999888 4.6025135069121355
5.4499999999999886 4.6307358543053079
5.4999999999999885 4.6591376352931100
5.5499999999999883 4.6877150799279690
5.5999999999999881 4.7164643601364062
5.6499999999999879 4.7453815944837539
5.6999999999999877 4.7744628531860043
5.7499999999999876 4.8037041633550563
5.7999999999999874 4.8331015144619034
5.8499999999999872 4.8626508640001651
5.8999999999999870 4.8923481433325859
5.9499999999999869 4.9221892636997584
5.9999999999999867 4.9521701223711609
6.0499999999999865 4.9822866089160289
6.0999999999999863 5.0125346115710592
6.1499999999999861 5.0429100236823228
6.1999999999999860 5.0734087501962613
6.2499999999999858 5.1040267141754114
6.2999999999999856 5.1347598633137110
6.3499999999999854 5.1656041764268119
6.3999999999999853 5.1965556698913655
6.4499999999999851 5.2276104040083675
6.4999999999999849 5.2587644892659720
6.5499999999999847 5.2900140924767722
6.5999999999999845 5.3213554427658938
6.6499999999999844 5.3527848373857836
6.6999999999999842 5.3842986473353855
6.7499999999999840 5.4158933227608950
6.7999999999999838 5.4475653981176420
6.8499999999999837 5.4793114970719454
6.8999999999999835 5.5111283371240063
6.9499999999999833 5.5430127339328958
6.9999999999999831 5.5749616053273412
7.0499999999999829 5.6069719749850853
7.0999999999999828 5.6390409757667923
7.1499999999999826 5.6711658526904518
7.1999999999999824 5.7033439655339686
7.2499999999999822 5.7355727910551071
7.2999999999999821 5.7678499248202506
7.3499999999999819 5.8001730826317743
7.3999999999999817 5.8325401015503786
7.4499999999999815 5.8649489405056752
7.4999999999999813 5.8973976804931336
7.5499999999999812 5.9298845243554501
7.5999999999999810 5.9624077961491979
7.6499999999999808 5.9949659400994912
7.6999999999999806 6.0275575191460540
7.7499999999999805 6.0601812130883737
7.7999999999999803 6.0928358163369030
7.8499999999999801 6.1255202352817673
7.8999999999999799 6.1582334852909826
7.9499999999999797 6.1909746873515985
7.9999999999999796 6.2237430643722691
8.0499999999999794 6.2565379371639240
8.0999999999999801 6.2893587201192300
8.1499999999999808 6.3222049166131074
8.1999999999999815 6.3550761141486749
8.2499999999999822 6.3879719792727796
8.2999999999999829 6.4208922522892378
8.3499999999999837 6.4538367417979439
8.3999999999999844 6.4868053190885329
8.4499999999999851 6.5197979124198833
8.4999999999999858 6.5528145012159849
8.5499999999999865 6.5858551102107556
8.5999999999999872 6.6189198035727141
8.6499999999999879 6.6520086790430266
8.6999999999999886 6.6851218621177368
8.7499999999999893 6.7182595003071128
8.7999999999999901 6.7514217575022704
8.8499999999999908 6.7846088084799669
8.8999999999999915 6.8178208335746566
8.9499999999999922 6.8510580135454768
8.9999999999999929 6.8843205246655037
9.0499999999999936 6.9176085340574600
9.0999999999999943 6.9509221952992357
9.1499999999999950 6.9842616443199601
9.1999999999999957 7.0176269956065234
9.2499999999999964 7.0510183387358127
9.2999999999999972 7.0844357352486726
9.3499999999999979 7.1178792158760968
9.3999999999999986 7.1513487781278640
9.4499999999999993 7.1848443842508232
9.5000000000000000 7.2183659595596863
9.5500000000000007 7.2519133911448082
9.6000000000000014 7.2854865269533295
9.6500000000000021 7.3190851752426749
9.7000000000000028 7.3527091043999038
9.7500000000000036 7.3863580431187543
9.8000000000000043 7.4200316809244224
9.8500000000000050 7.4537296690336072
9.9000000000000057 7.4874516215355342
9.9500000000000064 7.5211971168767535
10.000000000000007 7.5549656996316532
10.050000000000008 7.5887568825393128
10.100000000000009 7.6225701487842388
10.150000000000009 7.6564049544993757
10.200000000000010 7.6902607314656946
10.250000000000011 7.7241368899849867
10.300000000000011 7.7580328218987109
10.350000000000012 7.7919479037271122
10.400000000000013 7.8258814999013273
10.450000000000014 7.8598329660613686
10.500000000000014 7.8938016523923888
10.550000000000015 7.9277869069729014
10.600000000000016 7.9617880791068290
10.650000000000016 7.9958045226137866
10.700000000000017 8.0298355990522623
10.750000000000018 8.0638806808501187
10.800000000000018 8.0979391543195050
10.850000000000019 8.1320104225330514
10.900000000000020 8.1660939080408088
10.950000000000021 8.2001890554078845
11.000000000000021 8.2342953335558491
11.050000000000022 8.2684122378914360
11.100000000000023 8.3025392922074985
11.150000000000023 8.3366760503463198
11.200000000000024 8.3708220976134911
11.250000000000025 8.4049770519355445
11.300000000000026 8.4391405647560145
11.350000000000026 8.4733123216648885
11.400000000000027 8.5074920427640581
11.450000000000028 8.5416794827656766
11.500000000000028 8.5758744308299750
11.550000000000029 8.6100767101463536
11.600000000000030 8.6442861772670163
11.650000000000031 8.6785027212006245
11.700000000000031 8.7127262622792845
11.750000000000032 8.7469567508119805
11.800000000000033 8.7811941655369772
11.850000000000033 8.8154385118933316
11.900000000000034 8.8496898201257235
11.950000000000035 8.8839481432431224
12.000000000000036 8.9182135548504924
12.050000000000036 8.9524861468736905
12.100000000000037 8.9867660271994065
12.150000000000038 9.0210533172501108
12.200000000000038 9.0553481495174211
12.250000000000039 9.0896506650727673
12.300000000000040 9.1239610110799081
12.350000000000041 9.1582793383283168
12.400000000000041 9.1926057988076337
12.450000000000042 9.2269405433440319
12.500000000000043 9.2612837193166673
12.550000000000043 9.2956354684720672
12.600000000000044 9.3299959248538062
12.650000000000045 9.3643652128618964
12.700000000000045 9.3987434454564056
12.750000000000046 9.4331307225183600
12.800000000000047 9.4675271293779844
12.850000000000048 9.5019327355197056
12.900000000000048 9.5363475934732342
12.950000000000049 9.5707717378940149
13.000000000000050 9.6052051848394395
13.050000000000050 9.6396479312426173
13.100000000000051 9.6740999545838253
13.150000000000052 9.7085612127595144
13.200000000000053 9.7430316441458764
13.250000000000053 9.7775111678514595
13.300000000000054 9.8119996841551078
13.350000000000055 9.8464970751198972
13.400000000000055 9.8810032053747321
13.450000000000056 9.9155179230533435
13.500000000000057 9.9500410608789878
13.550000000000058 9.9845724373823757
13.600000000000058 10.019111858239958
13.650000000000059 10.053659117715307
13.700000000000060 10.088214000192306
13.750000000000060 10.122776281781304
13.800000000000061 10.157345731982911
13.850000000000062 10.191922115393153
13.900000000000063 10.226505193433567
13.950000000000063 10.261094726087624
14.000000000000064 10.295690473630481
14.050000000000065 10.330292198332030
14.100000000000065 10.364899666120531
14.150000000000066 10.399512648190456
14.200000000000067 10.434130922540682
14.250000000000068 10.468754275428687
14.300000000000068 10.503382502729576
14.350000000000069 10.538015411187443
14.400000000000070 10.572652819550237
14.450000000000070 10.607294559577836
14.500000000000071 10.641940476916277
14.550000000000072 10.676590431832810
14.600000000000072 10.711244299805198
14.650000000000073 10.745901971964459
14.700000000000074 10.780563355386819
14.750000000000075 10.815228373235803
14.800000000000075 10.849896964756475
14.850000000000076 10.884569085120926
14.900000000000077 10.919244705134263
14.950000000000077 10.953923810800019
15.000000000000078 10.988606402757208
15.050000000000079 11.023292495592315
15.100000000000080 11.057982117037406
15.150000000000080 11.092675307062024
15.200000000000081 11.127372116871447
15.250000000000082 11.162072607820539
15.300000000000082 11.196776850255709
15.350000000000083 11.231484922298105
15.400000000000084 11.266196908578314
15.450000000000085 11.300912898938510
15.500000000000085 11.335632987112765
15.550000000000086 11.370357269399241
15.600000000000087 11.405085843337670
15.650000000000087 11.439818806402828
15.700000000000088 11.474556254729539
15.750000000000089 11.509298281877522
15.800000000000090 11.544044977649085
15.850000000000090 11.578796426969788
15.900000000000091 11.613552708842336
15.950000000000092 11.648313895381159
16.000000000000092 11.683080050936638
16.050000000000093 11.717851231316295
16.100000000000094 11.752627483108778
16.150000000000095 11.787408843113399
16.200000000000095 11.822195337882611
16.250000000000096 11.856986983376553
16.300000000000097 11.891783784734042
16.350000000000097 11.926585736158042
16.400000000000098 11.961392820916153
16.450000000000099 11.996205011454178
16.500000000000099 12.031022269618525
16.550000000000100 12.065844546985279
16.600000000000101 12.100671785289943
16.650000000000102 12.135503916951755
16.700000000000102 12.170340865686345
16.750000000000103 12.205182547198547
16.800000000000104 12.240028869948397
16.850000000000104 12.274879735979779
16.900000000000105 12.309735041803817
16.950000000000106 12.344594679326638
17.000000000000107 12.379458536810930
17.050000000000107 12.414326499862527
17.100000000000108 12.449198452430585
17.150000000000109 12.484074277810581
17.200000000000109 12.518953859640595
17.250000000000110 12.553837082881740
17.300000000000111 12.588723834771107
17.350000000000112 12.623614005739425
17.400000000000112 12.658507490284039
17.450000000000113 12.693404187789087
17.500000000000114 12.728304003285439
17.550000000000114 12.763206848143858
17.600000000000115 12.798112640693525
17.650000000000116 12.833021306765705
17.700000000000117 12.867932780149454
17.750000000000117 12.902847002966823
17.800000000000118 12.937763925955329
17.850000000000119 12.972683508662440
17.900000000000119 13.007605719548893
17.950000000000120 13.042530536001204
18.000000000000121 13.077457944255791
18.050000000000122 13.112387939236028
18.100000000000122 13.147320524304213
18.150000000000123 13.182255710935474
18.200000000000124 13.217193518313021
18.250000000000124 13.252133972857269
18.300000000000125 13.287077107685514
18.350000000000126 13.322022962018044
18.400000000000126 13.356971580530820
18.450000000000127 13.391923012664687
18.500000000000128 13.426877311900228
18.550000000000129 13.461834535001886
18.600000000000129 13.496794741244456
18.650000000000130 13.531757991627634
18.700000000000131 13.566724348086382
18.750000000000131 13.601693872706155
18.800000000000132 13.636666626951421
18.850000000000133 13.671642670913387
18.900000000000134 13.706622062586774
18.950000000000134 13.741604857179855
19.000000000000135 13.776591106467752
19.050000000000136 13.811580858190112
19.100000000000136 13.846574155505554
19.150000000000137 13.881571036499729
19.200000000000138 13.916571533758114
19.250000000000139 13.951575674002491
19.300000000000139 13.986583477796737
19.350000000000140 14.021594959322158
19.400000000000141 14.056610126224234
19.450000000000141 14.091628979531498
19.500000000000142 14.126651513646509
19.550000000000143 14.161677716407354
19.600000000000144 14.196707569218102
19.650000000000144 14.231741047246716
19.700000000000145 14.266778119686034
19.750000000000146 14.301818750075187
19.800000000000146 14.336862896677008
19.850000000000147 14.371910512905936
19.900000000000148 14.406961547802650
19.950000000000149 14.442015946547919
20.000000000000149 14.477073651011331
20.050000000000150 14.512134600328450
20.100000000000151 14.547198731497321
20.150000000000151 14.582265979992119
20.200000000000152 14.617336280383944
20.250000000000153 14.652409566963366
20.300000000000153 14.687485774356508
20.350000000000154 14.722564838131881
20.400000000000155 14.757646695387590
20.450000000000156 14.792731285314861
20.500000000000156 14.827818549732708
20.550000000000157 14.862908433587684
20.600000000000158 14.898000885413087
20.650000000000158 14.933095857746562
20.700000000000159 14.968193307497410
20.750000000000160 15.003293196264906
20.800000000000161 15.038395490602730
20.850000000000161 15.073500162226198
20.900000000000162 15.108607188164701
20.950000000000163 15.143716550855480
21.000000000000163 15.178828238178271
21.050000000000164 15.213942243434074
21.100000000000165 15.249058565266669
21.150000000000166 15.284177207528487
21.200000000000166 15.319298179094686
21.250000000000167 15.354421493627095
21.300000000000168 15.389547169290864
21.350000000000168 15.424675228427807
21.400000000000169 15.459805697192360
21.450000000000170 15.494938605149457
21.500000000000171 15.530073984845890
21.550000000000171 15.565211871354304
21.600000000000172 15.600352301799330
21.650000000000173 15.635495314866871
21.700000000000173 15.670640950306588
21.750000000000174 15.705789248428834
21.800000000000175 15.740940249604629
21.850000000000176 15.776093993772440
21.900000000000176 15.811250519955347
21.950000000000177 15.846409865798288
22.000000000000178 15.881572067125543
22.050000000000178 15.916737157523801
22.100000000000179 15.951905167957575
22.150000000000180 15.987076126415650
22.200000000000180 16.022250057598889
22.250000000000181 16.057426982644607
22.300000000000182 16.092606918896454
22.350000000000183 16.127789879716218
22.400000000000183 16.162975874344045
22.450000000000184 16.198164907803662
22.500000000000185 16.233356980855365
22.550000000000185 16.268552089997058
22.600000000000186 16.303750227510552
22.650000000000187 16.338951381554359
22.700000000000188 16.374155536298129
22.750000000000188 16.409362672101686
22.800000000000189 16.444572765731898
22.850000000000190 16.479785790614983
22.900000000000190 16.515001717123088
22.950000000000191 16.550220512891407
23.000000000000192 16.585442143158740
23.050000000000193 16.620666571132087
23.100000000000193 16.655893758367018
23.150000000000194 16.691123665162319
23.200000000000195 16.726356250962862
23.250000000000195 16.761591474766387
23.300000000000196 16.796829295530799
23.350000000000197 16.832069672576377
23.400000000000198 16.867312565978136
23.450000000000198 16.902557936946472
23.500000000000199 16.937805748190087
23.550000000000200 16.973055964256655
23.600000000000200 17.008308551852029
23.650000000000201 17.043563480128974
23.700000000000202 17.078820720947675
23.750000000000203 17.114080249102475
23.800000000000203 17.149342042515016
23.850000000000204 17.184606082388338
23.900000000000205 17.219872353327631
23.950000000000205 17.255140843418125
24.000000000000206 17.290411544266700
24.050000000000207 17.325684451004893
24.100000000000207 17.360959562251601
24.150000000000208 17.396236880040671
24.200000000000209 17.431516409710838
24.250000000000210 17.466798159762202
24.300000000000210 17.502082141678752
24.350000000000211 17.537368369723144
24.400000000000212 17.572656860701215
24.450000000000212 17.607947633704313
24.500000000000213 17.643240709828557
24.550000000000214 17.678536111876735
24.600000000000215 17.713833864045604
24.650000000000215 17.749133991601131
24.700000000000216 17.784436520547491
24.750000000000217 17.819741477292450
24.800000000000217 17.855048888312016
24.850000000000218 17.890358779818634
24.900000000000219 17.925671177437533
24.950000000000220 17.960986105893539
25.000000000000220 17.996303588711410
25.050000000000221 18.031623647934424
25.100000000000222 18.066946303861254
25.150000000000222 18.102271574806242
25.200000000000223 18.137599476886272
25.250000000000224 18.172930023832343
25.300000000000225 18.208263226830219
25.350000000000225 18.243599094393772
25.400000000000226 18.278937632264689
25.450000000000227 18.314278843349754
25.500000000000227 18.349622727686153
25.550000000000228 18.384969282440270
25.600000000000229 18.420318501939583
25.650000000000230 18.455670377732453
25.700000000000230 18.491024898681491
25.750000000000231 18.526382051084397
25.800000000000232 18.561741818819577
25.850000000000232 18.597104183519985
25.900000000000233 18.632469124767884
25.950000000000234 18.667836620310517
26.000000000000234 18.703206646293143
26.050000000000235 18.738579177507745
26.100000000000236 18.773954187652599
26.150000000000237 18.809331649601400
26.200000000000237 18.844711535678915
26.250000000000238 18.880093817937762
26.300000000000239 18.915478468437044
26.350000000000239 18.950865459514755
26.400000000000240 18.986254764056017
26.450000000000241 19.021646355751521
26.500000000000242 19.057040209342304
26.550000000000242 19.092436300852619
26.600000000000243 19.127834607802846
26.650000000000244 19.163235109404329
26.700000000000244 19.198637786734757
26.750000000000245 19.234042622887316
26.800000000000246 19.269449603097861
26.850000000000247 19.304858714846844
26.900000000000247 19.340269947932434
26.950000000000248 19.375683294520471
27.000000000000249 19.411098749164982
27.050000000000249 19.446516308802568
27.100000000000250 19.481935972720034
27.150000000000251 19.517357742495900
27.200000000000252 19.552781621918413
27.250000000000252 19.588207616878293
27.300000000000253 19.623635735239745
27.350000000000254 19.659065986690969
27.400000000000254 19.694498382576505
27.450000000000255 19.729932935711762
27.500000000000256 19.765369660184881
27.550000000000257 19.800808571143897
27.600000000000257 19.836249684578497
27.650000000000258 19.871693017091431
27.700000000000259 19.907138585666729
27.750000000000259 19.942586407436242
27.800000000000260 19.978036499447892
27.850000000000261 20.013488878436391
27.900000000000261 20.048943560599696
27.950000000000262 20.084400561385202
28.000000000000263 20.119859895285479
28.050000000000264 20.155321575648458
28.100000000000264 20.190785614499575
28.150000000000265 20.226252022384188
28.200000000000266 20.261720808225263
28.250000000000266 20.297191979202967
28.300000000000267 20.332665540653394
28.350000000000268 20.368141495988596
28.400000000000269 20.403619846641590
28.450000000000269 20.439100592030766
28.500000000000270 20.474583729550133
28.550000000000271 20.510069254579040
28.600000000000271 20.545557160517426
28.650000000000272 20.581047438839562
28.700000000000273 20.616540079172132
28.750000000000274 20.652035069388017
28.800000000000274 20.687532395722499
28.850000000000275 20.723032042903530
28.900000000000276 20.758533994297743
28.950000000000276 20.794038232072324
29.000000000000277 20.829544737364106
29.050000000000278 20.865053490461527
29.100000000000279 20.900564470993995
29.150000000000279 20.936077658122763
29.200000000000280 20.971593030739289
29.250000000000281 21.007110567660451
29.300000000000281 21.042630247824839
29.350000000000282 21.078152050483514
29.400000000000283 21.113675955385713
29.450000000000284 21.149201942957149
29.500000000000284 21.184729994466633
29.550000000000285 21.220260092183487
29.600000000000286 21.255792219518835
29.650000000000286 21.291326361155370
29.700000000000287 21.326862503159472
29.750000000000288 21.362400633075506
29.800000000000288 21.397940740002451
29.850000000000289 21.433482814653601
29.900000000000290 21.469026849395579
29.950000000000291 21.504572838267929
30.000000000000291 21.540120776983397
30.050000000000292 21.575670662909165
30.100000000000293 21.611222495030141
30.150000000000293 21.646776273891852
30.200000000000294 21.682332001528962
30.250000000000295 21.717889681373997
30.300000000000296 21.753449318153528
30.350000000000296 21.789010917769939
30.400000000000297 21.824574487167915
30.450000000000298 21.860140034195293
30.500000000000298 21.895707567450483
30.550000000000299 21.931277096123193
30.600000000000300 21.966848629831805
30.650000000000301 22.002422178453351
30.700000000000301 22.037997751955228
30.750000000000302 22.073575360225352
30.800000000000303 22.109155012904143
30.850000000000303 22.144736719220251
30.900000000000304 22.180320487833377
30.950000000000305 22.215906326681278
31.000000000000306 22.251494242838781
31.050000000000306 22.287084242384761
31.100000000000307 22.322676330281038
31.150000000000308 22.358270510266447
31.200000000000308 22.393866784759894
31.250000000000309 22.429465154782385
31.300000000000310 22.465065619892162
31.350000000000311 22.500668178135729
31.400000000000311 22.536272826014280
31.450000000000312 22.571879558468456
31.500000000000313 22.607488368876137
31.550000000000313 22.643099249067035
31.600000000000314 22.678712189354560
31.650000000000315 22.714327178577761
31.700000000000315 22.749944204160943
31.750000000000316 22.785563252184829
31.800000000000317 22.821184307468602
31.850000000000318 22.856807353661562
31.900000000000318 22.892432373347848
31.950000000000319 22.928059348153472
32.000000000000320 22.963688258863794
32.050000000000317 22.999319085540094
32.100000000000314 23.034951807645722
32.150000000000311 23.070586404167972
32.200000000000308 23.106222853738906
32.250000000000306 23.141861134758951
32.300000000000303 23.177501225511350
32.350000000000300 23.213143104272667
32.400000000000297 23.248786749416748
32.450000000000294 23.284432139508297
32.500000000000291 23.320079253387718
32.550000000000288 23.355728070243604
32.600000000000286 23.391378569673304
32.650000000000283 23.427030731729246
32.700000000000280 23.462684536950924
32.750000000000277 23.498339966382673
32.800000000000274 23.533997001572324
32.850000000000271 23.569655624558365
32.900000000000269 23.605315817835638
32.950000000000266 23.640977564307608
33.000000000000263 23.676640847221574
33.050000000000260 23.712305650085248
33.100000000000257 23.747971956569810
33.150000000000254 23.783639750395128
33.200000000000252 23.819309015203014
33.250000000000249 23.854979734412957
33.300000000000246 23.890651891065485
33.350000000000243 23.926325467654554
33.400000000000240 23.962000445947055
33.450000000000237 23.997676806792349
33.500000000000234 24.033354529923614
33.550000000000232 24.069033593749577
33.600000000000229 24.104713975143603
33.650000000000226 24.140395649221627
33.700000000000223 24.176078589121644
33.750000000000220 24.211762765777554
33.800000000000217 24.247448147692999
33.850000000000215 24.283134700713646
33.900000000000212 24.318822387800150
33.950000000000209 24.354511168804702
34.000000000000206 24.390201000249540
34.050000000000203 24.425891835106775
34.100000000000200 24.461583622586382
34.150000000000198 24.497276307927095
34.200000000000195 24.532969832192027
34.250000000000192 24.568664132071454
34.300000000000189 24.604359139691066
34.350000000000186 24.640054782426361
34.400000000000183 24.675750982722217
34.450000000000180 24.711447657918342
34.500000000000178 24.747144720082865
34.550000000000175 24.782842075847146
34.600000000000172 24.818539626245382
34.650000000000169 24.854237266560997
34.700000000000166 24.889934886172519
34.750000000000163 24.925632368404038
34.800000000000161 24.961329590372525
34.850000000000158 24.997026422840023
34.900000000000155 25.032722730061145
34.950000000000152 25.068418369628109
35.000000000000149 25.104113192314561
35.050000000000146 25.139807041911038
35.100000000000144 25.175499755057167
35.150000000000141 25.211191161064026
35.200000000000138 25.246881081729395
35.250000000000135 25.282569331142945
35.300000000000132 25.318255715477815
35.350000000000129 25.353940032775903
35.400000000000126 25.389622072714332
35.450000000000124 25.425301616360720
35.500000000000121 25.460978435913436
35.550000000000118 25.496652294427275
35.600000000000115 25.532322945522246
35.650000000000112 25.567990133076584
35.700000000000109 25.603653590903328
35.750000000000107 25.639313042409714
35.800000000000104 25.674968200241494
35.850000000000101 25.710618765910411
35.900000000000098 25.746264429403844
35.950000000000095 25.781904868781538
36.000000000000092 25.817539749755092
36.050000000000090 25.853168725255692
36.100000000000087 25.888791434986846
36.150000000000084 25.924407504965309
36.200000000000081 25.960016547050756
36.250000000000078 25.995618158466915
36.300000000000075 26.031211921312142
36.350000000000072 26.066797402065234
36.400000000000070 26.102374151085691
36.450000000000067 26.137941702107767
36.500000000000064 26.173499571735743
36.550000000000061 26.209047258936895
36.600000000000058 26.244584244536071
36.650000000000055 26.280109990715847
36.700000000000053 26.315623940518382
36.750000000000050 26.351125517356088
36.800000000000047 26.386614124531235
36.850000000000044 26.422089144765241
36.900000000000041 26.457549939740623
36.950000000000038 26.492995849656630
37.000000000000036 26.528426192801387
37.050000000000033 26.563840265139145
37.100000000000030 26.599237339917980
37.150000000000027 26.634616667296424
37.200000000000024 26.669977473992237
37.250000000000021 26.705318962953779
37.300000000000018 26.740640313053746
37.350000000000016 26.775940678809736
37.400000000000013 26.811219190128590
37.450000000000010 26.846474952079479
37.500000000000007 26.881707044690984
37.550000000000004 26.916914522782037
37.600000000000001 26.952096415814790
37.649999999999999 26.987251727781583
37.699999999999996 27.022379437119525
37.749999999999993 27.057478496654934
37.799999999999990 27.092547833578962
37.849999999999987 27.127586349452653
37.899999999999984 27.162592920244176
37.949999999999982 27.197566396394741
37.999999999999979 27.232505602917360
38.049999999999976 27.267409339525614
38.099999999999973 27.302276380793824
38.149999999999970 27.337105476347233
38.199999999999967 27.371895351084980
38.249999999999964 27.406644705433592
38.299999999999962 27.441352215629401
38.349999999999959 27.476016534034716
38.399999999999956 27.510636289485909
38.449999999999953 27.545210087667982
38.499999999999950 27.579736511526875
38.549999999999947 27.614214121707121
38.599999999999945 27.648641457026290
38.649999999999942 27.683017034976302
38.699999999999939 27.717339352261675
38.749999999999936 27.751606885364975
38.799999999999933 27.785818091149000
38.849999999999930 27.819971407488378
38.899999999999928 27.854065253934962
38.949999999999925 27.888098032416671
38.999999999999922 27.922068127970729
39.049999999999919 27.955973909507726
39.099999999999916 27.989813730612674
39.149999999999913 28.023585930376456
39.199999999999910 28.057288834265332
39.249999999999908 28.090920755022598
39.299999999999905 28.124479993604389
39.349999999999902 28.157964840150491
39.399999999999899 28.191373574990088
39.449999999999896 28.224704469679029
39.499999999999893 28.257955788074806
39.549999999999891 28.291125787440684
39.599999999999888 28.324212719586182
39.649999999999885 28.357214832036679
39.699999999999882 28.390130369237497
39.749999999999879 28.422957573786331
39.799999999999876 28.455694687695605
39.849999999999874 28.488339953682214
39.899999999999871 28.520891616485923
39.949999999999868 28.553347924211106
39.999999999999865 28.585707129692306
