# Long-range Heisenberg model
# L = 45, S_z^tot = -35/2, J = 1, Delta = 0.5, Alpha = 2.0
# Time dependence of center of mass, i.e. first density moment of <Sz_l(t)>
# time, center of mass

0.0000000000000000 3.0000000000000000
5.0000000000000003E-002 3.0001930090877558
0.10000000000000001 3.0007718502220686
0.15000000000000002 3.0017359667243610
0.20000000000000001 3.0030844364676796
0.25000000000000000 3.0048159803001941
0.29999999999999999 3.0069289736749423
0.34999999999999998 3.0094214613259527
0.39999999999999997 3.0122911747908181
0.44999999999999996 3.0155355525426053
0.49999999999999994 3.0191517624617310
0.54999999999999993 3.0231367263505864
0.59999999999999998 3.0274871461713837
0.65000000000000002 3.0321995316708446
0.70000000000000007 3.0372702290443270
0.75000000000000011 3.0426954502867076
0.80000000000000016 3.0484713028780646
0.85000000000000020 3.0545938194578768
0.90000000000000024 3.0610589871535385
0.95000000000000029 3.0678627762447817
1.0000000000000002 3.0750011678662537
1.0500000000000003 3.0824701804756880
1.1000000000000003 3.0902658948421391
1.1500000000000004 3.0983844773396756
1.2000000000000004 3.1068222013638276
1.2500000000000004 3.1155754667219329
1.3000000000000005 3.1246408168822719
1.3500000000000005 3.1340149540008908
1.4000000000000006 3.1436947516778151
1.4500000000000006 3.1536772654270906
1.5000000000000007 3.1639597408739006
1.5500000000000007 3.1745396197208779
1.6000000000000008 3.1854145435500971
1.6500000000000008 3.1965823555503290
1.7000000000000008 3.2080411002777085
1.7500000000000009 3.2197890215748353
1.8000000000000009 3.2318245587847279
1.8500000000000010 3.2441463414080269
1.9000000000000010 3.2567531823560891
1.9500000000000011 3.2696440699576801
2.0000000000000009 3.2828181588778067
2.0500000000000007 3.2962747601050228
2.1000000000000005 3.3100133301600483
2.1500000000000004 3.3240334596741632
2.2000000000000002 3.3383348614759534
2.2500000000000000 3.3529173583198033
2.2999999999999998 3.3677808703765861
2.3499999999999996 3.3829254026004989
2.3999999999999995 3.3983510320729504
2.4499999999999993 3.4140578954138991
2.4999999999999991 3.4300461763419459
2.5499999999999989 3.4463160934531296
2.5999999999999988 3.4628678882799502
2.6499999999999986 3.4797018136796112
2.6999999999999984 3.4968181225963706
2.7499999999999982 3.5142170572316651
2.7999999999999980 3.5318988386503620
2.8499999999999979 3.5498636568446411
2.8999999999999977 3.5681116612721855
2.9499999999999975 3.5866429518781624
2.9999999999999973 3.6054575706127578
3.0499999999999972 3.6245554934429247
3.0999999999999970 3.6439366228638708
3.1499999999999968 3.6636007809082107
3.1999999999999966 3.6835477026490109
3.2499999999999964 3.7037770301935131
3.2999999999999963 3.7242883071618729
3.3499999999999961 3.7450809736454129
3.3999999999999959 3.7661543616346727
3.4499999999999957 3.7875076909124292
3.4999999999999956 3.8091400654022509
3.5499999999999954 3.8310504699626504
3.5999999999999952 3.8532377676192850
3.6499999999999950 3.8757006972235652
3.6999999999999948 3.8984378715296106
3.7499999999999947 3.9214477756763872
3.7999999999999945 3.9447287660668788
3.8499999999999943 3.9682790696267327
3.8999999999999941 3.9920967834416032
3.9499999999999940 4.0161798747476158
3.9999999999999938 4.0405261812725177
4.0499999999999936 4.0651334119083877
4.0999999999999934 4.0899991477091424
4.1499999999999932 4.1151208431936652
4.1999999999999931 4.1404958279462578
4.2499999999999929 4.1661213084974227
4.2999999999999927 4.1919943704785139
4.3499999999999925 4.2181119810302690
4.3999999999999924 4.2444709914618270
4.4499999999999922 4.2710681401401374
4.4999999999999920 4.2979000556085136
4.5499999999999918 4.3249632599112342
4.5999999999999917 4.3522541721314516
4.6499999999999915 4.3797691121159126
4.6999999999999913 4.4075043043876860
4.7499999999999911 4.4354558822388910
4.7999999999999909 4.4636198919908336
4.8499999999999908 4.4919922974160018
4.8999999999999906 4.5205689843185812
4.9499999999999904 4.5493457652594662
4.9999999999999902 4.5783183844235600
5.0499999999999901 4.6074825226242506
5.0999999999999899 4.6368338024294831
5.1499999999999897 4.6663677934102843
5.1999999999999895 4.6960800175032640
5.2499999999999893 4.7259659544711692
5.2999999999999892 4.7560210474589359
5.3499999999999890 4.7862407086366616
5.3999999999999888 4.8166203249140231
5.4499999999999886 4.8471552637156137
5.4999999999999885 4.8778408788138812
5.5499999999999883 4.9086725161870222
5.5999999999999881 4.9396455199154987
5.6499999999999879 4.9707552380813045
5.6999999999999877 5.0019970286591864
5.7499999999999876 5.0333662653924600
5.7999999999999874 5.0648583436295356
5.8499999999999872 5.0964686861081194
5.8999999999999870 5.1281927486669234
5.9499999999999869 5.1600260258748420
5.9999999999999867 5.1919640565482750
6.0499999999999865 5.2240024291596185
6.0999999999999863 5.2561367870887956
6.1499999999999861 5.2883628337425401
6.1999999999999860 5.3206763374852084
6.2499999999999858 5.3530731363940092
6.2999999999999856 5.3855491428079683
6.3499999999999854 5.4181003476656198
6.3999999999999853 5.4507228246152355
6.4499999999999851 5.4834127338785015
6.4999999999999849 5.5161663258694018
6.5499999999999847 5.5489799445537766
6.5999999999999845 5.5818500305222170
6.6499999999999844 5.6147731238011378
6.6999999999999842 5.6477458663702613
6.7499999999999840 5.6807650043844404
6.7999999999999838 5.7138273901030860
6.8499999999999837 5.7469299835163179
6.8999999999999835 5.7800698536682376
6.9499999999999833 5.8132441796722407
6.9999999999999831 5.8464502514278625
7.0499999999999829 5.8796854700275256
7.0999999999999828 5.9129473478604702
7.1499999999999826 5.9462335084197493
7.1999999999999824 5.9795416858142714
7.2499999999999822 6.0128697239854345
7.2999999999999821 6.0462155756481604
7.3499999999999819 6.0795773009454726
7.3999999999999817 6.1129530658409088
7.4499999999999815 6.1463411402538375
7.4999999999999813 6.1797398959401235
7.5499999999999812 6.2131478041376820
7.5999999999999810 6.2465634329866546
7.6499999999999808 6.2799854447417731
7.6999999999999806 6.3134125927809572
7.7499999999999805 6.3468437184304234
7.7999999999999803 6.3802777476280781
7.8499999999999801 6.4137136874313221
7.8999999999999799 6.4471506223855570
7.9499999999999797 6.4805877107838770
7.9999999999999796 6.5140241808204111
8.0499999999999794 6.5474593266600918
8.0999999999999801 6.5808925044536748
8.1499999999999808 6.6143231282905264
8.1999999999999815 6.6477506661419676
8.2499999999999822 6.6811746357791044
8.2999999999999829 6.7145946007084643
8.3499999999999837 6.7480101661341338
8.3999999999999844 6.7814209749584986
8.4499999999999851 6.8148267038436714
8.4999999999999858 6.8482270593524346
8.5499999999999865 6.8816217741790942
8.5999999999999872 6.9150106034931271
8.6499999999999879 6.9483933213871971
8.6999999999999886 6.9817697174811055
8.7499999999999893 7.0151395936520213
8.7999999999999901 7.0485027609430304
8.8499999999999908 7.0818590366151817
8.8999999999999915 7.1152082414020379
8.9499999999999922 7.1485501969286247
8.9999999999999929 7.1818847233348304
9.0499999999999936 7.2152116370904436
9.0999999999999943 7.2485307490198752
9.1499999999999950 7.2818418625239287
9.1999999999999957 7.3151447720160387
9.2499999999999964 7.3484392615677994
9.2999999999999972 7.3817251037678222
9.3499999999999979 7.4150020587803160
9.3999999999999986 7.4482698736201778
9.4499999999999993 7.4815282816287283
9.5000000000000000 7.5147770021446325
9.5500000000000007 7.5480157403736214
9.6000000000000014 7.5812441874480916
9.6500000000000021 7.6144620206555613
9.7000000000000028 7.6476689038562764
9.7500000000000036 7.6808644880509149
9.8000000000000043 7.7140484120983546
9.8500000000000050 7.7472203035955971
9.9000000000000057 7.7803797798650827
9.9500000000000064 7.8135264490734349
10.000000000000007 7.8466599114552951
10.050000000000008 7.8797797606296314
10.100000000000009 7.9128855849988353
10.150000000000009 7.9459769692064448
10.200000000000010 7.9790534956540391
10.250000000000011 8.0121147460529283
10.300000000000011 8.0451603030032590
10.350000000000012 8.0781897515844427
10.400000000000013 8.1112026809331024
10.450000000000014 8.1441986858248701
10.500000000000014 8.1771773681986168
10.550000000000015 8.2101383386663436
10.600000000000016 8.2430812179489923
10.650000000000016 8.2760056382517391
10.700000000000017 8.3089112445798428
10.750000000000018 8.3417976959386646
10.800000000000018 8.3746646664613191
10.850000000000019 8.4075118464309035
10.900000000000020 8.4403389431783289
10.950000000000021 8.4731456818876634
11.000000000000021 8.5059318062535922
11.050000000000022 8.5386970790328132
11.100000000000023 8.5714412824698236
11.150000000000023 8.6041642185579263
11.200000000000024 8.6368657092246988
11.250000000000025 8.6695455963357926
11.300000000000026 8.7022037415983533
11.350000000000026 8.7348400263275447
11.400000000000027 8.7674543510948606
11.450000000000028 8.8000466352386191
11.500000000000028 8.8326168162856646
11.550000000000029 8.8651648492494601
11.600000000000030 8.8976907058250241
11.650000000000031 8.9301943734895115
11.700000000000031 8.9626758545285394
11.750000000000032 8.9951351649666602
11.800000000000033 9.0275723334377869
11.850000000000033 9.0599874000008551
11.900000000000034 9.0923804148960237
11.950000000000035 9.1247514372678893
12.000000000000036 9.1571005338567595
12.050000000000036 9.1894277776728224
12.100000000000037 9.2217332466651598
12.150000000000038 9.2540170223892559
12.200000000000038 9.2862791886791509
12.250000000000039 9.3185198303544041
12.300000000000040 9.3507390319534522
12.350000000000041 9.3829368765167924
12.400000000000041 9.4151134443935014
12.450000000000042 9.4472688121342614
12.500000000000043 9.4794030514397463
12.550000000000043 9.5115162281774825
12.600000000000044 9.5436084014824267
12.650000000000045 9.5756796229413492
12.700000000000045 9.6077299358678907
12.750000000000046 9.6397593746654060
12.800000000000047 9.6717679642984002
12.850000000000048 9.7037557198531808
12.900000000000048 9.7357226462005109
12.950000000000049 9.7676687377665150
13.000000000000050 9.7995939783976134
13.050000000000050 9.8314983413400494
13.100000000000051 9.8633817892975060
13.150000000000052 9.8952442746054423
13.200000000000053 9.9270857394882661
13.250000000000053 9.9589061164068085
13.300000000000054 9.9907053284974943
13.350000000000055 10.022483290076821
13.400000000000055 10.054239907238424
13.450000000000056 10.085975078503356
13.500000000000057 10.117688695531815
13.550000000000058 10.149380643894487
13.600000000000058 10.181050803881480
13.650000000000059 10.212699051358154
13.700000000000060 10.244325258629086
13.750000000000060 10.275929295351139
13.800000000000061 10.307511029440505
13.850000000000062 10.339070327986047
13.900000000000063 10.370607058154690
13.950000000000063 10.402121088098630
14.000000000000064 10.433612287831174
14.050000000000065 10.465080530066277
14.100000000000065 10.496525691046010
14.150000000000066 10.527947651304723
14.200000000000067 10.559346296404918
14.250000000000068 10.590721517597430
14.300000000000068 10.622073212435943
14.350000000000069 10.653401285333560
14.400000000000070 10.684705648034683
14.450000000000070 10.715986220041184
14.500000000000071 10.747242928944926
14.550000000000072 10.778475710687900
14.600000000000072 10.809684509771975
14.650000000000073 10.840869279358627
14.700000000000074 10.872029981319544
14.750000000000075 10.903166586202261
14.800000000000075 10.934279073132849
14.850000000000076 10.965367429642917
14.900000000000077 10.996431651432456
14.950000000000077 11.027471742076649
15.000000000000078 11.058487712667883
15.050000000000079 11.089479581414404
15.100000000000080 11.120447373188261
15.150000000000080 11.151391119033345
15.200000000000081 11.182310855627343
15.250000000000082 11.213206624742808
15.300000000000082 11.244078472653532
15.350000000000083 11.274926449552698
15.400000000000084 11.305750608943319
15.450000000000085 11.336551007039768
15.500000000000085 11.367327702163484
15.550000000000086 11.398080754155254
15.600000000000087 11.428810223808895
15.650000000000087 11.459516172322047
15.700000000000088 11.490198660776798
15.750000000000089 11.520857749656107
15.800000000000090 11.551493498395361
15.850000000000090 11.582105964987313
15.900000000000091 11.612695205617612
15.950000000000092 11.643261274376975
16.000000000000092 11.673804222994965
16.050000000000093 11.704324100657947
16.100000000000094 11.734820953862011
16.150000000000095 11.765294826341428
16.200000000000095 11.795745759042022
16.250000000000096 11.826173790160583
16.300000000000097 11.856578955239033
16.350000000000097 11.886961287311042
16.400000000000098 11.917320817107802
16.450000000000099 11.947657573309893
16.500000000000099 11.977971582848884
16.550000000000100 12.008262871250976
16.600000000000101 12.038531463021105
16.650000000000102 12.068777382060569
16.700000000000102 12.099000652122371
16.750000000000103 12.129201297278156
16.800000000000104 12.159379342418159
16.850000000000104 12.189534813761352
16.900000000000105 12.219667739372820
16.950000000000106 12.249778149681228
17.000000000000107 12.279866078007897
17.050000000000107 12.309931561062806
17.100000000000108 12.339974639458474
17.150000000000109 12.369995358185061
17.200000000000109 12.399993767065867
17.250000000000110 12.429969921192074
17.300000000000111 12.459923881317289
17.350000000000112 12.489855714215986
17.400000000000112 12.519765493015651
17.450000000000113 12.549653297477914
17.500000000000114 12.579519214225439
17.550000000000114 12.609363336938632
17.600000000000115 12.639185766506198
17.650000000000116 12.668986611109064
17.700000000000117 12.698765986272171
17.750000000000117 12.728524014861561
17.800000000000118 12.758260827033848
17.850000000000119 12.787976560133698
17.900000000000119 12.817671358564088
17.950000000000120 12.847345373592647
18.000000000000121 12.876998763126844
18.050000000000122 12.906631691463128
18.100000000000122 12.936244328984433
18.150000000000123 12.965836851837636
18.200000000000124 12.995409441583590
18.250000000000124 13.024962284833222
18.300000000000125 13.054495572847287
18.350000000000126 13.084009501146950
18.400000000000126 13.113504269100250
18.450000000000127 13.142980079509364
18.500000000000128 13.172437138204719
18.550000000000129 13.201875653636618
18.600000000000129 13.231295836483499
18.650000000000130 13.260697899267035
18.700000000000131 13.290082055995294
18.750000000000131 13.319448521822085
18.800000000000132 13.348797512728575
18.850000000000133 13.378129245237053
18.900000000000134 13.407443936152177
18.950000000000134 13.436741802344379
19.000000000000135 13.466023060558211
19.050000000000136 13.495287927258703
19.100000000000136 13.524536618515516
19.150000000000137 13.553769349925346
19.200000000000138 13.582986336577200
19.250000000000139 13.612187793039110
19.300000000000139 13.641373933399079
19.350000000000140 13.670544971328537
19.400000000000141 13.699701120186530
19.450000000000141 13.728842593149135
19.500000000000142 13.757969603369308
19.550000000000143 13.787082364163162
19.600000000000144 13.816181089222919
19.650000000000144 13.845265992841265
19.700000000000145 13.874337290162877
19.750000000000146 13.903395197431429
19.800000000000146 13.932439932267840
19.850000000000147 13.961471713934097
19.900000000000148 13.990490763605605
19.950000000000149 14.019497304650374
20.000000000000149 14.048491562880985
20.050000000000150 14.077473766819820
20.100000000000151 14.106444147934987
20.150000000000151 14.135402940866548
20.200000000000152 14.164350383632117
20.250000000000153 14.193286717809780
20.300000000000153 14.222212188697767
20.350000000000154 14.251127045450408
20.400000000000155 14.280031541176566
20.450000000000156 14.308925933020586
20.500000000000156 14.337810482201967
20.550000000000157 14.366685454029657
20.600000000000158 14.395551117878352
20.650000000000158 14.424407747148226
20.700000000000159 14.453255619172785
20.750000000000160 14.482095015114503
20.800000000000161 14.510926219813356
20.850000000000161 14.539749521634519
20.900000000000162 14.568565212254731
20.950000000000163 14.597373586463103
21.000000000000163 14.626174941905049
21.050000000000164 14.654969578837280
21.100000000000165 14.683757799846781
21.150000000000166 14.712539909564628
21.200000000000166 14.741316214370253
21.250000000000167 14.770087022088996
21.300000000000168 14.798852641684279
21.350000000000168 14.827613382943786
21.400000000000169 14.856369556176110
21.450000000000170 14.885121471911997
21.500000000000171 14.913869440610897
21.550000000000171 14.942613772377349
21.600000000000172 14.971354776693289
21.650000000000173 15.000092762166576
21.700000000000173 15.028828036293984
21.750000000000174 15.057560905253522
21.800000000000175 15.086291673702021
21.850000000000176 15.115020644606302
21.900000000000176 15.143748119102998
21.950000000000177 15.172474396370205
22.000000000000178 15.201199773532325
22.050000000000178 15.229924545578884
22.100000000000179 15.258649005323157
22.150000000000180 15.287373443378554
22.200000000000180 15.316098148150571
22.250000000000181 15.344823405859724
22.300000000000182 15.373549500578301
22.350000000000183 15.402276714297038
22.400000000000183 15.431005326988513
22.450000000000184 15.459735616711194
22.500000000000185 15.488467859706594
22.550000000000185 15.517202330508903
22.600000000000186 15.545939302072652
22.650000000000187 15.574679045903554
22.700000000000188 15.603421832175773
22.750000000000188 15.632167929876800
22.800000000000189 15.660917606926510
22.850000000000190 15.689671130308259
22.900000000000190 15.718428766182917
22.950000000000191 15.747190779994904
23.000000000000192 15.775957436574044
23.050000000000193 15.804729000214822
23.100000000000193 15.833505734752897
23.150000000000194 15.862287903614732
23.200000000000195 15.891075769851867
23.250000000000195 15.919869596158572
23.300000000000196 15.948669644873011
23.350000000000197 15.977476177952482
23.400000000000198 16.006289456934962
23.450000000000198 16.035109742873850
23.500000000000199 16.063937296254544
23.550000000000200 16.092772376891478
23.600000000000200 16.121615243813924
23.650000000000201 16.150466155124363
23.700000000000202 16.179325367838256
23.750000000000203 16.208193137719213
23.800000000000203 16.237069719089821
23.850000000000204 16.265955364638021
23.900000000000205 16.294850325200574
23.950000000000205 16.323754849556156
24.000000000000206 16.352669184197097
24.050000000000207 16.381593573093358
24.100000000000207 16.410528257474720
24.150000000000208 16.439473475579526
24.200000000000209 16.468429462439932
24.250000000000210 16.497396449641002
24.300000000000210 16.526374665095013
24.350000000000211 16.555364332830052
24.400000000000212 16.584365672767987
24.450000000000212 16.613378900537764
24.500000000000213 16.642404227267967
24.550000000000214 16.671441859417612
24.600000000000215 16.700491998600313
24.650000000000215 16.729554841440024
24.700000000000216 16.758630579427294
24.750000000000217 16.787719398790930
24.800000000000217 16.816821480385173
24.850000000000218 16.845936999599672
24.900000000000219 16.875066126272735
24.950000000000220 16.904209024616648
25.000000000000220 16.933365853173310
25.050000000000221 16.962536764752041
25.100000000000222 16.991721906411936
25.150000000000222 17.020921419432579
25.200000000000223 17.050135439301442
25.250000000000224 17.079364095702040
25.300000000000225 17.108607512519630
25.350000000000225 17.137865807839411
25.400000000000226 17.167139093960515
25.450000000000227 17.196427477396902
25.500000000000227 17.225731058892119
25.550000000000228 17.255049933419087
25.600000000000229 17.284384190195588
25.650000000000230 17.313733912665956
25.700000000000230 17.343099178513963
25.750000000000231 17.372480059632995
25.800000000000232 17.401876622113893
25.850000000000232 17.431288926203646
25.900000000000233 17.460717026272675
25.950000000000234 17.490160970752878
26.000000000000234 17.519620802074641
26.050000000000235 17.549096556585091
26.100000000000236 17.578588264459992
26.150000000000237 17.608095949599470
26.200000000000237 17.637619629505380
26.250000000000238 17.667159315147789
26.300000000000239 17.696715010837412
26.350000000000239 17.726286714042839
26.400000000000240 17.755874415243561
26.450000000000241 17.785478097739837
26.500000000000242 17.815097737464505
26.550000000000242 17.844733302786270
26.600000000000243 17.874384754290272
26.650000000000244 17.904052044577345
26.700000000000244 17.933735118030480
26.750000000000245 17.963433910586136
26.800000000000246 17.993148349518155
26.850000000000247 18.022878353174985
26.900000000000247 18.052623830768319
26.950000000000248 18.082384682123745
27.000000000000249 18.112160797450134
27.050000000000249 18.141952057100390
27.100000000000250 18.171758331341749
27.150000000000251 18.201579480128249
27.200000000000252 18.231415352872848
27.250000000000252 18.261265788241801
27.300000000000253 18.291130613933017
27.350000000000254 18.321009646473726
27.400000000000254 18.350902691025112
27.450000000000255 18.380809541189915
27.500000000000256 18.410729978839854
27.550000000000257 18.440663773934908
27.600000000000257 18.470610684359247
27.650000000000258 18.500570455772170
27.700000000000259 18.530542821453341
27.750000000000259 18.560527502163175
27.800000000000260 18.590524206018571
27.850000000000261 18.620532628357953
27.900000000000261 18.650552451625629
27.950000000000262 18.680583345264353
28.000000000000263 18.710624965602538
28.050000000000264 18.740676955756211
28.100000000000264 18.770738945530955
28.150000000000265 18.800810551325750
28.200000000000266 18.830891376043791
28.250000000000266 18.860981009004373
28.300000000000267 18.891079025855930
28.350000000000268 18.921184988487418
28.400000000000269 18.951298444945564
28.450000000000269 18.981418929347456
28.500000000000270 19.011545961799701
28.550000000000271 19.041679048299216
28.600000000000271 19.071817680660960
28.650000000000272 19.101961336415581
28.700000000000273 19.132109478726775
28.750000000000274 19.162261556292677
28.800000000000274 19.192417003257969
28.850000000000275 19.222575239116757
28.900000000000276 19.252735668611770
28.950000000000276 19.282897681645167
29.000000000000277 19.313060653168179
29.050000000000278 19.343223943106469
29.100000000000279 19.373386896240131
29.150000000000279 19.403548842119626
29.200000000000280 19.433709094980156
29.250000000000281 19.463866953638021
29.300000000000281 19.494021701411025
29.350000000000282 19.524172606045187
29.400000000000283 19.554318919625501
29.450000000000284 19.584459878514295
29.500000000000284 19.614594703293843
29.550000000000285 19.644722598705400
29.600000000000286 19.674842753611333
29.650000000000286 19.704954340959098
29.700000000000287 19.735056517763248
29.750000000000288 19.765148425088622
29.800000000000288 19.795229188061281
29.850000000000289 19.825297915884342
29.900000000000290 19.855353701864107
29.950000000000291 19.885395623464884
30.000000000000291 19.915422742363596
30.050000000000292 19.945434104535373
30.100000000000293 19.975428740345745
30.150000000000293 20.005405664659850
30.200000000000294 20.035363876986889
30.250000000000295 20.065302361610431
30.300000000000296 20.095220087767977
30.350000000000296 20.125116009834098
30.400000000000297 20.154989067517967
30.450000000000298 20.184838186090548
30.500000000000298 20.214662276614423
30.550000000000299 20.244460236215144
30.600000000000300 20.274230948349857
30.650000000000301 20.303973283096642
30.700000000000301 20.333686097471382
30.750000000000302 20.363368235753995
30.800000000000303 20.393018529829209
30.850000000000303 20.422635799556883
30.900000000000304 20.452218853135367
30.950000000000305 20.481766487511329
31.000000000000306 20.511277488774958
31.050000000000306 20.540750632594516
31.100000000000307 20.570184684643568
31.150000000000308 20.599578401065358
31.200000000000308 20.628930528935552
31.250000000000309 20.658239806739587
31.300000000000310 20.687504964871930
31.350000000000311 20.716724726146655
31.400000000000311 20.745897806306914
31.450000000000312 20.775022914569877
31.500000000000313 20.804098754171328
31.550000000000313 20.833124022914713
31.600000000000314 20.862097413753283
31.650000000000315 20.891017615363143
31.700000000000315 20.919883312741604
31.750000000000316 20.948693187814445
31.800000000000317 20.977445920049512
31.850000000000318 21.006140187087290
31.900000000000318 21.034774665384461
31.950000000000319 21.063348030853483
32.000000000000320 21.091858959539557
32.050000000000317 21.120306128281054
32.100000000000314 21.148688215401556
32.150000000000311 21.177003901398006
32.200000000000308 21.205251869647473
32.250000000000306 21.233430807122861
32.300000000000303 21.261539405112092
32.350000000000300 21.289576359950857
32.400000000000297 21.317540373768509
32.450000000000294 21.345430155230702
32.500000000000291 21.373244420308346
32.550000000000288 21.400981893029520
32.600000000000286 21.428641306257845
32.650000000000283 21.456221402469943
32.700000000000280 21.483720934533991
32.750000000000277 21.511138666503470
32.800000000000274 21.538473374402631
32.850000000000271 21.565723847020923
32.900000000000269 21.592888886707936
32.950000000000266 21.619967310172182
33.000000000000263 21.646957949275059
33.050000000000260 21.673859651826028
33.100000000000257 21.700671282371832
33.150000000000254 21.727391722988578
33.200000000000252 21.754019874063864
33.250000000000249 21.780554655076042
33.300000000000246 21.806995005360214
33.350000000000243 21.833339884876676
33.400000000000240 21.859588274957197
33.450000000000237 21.885739179046517
33.500000000000234 21.911791623436621
33.550000000000232 21.937744657976378
33.600000000000229 21.963597356770762
33.650000000000226 21.989348818870027
33.700000000000223 22.014998168929928
33.750000000000220 22.040544557869975
33.800000000000217 22.065987163487360
33.850000000000215 22.091325191076578
33.900000000000212 22.116557874006105
33.950000000000209 22.141684474282890
34.000000000000206 22.166704283092042
34.050000000000203 22.191616621307809
34.100000000000200 22.216420839974258
34.150000000000198 22.241116320772981
34.200000000000195 22.265702476441859
34.250000000000192 22.290178751187931
34.300000000000189 22.314544621052082
34.350000000000186 22.338799594243461
34.400000000000183 22.362943211464472
34.450000000000180 22.386975046169749
34.500000000000178 22.410894704823772
34.550000000000175 22.434701827106327
34.600000000000172 22.458396086090772
34.650000000000169 22.481977188383951
34.700000000000166 22.505444874233486
34.750000000000163 22.528798917604650
34.800000000000161 22.552039126215099
34.850000000000158 22.575165341531502
34.900000000000155 22.598177438736684
34.950000000000152 22.621075326658101
35.000000000000149 22.643858947658899
35.050000000000146 22.666528277486954
35.100000000000144 22.689083325094899
35.150000000000141 22.711524132420589
35.200000000000138 22.733850774129337
35.250000000000135 22.756063357314364
35.300000000000132 22.778162021168725
35.350000000000129 22.800146936614258
35.400000000000126 22.822018305890818
35.450000000000124 22.843776362124974
35.500000000000121 22.865421368838557
35.550000000000118 22.886953619440490
35.600000000000115 22.908373436669944
35.650000000000112 22.929681172010170
35.700000000000109 22.950877205074242
35.750000000000107 22.971961942935579
35.800000000000104 22.992935819452004
35.850000000000101 23.013799294530273
35.900000000000098 23.034552853383971
35.950000000000095 23.055197005739441
36.000000000000092 23.075732285018987
36.050000000000090 23.096159247498772
36.100000000000087 23.116478471433897
36.150000000000084 23.136690556151340
36.200000000000081 23.156796121132476
36.250000000000078 23.176795805048894
36.300000000000075 23.196690264798338
36.350000000000072 23.216480174495683
36.400000000000070 23.236166224465261
36.450000000000067 23.255749120199187
36.500000000000064 23.275229581307286
36.550000000000061 23.294608340438153
36.600000000000058 23.313886142205078
36.650000000000055 23.333063742086480
36.700000000000053 23.352141905326182
36.750000000000050 23.371121405812829
36.800000000000047 23.390003024966333
36.850000000000044 23.408787550611709
36.900000000000041 23.427475775851409
36.950000000000038 23.446068497945593
37.000000000000036 23.464566517180753
37.050000000000033 23.482970635753968
37.100000000000030 23.501281656658485
37.150000000000027 23.519500382583647
37.200000000000024 23.537627614807992
37.250000000000021 23.555664152125608
37.300000000000018 23.573610789780020
37.350000000000016 23.591468318402253
37.400000000000013 23.609237522985559
37.450000000000010 23.626919181871003
37.500000000000007 23.644514065758219
37.550000000000004 23.662022936736037
37.600000000000001 23.679446547344462
37.649999999999999 23.696785639665077
37.699999999999996 23.714040944436118
37.749999999999993 23.731213180202193
37.799999999999990 23.748303052501356
37.849999999999987 23.765311253071534
37.899999999999984 23.782238459110292
37.949999999999982 23.799085332557162
37.999999999999979 23.815852519435126
38.049999999999976 23.832540649203121
38.099999999999973 23.849150334168755
38.149999999999970 23.865682168942506
38.199999999999967 23.882136729926259
38.249999999999964 23.898514574845834
38.299999999999962 23.914816242333689
38.349999999999959 23.931042251555798
38.399999999999956 23.947193101867132
38.449999999999953 23.963269272541499
38.499999999999950 23.979271222523547
38.549999999999947 23.995199390230322
38.599999999999945 24.011054193406267
38.649999999999942 24.026836029020345
38.699999999999939 24.042545273201796
38.749999999999936 24.058182281230497
38.799999999999933 24.073747387565913
38.849999999999930 24.089240905923425
38.899999999999928 24.104663129392335
38.949999999999925 24.120014330596494
38.999999999999922 24.135294761891139
39.049999999999919 24.150504655607222
39.099999999999916 24.165644224337832
39.149999999999913 24.180713661257034
39.199999999999910 24.195713140472712
39.249999999999908 24.210642817420982
39.299999999999905 24.225502829290569
39.349999999999902 24.240293295483788
39.399999999999899 24.255014318102134
39.449999999999896 24.269665982467927
39.499999999999893 24.284248357661671
39.549999999999891 24.298761497097125
39.599999999999888 24.313205439105783
39.649999999999885 24.327580207553947
39.699999999999882 24.341885812467517
39.749999999999879 24.356122250684159
39.799999999999876 24.370289506505884
39.849999999999874 24.384387552378811
39.899999999999871 24.398416349561593
39.949999999999868 24.412375848814968
39.999999999999865 24.426265991097704
