# 1D Hubbard model 
# MCLM for L=20, U/t=0.10, n=1/2(quarter filling), m=0, M_L=5*10^3 steps
# Charge conductivity sigma(omega)
# omega/J sigma_c(omega) sigma_c(omega){rescaled} 

0.0000000000000000 181.65987210249043 183.56
5.00000000000000010E-003 265.17888308798234 267.079
1.00000000000000002E-002 1.7465993086858476 3.6466
1.49999999999999994E-002 0.31756884832264815 2.21757
2.00000000000000004E-002 0.14110691873896314 2.04111
2.50000000000000014E-002 4.03878088202644855E-002 1.94039
2.99999999999999989E-002 1.58154874716023852E-002 1.91582
3.50000000000000033E-002 1.15567776057539807E-002 1.91156
4.00000000000000008E-002 1.53964374913740012E-002 1.9154
4.49999999999999983E-002 3.57928254307987581E-002 1.93579
5.00000000000000028E-002 0.17530729132830083 2.07531
5.50000000000000003E-002 15.914459528811264 17.8145
5.99999999999999978E-002 6.1361557820721977 8.03616
6.50000000000000022E-002 8.5125600686997469 10.4126
7.00000000000000067E-002 0.85774056533444398 2.75774
7.49999999999999972E-002 0.63400387541018965 2.534
8.00000000000000017E-002 6.07814131088714737E-002 1.96078
8.50000000000000061E-002 1.89224005661660297E-002 1.91892
8.99999999999999967E-002 6.85346508929881876E-003 1.90685
9.50000000000000011E-002 1.88884107488011691E-003 1.90189
0.10000000000000001 1.61804383620151493E-003 1.90162
0.10500000000000000 2.54020914960569923E-003 1.90254
0.11000000000000000 6.17854239108714572E-003 1.90618
0.11500000000000000 6.83921938572708884E-003 1.90684
0.12000000000000000 5.60594267574252708E-003 1.90561
0.12500000000000000 2.84865980229178023E-003 1.90285
0.13000000000000000 8.19309452405952922E-004 1.90082
0.13500000000000001 4.17250643334785433E-004 1.90042
0.14000000000000001 4.23553456146448916E-004 1.90042
0.14499999999999999 8.52391192955197587E-004 1.90085
0.14999999999999999 2.95881539355588846E-003 1.90296
0.15500000000000000 5.31266687954400768E-003 1.90531
0.16000000000000000 7.34404125591895957E-003 1.90734
0.16500000000000001 7.39374850783801243E-003 1.90739
0.17000000000000001 6.66758335138220928E-003 1.90667
0.17500000000000002 9.38447056662790671E-003 1.90938
0.17999999999999999 1.09900797602731828E-002 1.91099
0.18500000000000000 1.15217634092772882E-002 1.91152
0.19000000000000000 8.69051517191096572E-003 1.90869
0.19500000000000001 5.80716869927271929E-003 1.90581
0.20000000000000001 3.24855478234394686E-003 1.90325
0.20500000000000002 1.47635416281012457E-003 1.90148
0.20999999999999999 9.37900763315721261E-004 1.90094
0.21500000000000000 7.92063332387184043E-004 1.90079
0.22000000000000000 7.63910405710196364E-004 1.90076
0.22500000000000001 9.74521832276982578E-004 1.90097
0.23000000000000001 1.28970500048110012E-003 1.90129
0.23500000000000001 1.55052905703619340E-003 1.90155
0.23999999999999999 1.81407265573236436E-003 1.90181
0.24500000000000000 9.42274752271991226E-004 1.90094
0.25000000000000000 6.40174295832133286E-004 1.90064
0.25500000000000000 8.44023149139332672E-004 1.90084
0.26000000000000001 1.62189153896128042E-003 1.90162
0.26500000000000001 3.42899229239128182E-003 1.90343
0.27000000000000002 6.97663131671416147E-003 1.90698
0.27500000000000002 5.69974460093430804E-003 1.9057
0.28000000000000003 6.24372191326268318E-003 1.90624
0.28500000000000003 2.21689347442074461E-003 1.90222
0.28999999999999998 1.33429245883269444E-003 1.90133
0.29499999999999998 4.39017434295442533E-004 1.90044
0.29999999999999999 1.29537555789358021E-004 1.90013
0.30499999999999999 8.12447681427697657E-005 1.90008
0.31000000000000000 1.09736550470656560E-004 1.90011
0.31500000000000000 3.49714457997276761E-004 1.90035
0.32000000000000001 1.58299215089814952E-003 1.90158
0.32500000000000001 2.85095591861233514E-003 1.90285
0.33000000000000002 6.31738558487530098E-003 1.90632
0.33500000000000002 8.86845860126698853E-003 1.90887
0.34000000000000002 1.17953160119070744E-002 1.9118
0.34500000000000003 8.65585510967954372E-003 1.90866
0.35000000000000003 6.84881282711870439E-003 1.90685
0.35499999999999998 2.44333175001643175E-003 1.90244
0.35999999999999999 1.12789732226108706E-003 1.90113
0.36499999999999999 1.05807407029793587E-003 1.90106
0.37000000000000000 1.84362474568830655E-003 1.90184
0.37500000000000000 4.53090666157216198E-003 1.90453
0.38000000000000000 5.68284499788816559E-003 1.90568
0.38500000000000001 6.26129665783747066E-003 1.90626
0.39000000000000001 4.18217910652958404E-003 1.90418
0.39500000000000002 2.34734110943152436E-003 1.90235
0.40000000000000002 1.32122661180783226E-003 1.90132
0.40500000000000003 6.63439599131218855E-004 1.90066
0.41000000000000003 3.53583508493400631E-004 1.90035
0.41500000000000004 1.61078553467147538E-004 1.90016
0.41999999999999998 1.14871989720655439E-004 1.90011
0.42499999999999999 1.58354880078253690E-004 1.90016
0.42999999999999999 3.66909629505241832E-004 1.90037
0.43500000000000000 7.14893870185217693E-004 1.90071
0.44000000000000000 1.14648303241753047E-003 1.90115
0.44500000000000001 2.85426814600901312E-003 1.90285
0.45000000000000001 4.10328882226211698E-003 1.9041
0.45500000000000002 6.51608876941337303E-003 1.90652
0.46000000000000002 6.08159771742454620E-003 1.90608
0.46500000000000002 4.78957501177215694E-003 1.90479
0.47000000000000003 2.43982667669042329E-003 1.90244
0.47500000000000003 8.60246962705927512E-004 1.90086
0.47999999999999998 3.74197284841705285E-004 1.90037
0.48499999999999999 2.30642062529845944E-004 1.90023
0.48999999999999999 2.20704982819425595E-004 1.90022
0.49500000000000000 3.28335284823792122E-004 1.90033
0.50000000000000000 8.57841886815349265E-004 1.90086
0.50500000000000000 2.24031506282626729E-003 1.90224
0.51000000000000001 3.49236626532203800E-003 1.90349
0.51500000000000001 5.02713122124860863E-003 1.90503
0.52000000000000002 5.72174706024746946E-003 1.90572
0.52500000000000002 5.61099497551627302E-003 1.90561
0.53000000000000003 5.11417822512529908E-003 1.90511
0.53500000000000003 5.49413916541693047E-003 1.90549
0.54000000000000004 6.02567385540736609E-003 1.90603
0.54500000000000004 5.18917026066243771E-003 1.90519
0.55000000000000004 2.90475732526074976E-003 1.9029
0.55500000000000005 2.09119926584215446E-003 1.90209
0.56000000000000005 2.44417345105358121E-003 1.90244
0.56500000000000006 2.91190242587651511E-003 1.90291
0.57000000000000006 3.11904825537702565E-003 1.90312
0.57500000000000007 2.15676677835439966E-003 1.90216
0.57999999999999996 1.04905662804336019E-003 1.90105
0.58499999999999996 5.66338666001502101E-004 1.90057
0.58999999999999997 4.12287742203270202E-004 1.90041
0.59499999999999997 4.48245348196673590E-004 1.90045
0.59999999999999998 5.43659740178633927E-004 1.90054
0.60499999999999998 5.98093713060848494E-004 1.9006
0.60999999999999999 1.00033467078764057E-003 1.901
0.61499999999999999 1.72670704762768398E-003 1.90173
0.62000000000000000 1.55217521975446228E-003 1.90155
0.62500000000000000 1.15046620573263378E-003 1.90115
0.63000000000000000 4.02192227999004497E-004 1.9004
0.63500000000000001 3.33960638783270644E-004 1.90033
0.64000000000000001 6.92216338733989156E-004 1.90069
0.64500000000000002 2.00910534216932083E-003 1.90201
0.65000000000000002 3.67343476361386588E-003 1.90367
0.65500000000000003 5.50955809992260265E-003 1.90551
0.66000000000000003 4.16473239899413632E-003 1.90416
0.66500000000000004 3.26888732943853184E-003 1.90327
0.67000000000000004 1.19191210506484359E-003 1.90119
0.67500000000000004 8.80174073095092756E-004 1.90088
0.68000000000000005 2.83496465436151586E-004 1.90028
0.68500000000000005 1.03469255275343420E-004 1.9001
0.69000000000000006 8.86366973192557876E-005 1.90009
0.69500000000000006 1.81288321746340660E-004 1.90018
0.70000000000000007 8.05249440224580382E-004 1.90081
0.70499999999999996 2.00354082717859065E-003 1.902
0.70999999999999996 4.47973779229472388E-003 1.90448
0.71499999999999997 6.83300229336331055E-003 1.90683
0.71999999999999997 1.11642209824723577E-002 1.91116
0.72499999999999998 9.15546006638881180E-003 1.90916
0.72999999999999998 8.57194306127932737E-003 1.90857
0.73499999999999999 3.98518514858145836E-003 1.90399
0.73999999999999999 1.65735353606893607E-003 1.90166
0.74500000000000000 5.35082437891667355E-004 1.90054
0.75000000000000000 2.30769147480229552E-004 1.90023
0.75500000000000000 2.52110566156277618E-004 1.90025
0.76000000000000001 6.44813749491894811E-004 1.90064
0.76500000000000001 9.20120211390211616E-004 1.90092
0.77000000000000002 7.38748391111770800E-004 1.90074
0.77500000000000002 9.27717131181809225E-004 1.90093
0.78000000000000003 1.06471086803980384E-003 1.90106
0.78500000000000003 1.32597681141915580E-003 1.90133
0.79000000000000004 1.99941525834913250E-003 1.902
0.79500000000000004 1.71993233232536013E-003 1.90172
0.80000000000000004 1.41336020888712397E-003 1.90141
0.80500000000000005 6.86726183087229430E-004 1.90069
0.81000000000000005 2.86408803114966118E-004 1.90029
0.81500000000000006 1.94504693465743345E-004 1.90019
0.82000000000000006 2.61213201949127174E-004 1.90026
0.82500000000000007 7.67656900959976245E-004 1.90077
0.83000000000000007 2.26290554474505327E-003 1.90226
0.83499999999999996 3.45279392641328941E-003 1.90345
0.83999999999999997 6.13348827288007735E-003 1.90613
0.84499999999999997 4.45336750551406351E-003 1.90445
0.84999999999999998 3.71867634919098144E-003 1.90372
0.85499999999999998 1.82812630669307004E-003 1.90183
0.85999999999999999 8.24082175066647772E-004 1.90082
0.86499999999999999 5.04959860428177629E-004 1.9005
0.87000000000000000 5.28434764275633275E-004 1.90053
0.87500000000000000 1.04372727243896390E-003 1.90104
0.88000000000000000 2.38571603710857399E-003 1.90239
0.88500000000000001 2.94430816907807671E-003 1.90294
0.89000000000000001 4.02902958563271588E-003 1.90403
0.89500000000000002 4.34006663224016653E-003 1.90434
0.90000000000000002 5.49336468629584625E-003 1.90549
0.90500000000000003 5.54655357370876460E-003 1.90555
0.91000000000000003 4.13611238421766631E-003 1.90414
0.91500000000000004 1.98141510296818632E-003 1.90198
0.92000000000000004 7.09744020818603135E-004 1.90071
0.92500000000000004 2.35867475949018407E-004 1.90024
0.93000000000000005 1.53094292379886545E-004 1.90015
0.93500000000000005 2.16464935749512388E-004 1.90022
0.94000000000000006 4.67442067104681608E-004 1.90047
0.94500000000000006 4.46926303188395501E-004 1.90045
0.95000000000000007 4.85952010149198863E-004 1.90049
0.95500000000000007 5.69000630962877385E-004 1.90057
0.95999999999999996 4.30496961500120943E-004 1.90043
0.96499999999999997 6.16527457780725288E-004 1.90062
0.96999999999999997 7.06864649016759796E-004 1.90071
0.97499999999999998 4.35296671848833187E-004 1.90044
0.97999999999999998 6.29413726517747221E-004 1.90063
0.98499999999999999 1.39557826231580012E-003 1.9014
0.98999999999999999 2.41536979994593209E-003 1.90242
0.99500000000000000 7.03709940837069989E-003 1.90704
1.0000000000000000 5.09419424806594346E-003 1.90509
1.0050000000000001 7.37823493558139708E-003 1.90738
1.0100000000000000 2.37356950592644209E-003 1.90237
1.0150000000000001 1.71841751055446532E-003 1.90172
1.0200000000000000 3.44486029843137857E-004 1.90034
1.0249999999999999 7.91527314313253551E-005 1.90008
1.0300000000000000 4.64328093592503204E-005 1.90005
1.0349999999999999 6.12704799539874026E-005 1.90006
1.0400000000000000 1.90478176308041302E-004 1.90019
1.0449999999999999 9.71147454160340741E-004 1.90097
1.0500000000000000 1.76171797644875355E-003 1.90176
1.0549999999999999 3.91435121790789393E-003 1.90391
1.0600000000000001 4.37505425042686389E-003 1.90438
1.0649999999999999 5.76389568573164399E-003 1.90576
1.0700000000000001 2.79884328360754768E-003 1.9028
1.0750000000000000 1.84970041947895994E-003 1.90185
1.0800000000000001 4.22314324620511267E-004 1.90042
1.0850000000000000 1.67711452682459139E-004 1.90017
1.0900000000000001 1.70749941717256761E-004 1.90017
1.0950000000000000 4.27290940165852868E-004 1.90043
1.1000000000000001 1.85805569869620262E-003 1.90186
1.1050000000000000 2.43093346802125080E-003 1.90243
1.1100000000000001 4.25126664447548607E-003 1.90425
1.1150000000000000 3.63063689934902583E-003 1.90363
1.1200000000000001 2.72594340120572943E-003 1.90273
1.1250000000000000 1.61745710894167435E-003 1.90162
1.1300000000000001 6.69231597084670934E-004 1.90067
1.1350000000000000 1.58257716858263667E-004 1.90016
1.1400000000000001 5.24156612348912693E-005 1.90005
1.1450000000000000 3.57179772561121511E-005 1.90004
1.1500000000000001 5.23728349819698773E-005 1.90005
1.1550000000000000 1.90509206761908974E-004 1.90019
1.1599999999999999 1.66535250487729464E-003 1.90167
1.1650000000000000 1.91746476742357046E-003 1.90192
1.1699999999999999 5.46270579882974280E-003 1.90546
1.1750000000000000 4.92520281974924944E-003 1.90493
1.1799999999999999 6.71590265868907219E-003 1.90672
1.1850000000000001 3.33532172375636086E-003 1.90334
1.1899999999999999 1.91798186905350323E-003 1.90192
1.1950000000000001 6.19624076662146292E-004 1.90062
1.2000000000000000 1.07200998609241444E-004 1.90011
1.2050000000000001 4.32130607838486383E-005 1.90004
1.2100000000000000 3.80253631243819795E-005 1.90004
1.2150000000000001 8.02550047292270705E-005 1.90008
1.2200000000000000 4.78078675748634836E-004 1.90048
1.2250000000000001 1.08683486531180730E-003 1.90109
1.2300000000000000 1.75396191006415387E-003 1.90175
1.2350000000000001 2.48060299339414791E-003 1.90248
1.2400000000000000 2.96731404328209923E-003 1.90297
1.2450000000000001 1.84808441913772653E-003 1.90185
1.2500000000000000 1.27021359997260943E-003 1.90127
1.2550000000000001 4.68442413919338053E-004 1.90047
1.2600000000000000 1.21925406415612639E-004 1.90012
1.2650000000000001 4.73392248314163987E-005 1.90005
1.2700000000000000 3.92669923364159944E-005 1.90004
1.2750000000000001 4.98969457723365910E-005 1.90005
1.2800000000000000 7.74172215745331567E-005 1.90008
1.2849999999999999 1.20640603842792903E-004 1.90012
1.2900000000000000 1.33874550854243675E-004 1.90013
1.2949999999999999 1.14828163841129417E-004 1.90011
1.3000000000000000 7.87781436272749330E-005 1.90008
1.3049999999999999 3.84733146276971890E-005 1.90004
1.3100000000000001 2.73838048870917319E-005 1.90003
1.3149999999999999 3.79273453357346834E-005 1.90004
1.3200000000000001 1.04404859101197501E-004 1.9001
1.3250000000000000 2.74779464330006417E-004 1.90027
1.3300000000000001 5.02234302500112256E-004 1.9005
1.3350000000000000 6.44623349475767428E-004 1.90064
1.3400000000000001 4.42429547051592978E-004 1.90044
1.3450000000000000 2.42427069211720991E-004 1.90024
1.3500000000000001 6.19336151625948594E-005 1.90006
1.3550000000000000 3.36301837234902532E-005 1.90003
1.3600000000000001 4.50621342771621939E-005 1.90005
1.3650000000000000 1.61154897083284226E-004 1.90016
1.3700000000000001 3.86051715234228174E-004 1.90039
1.3750000000000000 8.79088406336152425E-004 1.90088
1.3800000000000001 1.23448468196430739E-003 1.90123
1.3850000000000000 1.14862374679739962E-003 1.90115
1.3900000000000001 7.61761887393156475E-004 1.90076
1.3950000000000000 3.42792685823959764E-004 1.90034
1.4000000000000001 1.91992587240443082E-004 1.90019
1.4050000000000000 4.36071865782879464E-005 1.90004
1.4099999999999999 1.60426621672429496E-005 1.90002
1.4150000000000000 1.09819594468538208E-005 1.90001
1.4199999999999999 1.39019088596277851E-005 1.90001
1.4250000000000000 2.62002914426479791E-005 1.90003
1.4299999999999999 7.31856733644914155E-005 1.90007
1.4350000000000001 1.76792239672529677E-004 1.90018
1.4399999999999999 2.42506537573259831E-004 1.90024
1.4450000000000001 6.91243294427418774E-004 1.90069
1.4500000000000000 6.16168848172579425E-004 1.90062
1.4550000000000001 8.95210611513533295E-004 1.9009
1.4600000000000000 4.25808823218888632E-004 1.90043
1.4650000000000001 2.63952889743496134E-004 1.90026
1.4700000000000000 6.36963747273601796E-005 1.90006
1.4750000000000001 1.34354318131127420E-005 1.90001
1.4800000000000000 7.76674847899219448E-006 1.90001
1.4850000000000001 1.05669585314872712E-005 1.90001
1.4900000000000000 3.65846414508667143E-005 1.90004
1.4950000000000001 2.11582444206874552E-004 1.90021
1.5000000000000000 2.97183570069623198E-004 1.9003
1.5050000000000001 8.49016417802988242E-004 1.90085
1.5100000000000000 7.66703280357050707E-004 1.90077
1.5150000000000001 8.62149518807484375E-004 1.90086
1.5200000000000000 4.37418879495844390E-004 1.90044
1.5250000000000001 1.69918510686709794E-004 1.90017
1.5300000000000000 6.29100235569534857E-005 1.90006
1.5350000000000001 4.82567761505447001E-005 1.90005
1.5400000000000000 9.84133884694319368E-005 1.9001
1.5449999999999999 4.07726891579833365E-004 1.90041
1.5500000000000000 6.80142685012185980E-004 1.90068
1.5549999999999999 1.50446698901453204E-003 1.9015
1.5600000000000001 1.27960389892704720E-003 1.90128
1.5649999999999999 1.82059551066817110E-003 1.90182
1.5700000000000001 7.80907002427341595E-004 1.90078
1.5750000000000000 6.48507294130546297E-004 1.90065
1.5800000000000001 1.06468588818609144E-004 1.90011
1.5850000000000000 2.94750282076602522E-005 1.90003
1.5900000000000001 1.83341272828676574E-005 1.90002
1.5950000000000000 2.25936281429602793E-005 1.90002
1.6000000000000001 5.49834077562499806E-005 1.90005
1.6050000000000000 2.02359657386810859E-004 1.9002
1.6100000000000001 4.84957492473701195E-004 1.90048
1.6150000000000000 8.23790587661019482E-004 1.90082
1.6200000000000001 7.98675132935527813E-004 1.9008
1.6250000000000000 7.55292677698366790E-004 1.90076
1.6300000000000001 4.21959863279718018E-004 1.90042
1.6350000000000000 2.09741482096012792E-004 1.90021
1.6400000000000001 1.34292948512894470E-004 1.90013
1.6450000000000000 1.44241154328919439E-004 1.90014
1.6500000000000001 2.98139155119557769E-004 1.9003
1.6550000000000000 1.58542841596446627E-004 1.90016
1.6600000000000001 8.57428303194483901E-005 1.90009
1.6650000000000000 8.77618579390505339E-005 1.90009
1.6699999999999999 9.44045408660566262E-005 1.90009
1.6750000000000000 8.97966191557126675E-005 1.90009
1.6799999999999999 8.33872151193859612E-005 1.90008
1.6850000000000001 3.52970174565577966E-005 1.90004
1.6899999999999999 1.57698079508025591E-005 1.90002
1.6950000000000001 1.29365681014754431E-005 1.90001
1.7000000000000000 1.92990681849430291E-005 1.90002
1.7050000000000001 5.17123912863663609E-005 1.90005
1.7100000000000000 2.30313361858170248E-004 1.90023
1.7150000000000001 4.29226838035300172E-004 1.90043
1.7200000000000000 1.10078060963384448E-003 1.9011
1.7250000000000001 1.13738280089357990E-003 1.90114
1.7300000000000000 1.31897950454219889E-003 1.90132
1.7350000000000001 5.58038265381064630E-004 1.90056
1.7400000000000000 3.09625919892843489E-004 1.90031
1.7450000000000001 7.74709571285609529E-005 1.90008
1.7500000000000000 1.21761453923958004E-005 1.90001
1.7550000000000001 5.40242594857305150E-006 1.90001
1.7600000000000000 5.23255589318990021E-006 1.90001
1.7650000000000001 1.01303680324664726E-005 1.90001
1.7700000000000000 2.97938770901612835E-005 1.90003
1.7750000000000001 5.69529295412469933E-005 1.90006
1.7800000000000000 7.79871378325887099E-005 1.90008
1.7850000000000001 6.65182132695425450E-005 1.90007
1.7900000000000000 5.56321391670954555E-005 1.90006
1.7949999999999999 2.86927921841661341E-005 1.90003
1.8000000000000000 1.48718585728490031E-005 1.90001
1.8049999999999999 7.72791351551883749E-006 1.90001
1.8100000000000001 3.54584222210123913E-006 1.9
1.8149999999999999 2.69595454822724113E-006 1.9
1.8200000000000001 3.92680212430687910E-006 1.9
1.8250000000000000 9.09384911853794274E-006 1.90001
1.8300000000000001 2.24337280079631109E-005 1.90002
1.8350000000000000 4.80295963201900287E-005 1.90005
1.8400000000000001 7.25041477304081702E-005 1.90007
1.8450000000000000 9.28690938028284822E-005 1.90009
1.8500000000000001 8.33898574334731782E-005 1.90008
1.8550000000000000 6.74113973806099535E-005 1.90007
1.8600000000000001 2.57085698042400923E-005 1.90003
1.8650000000000000 9.42644505653039259E-006 1.90001
1.8700000000000001 6.86757047006958199E-006 1.90001
1.8750000000000000 1.03100517848781633E-005 1.90001
1.8800000000000001 3.14077028506358998E-005 1.90003
1.8850000000000000 2.56050194191583620E-004 1.90026
1.8900000000000001 5.17041372116779866E-004 1.90052
1.8950000000000000 1.15199888829705418E-003 1.90115
1.9000000000000001 1.59803847902790434E-003 1.9016
1.9050000000000000 1.60319242311916582E-003 1.9016
1.9100000000000001 1.05775085956332578E-003 1.90106
1.9150000000000000 4.82889372609646443E-004 1.90048
1.9199999999999999 2.00721831827988141E-004 1.9002
1.9250000000000000 2.94469201641271777E-005 1.90003
1.9299999999999999 1.53304914401134375E-005 1.90002
1.9350000000000001 1.75825333369916278E-005 1.90002
1.9399999999999999 3.73086445617623854E-005 1.90004
1.9450000000000001 9.05236612981105373E-005 1.90009
1.9500000000000000 2.08662651055745234E-004 1.90021
1.9550000000000001 5.61910646520570795E-004 1.90056
1.9600000000000000 6.64608905348646004E-004 1.90066
1.9650000000000001 7.43945610106764893E-004 1.90074
1.9700000000000000 4.23218513953764529E-004 1.90042
1.9750000000000001 2.05476031410288984E-004 1.90021
1.9800000000000000 1.16918622363757218E-004 1.90012
1.9850000000000001 1.34348386597667136E-004 1.90013
1.9900000000000000 2.81982932617139126E-004 1.90028
1.9950000000000001 6.04609861340241412E-004 1.9006
2.0000000000000000 5.77986797741247360E-004 1.90058
2.0049999999999999 6.13996496247785710E-004 1.90061
2.0100000000000002 2.95913489203134949E-004 1.9003
2.0150000000000001 1.63768171249860194E-004 1.90016
2.0200000000000000 9.51381672653876532E-005 1.9001
2.0249999999999999 6.03640466899706493E-005 1.90006
2.0300000000000002 3.33147401302475558E-005 1.90003
2.0350000000000001 1.92236122038590646E-005 1.90002
2.0400000000000000 1.99663280433949434E-005 1.90002
2.0449999999999999 3.55043473457717580E-005 1.90004
2.0499999999999998 6.18112933873437925E-005 1.90006
2.0550000000000002 7.25336348866853573E-005 1.90007
2.0600000000000001 1.06855976524768118E-004 1.90011
2.0649999999999999 2.02612907560331240E-004 1.9002
2.0699999999999998 3.58883021978554989E-004 1.90036
2.0750000000000002 6.61997741215697866E-004 1.90066
2.0800000000000001 6.19006102963138194E-004 1.90062
2.0850000000000000 5.16539609896705400E-004 1.90052
2.0899999999999999 2.76006367180277475E-004 1.90028
2.0950000000000002 2.20006619047971678E-004 1.90022
2.1000000000000001 3.99857274783633825E-004 1.9004
2.1050000000000000 5.67862521365541158E-004 1.90057
2.1099999999999999 6.42899575047602037E-004 1.90064
2.1150000000000002 4.42834967325880552E-004 1.90044
2.1200000000000001 2.45539458574665838E-004 1.90025
2.1250000000000000 1.49632632619265505E-004 1.90015
2.1299999999999999 7.50203750854636618E-005 1.90008
2.1350000000000002 5.11781637638890363E-005 1.90005
2.1400000000000001 2.81655265418259643E-005 1.90003
2.1450000000000000 1.68454198399176486E-005 1.90002
2.1499999999999999 1.88129801283058264E-005 1.90002
2.1550000000000002 5.18069980100354109E-005 1.90005
2.1600000000000001 2.88338860598325150E-004 1.90029
2.1650000000000000 3.96997785542558363E-004 1.9004
2.1699999999999999 1.09057600141794129E-003 1.90109
2.1750000000000003 1.01121955043048640E-003 1.90101
2.1800000000000002 1.24036022497645742E-003 1.90124
2.1850000000000001 5.59764656068420323E-004 1.90056
2.1899999999999999 3.38890077484376231E-004 1.90034
2.1949999999999998 8.16328213430874355E-005 1.90008
2.2000000000000002 1.26583581795147799E-005 1.90001
2.2050000000000001 5.08743793866987343E-006 1.90001
2.2100000000000000 4.61404560835619986E-006 1.9
2.2149999999999999 9.94008862746000693E-006 1.90001
2.2200000000000002 7.61229899207326532E-005 1.90008
2.2250000000000001 2.86511302713481216E-004 1.90029
2.2300000000000000 5.59184615190271126E-004 1.90056
2.2349999999999999 8.09883772113736185E-004 1.90081
2.2400000000000002 9.27368823152939178E-004 1.90093
2.2450000000000001 3.68983524310139603E-004 1.90037
2.2500000000000000 2.66835577363837935E-004 1.90027
2.2549999999999999 3.50340672637438000E-005 1.90004
2.2600000000000002 6.05771343323347824E-006 1.90001
2.2650000000000001 3.35877463748739900E-006 1.9
2.2700000000000000 3.70071200391239765E-006 1.9
2.2749999999999999 6.54490005982808663E-006 1.90001
2.2800000000000002 1.85677127676427459E-005 1.90002
2.2850000000000001 4.88310687495885151E-005 1.90005
2.2900000000000000 6.56996528566679598E-005 1.90007
2.2949999999999999 8.55265239319725757E-005 1.90009
2.3000000000000003 7.34805734753749836E-005 1.90007
2.3050000000000002 4.39520262162843267E-005 1.90004
2.3100000000000001 1.38287732414216863E-005 1.90001
2.3149999999999999 4.77901416835102321E-006 1.9
2.3199999999999998 3.50189198155998228E-006 1.9
2.3250000000000002 6.15708191656988963E-006 1.90001
2.3300000000000001 2.61377634641325279E-005 1.90003
2.3350000000000000 1.11071289751928567E-004 1.90011
2.3399999999999999 2.74664582209703447E-004 1.90027
2.3450000000000002 4.56928244049434036E-004 1.90046
2.3500000000000001 8.01537892178021626E-004 1.9008
2.3550000000000000 6.25559339519471272E-004 1.90063
2.3599999999999999 6.12585287554299508E-004 1.90061
2.3650000000000002 2.19486630311392943E-004 1.90022
2.3700000000000001 7.61067372813184685E-005 1.90008
2.3750000000000000 3.38755406965488779E-005 1.90003
2.3799999999999999 2.31063811009981970E-005 1.90002
2.3850000000000002 2.72398879506029058E-005 1.90003
2.3900000000000001 4.03395595658824615E-005 1.90004
2.3950000000000000 6.11509944942841872E-005 1.90006
2.3999999999999999 1.53708822450335225E-004 1.90015
2.4050000000000002 4.01560547326966705E-004 1.9004
2.4100000000000001 5.02327730526001023E-004 1.9005
2.4150000000000000 5.36061506561702852E-004 1.90054
2.4199999999999999 3.69227005316243343E-004 1.90037
2.4250000000000003 2.41191723039822352E-004 1.90024
2.4300000000000002 2.06049951073086692E-004 1.90021
2.4350000000000001 3.16816032690932518E-004 1.90032
2.4399999999999999 5.19468250520836857E-004 1.90052
2.4449999999999998 5.43133400119313447E-004 1.90054
2.4500000000000002 3.85221742173327071E-004 1.90039
2.4550000000000001 1.86068796222389190E-004 1.90019
2.4600000000000000 9.13249151908561451E-005 1.90009
2.4649999999999999 6.71556639559893129E-005 1.90007
2.4700000000000002 9.98968132031675179E-005 1.9001
2.4750000000000001 2.19280313245402410E-004 1.90022
2.4800000000000000 8.98398980997185001E-005 1.90009
2.4849999999999999 3.10613991448933046E-005 1.90003
2.4900000000000002 2.41313620285543549E-005 1.90002
2.4950000000000001 2.80494802819701107E-005 1.90003
2.5000000000000000 3.33268667287895277E-005 1.90003
2.5049999999999999 3.32189968425638699E-005 1.90003
2.5100000000000002 2.47642697788243228E-005 1.90002
2.5150000000000001 1.95177925116911562E-005 1.90002
2.5200000000000000 1.15963087016680697E-005 1.90001
2.5249999999999999 7.01943422244745693E-006 1.90001
2.5300000000000002 6.54034696595480422E-006 1.90001
2.5350000000000001 6.43882559178256978E-006 1.90001
2.5400000000000000 5.80861152740882697E-006 1.90001
2.5449999999999999 9.61704659091789426E-006 1.90001
2.5500000000000003 4.33002368440371419E-005 1.90004
2.5550000000000002 1.07834429968762808E-004 1.90011
2.5600000000000001 1.96770552560582388E-004 1.9002
2.5649999999999999 2.59676189084571702E-004 1.90026
2.5699999999999998 2.87409020562904704E-004 1.90029
2.5750000000000002 1.44725925243211807E-004 1.90014
2.5800000000000001 1.00846537561350119E-004 1.9001
2.5850000000000000 1.80090333314044258E-005 1.90002
2.5899999999999999 6.22002238631959173E-006 1.90001
2.5950000000000002 6.87843696078190575E-006 1.90001
2.6000000000000001 2.27722173978389291E-005 1.90002
2.6050000000000000 1.43658592235483757E-004 1.90014
2.6099999999999999 2.16684533314894689E-004 1.90022
2.6150000000000002 6.37107399229038538E-004 1.90064
2.6200000000000001 5.55281175199745796E-004 1.90056
2.6250000000000000 7.86531426928044927E-004 1.90079
2.6299999999999999 4.17919419335668885E-004 1.90042
2.6350000000000002 3.04465258371119875E-004 1.9003
2.6400000000000001 8.20725642009556723E-005 1.90008
2.6450000000000000 2.17142235368739536E-005 1.90002
2.6499999999999999 5.00567210491509778E-006 1.90001
2.6550000000000002 3.03068137570739865E-006 1.9
2.6600000000000001 4.88537819492833725E-006 1.9
2.6650000000000000 1.65663800802006232E-005 1.90002
2.6699999999999999 2.74255347627293402E-005 1.90003
2.6750000000000003 3.17325924837640568E-005 1.90003
2.6800000000000002 3.52790333085200374E-005 1.90004
2.6850000000000001 2.60511476541418346E-005 1.90003
2.6899999999999999 1.54141627200919327E-005 1.90002
2.6949999999999998 9.29293372217389812E-006 1.90001
2.7000000000000002 4.83650943424283112E-006 1.9
2.7050000000000001 3.92183056415790197E-006 1.9
2.7100000000000000 4.89022403250056103E-006 1.9
2.7149999999999999 4.44720506880994278E-006 1.9
2.7200000000000002 3.17370566501934571E-006 1.9
2.7250000000000001 3.50074507159416007E-006 1.9
2.7300000000000000 4.03706107810626146E-006 1.9
2.7349999999999999 4.36116413039964281E-006 1.9
2.7400000000000002 4.80445234346193359E-006 1.9
2.7450000000000001 6.02049477836531229E-006 1.90001
2.7500000000000000 1.23577843116567724E-005 1.90001
2.7549999999999999 2.71804069413455847E-005 1.90003
2.7600000000000002 5.52987574701019260E-005 1.90006
2.7650000000000001 6.21633524395519022E-005 1.90006
2.7700000000000000 4.57689195854417091E-005 1.90005
2.7749999999999999 1.86935962858561259E-005 1.90002
2.7800000000000002 6.13043924270969041E-006 1.90001
2.7850000000000001 3.54852625488726928E-006 1.9
2.7900000000000000 3.52854731589342534E-006 1.9
2.7949999999999999 3.79372231671342901E-006 1.9
2.8000000000000003 4.43077056529491639E-006 1.9
2.8050000000000002 4.69932958164149839E-006 1.9
2.8100000000000001 5.41493239063636950E-006 1.90001
2.8149999999999999 8.44113024129217667E-006 1.90001
2.8199999999999998 7.31676319456912660E-006 1.90001
2.8250000000000002 5.45568686093965632E-006 1.90001
2.8300000000000001 7.18302185896718370E-006 1.90001
2.8350000000000000 1.19072340121038973E-005 1.90001
2.8399999999999999 1.81736235995085286E-005 1.90002
2.8450000000000002 2.63635463176517871E-005 1.90003
2.8500000000000001 2.29205332984637027E-005 1.90002
2.8550000000000000 1.81624165528305419E-005 1.90002
2.8599999999999999 6.88734599718073904E-006 1.90001
2.8650000000000002 2.45460174199439131E-006 1.9
2.8700000000000001 2.02214528648085831E-006 1.9
2.8750000000000000 3.16151868710282202E-006 1.9
2.8799999999999999 9.58313355825743339E-006 1.90001
2.8850000000000002 6.78858510128544696E-005 1.90007
2.8900000000000001 1.57456978737151049E-004 1.90016
2.8950000000000000 3.12396977117743592E-004 1.90031
2.8999999999999999 5.08817489589743696E-004 1.90051
2.9050000000000002 4.38830278554156871E-004 1.90044
2.9100000000000001 3.02041588470016061E-004 1.9003
2.9150000000000000 1.37694571841230374E-004 1.90014
2.9199999999999999 5.59316092691077032E-005 1.90006
2.9250000000000003 7.37080151846243892E-006 1.90001
2.9300000000000002 2.97323745072295943E-006 1.9
2.9350000000000001 2.81127253110004314E-006 1.9
2.9399999999999999 5.91326237108655128E-006 1.90001
2.9449999999999998 3.01738504482080456E-005 1.90003
2.9500000000000002 1.10030163325174716E-004 1.90011
2.9550000000000001 2.15380004343863527E-004 1.90022
2.9600000000000000 3.62911319809681933E-004 1.90036
2.9649999999999999 3.79075350186424114E-004 1.90038
2.9700000000000002 2.49975674731128328E-004 1.90025
2.9750000000000001 1.22781432353506813E-004 1.90012
2.9800000000000000 4.85924403079431057E-005 1.90005
2.9849999999999999 6.88918463128716099E-006 1.90001
2.9900000000000002 2.24067419016391333E-006 1.9
2.9950000000000001 1.68579186666650498E-006 1.9
3.0000000000000000 2.50398521592403112E-006 1.9
3.0049999999999999 7.50428585137355837E-006 1.90001
3.0100000000000002 2.60978694030130736E-005 1.90003
3.0150000000000001 3.72918484515537103E-005 1.90004
3.0200000000000000 5.08410830541715825E-005 1.90005
3.0249999999999999 4.09489785725301658E-005 1.90004
3.0300000000000002 3.28076727658480218E-005 1.90003
3.0350000000000001 1.18619021396866067E-005 1.90001
3.0400000000000000 3.01889529450448699E-006 1.9
3.0449999999999999 1.76630916300934852E-006 1.9
3.0500000000000003 2.21899197130161789E-006 1.9
3.0550000000000002 5.87001459012208064E-006 1.90001
3.0600000000000001 3.66646631116122985E-005 1.90004
3.0649999999999999 1.86008243959138520E-004 1.90019
3.0700000000000003 2.91707494416683637E-004 1.90029
3.0750000000000002 6.88452928937999427E-004 1.90069
3.0800000000000001 5.10142117716462008E-004 1.90051
3.0850000000000000 4.90536986496281657E-004 1.90049
3.0899999999999999 1.78379166477890007E-004 1.90018
3.0950000000000002 8.66546170705868082E-005 1.90009
3.1000000000000001 1.08388876703860777E-005 1.90001
3.1050000000000000 3.33264589035479192E-006 1.9
3.1099999999999999 1.85101832556502055E-006 1.9
3.1150000000000002 2.46127195844077665E-006 1.9
3.1200000000000001 8.60135680652820439E-006 1.90001
3.1250000000000000 2.65402754257498714E-005 1.90003
3.1299999999999999 3.28703850914584996E-005 1.90003
3.1350000000000002 3.80412695422544057E-005 1.90004
3.1400000000000001 2.37567830575624205E-005 1.90002
3.1450000000000000 1.60740164949326397E-005 1.90002
3.1499999999999999 5.55875938739364522E-006 1.90001
3.1550000000000002 2.63157645358674349E-006 1.9
3.1600000000000001 2.25251963909821582E-006 1.9
3.1650000000000000 3.72101838574874168E-006 1.9
3.1699999999999999 9.59567259299194756E-006 1.90001
3.1750000000000003 1.54950018426713841E-005 1.90002
3.1800000000000002 2.07213075091480827E-005 1.90002
3.1850000000000001 2.17447729133227984E-005 1.90002
3.1899999999999999 2.14154383087587751E-005 1.90002
3.1950000000000003 8.44964739613822725E-006 1.90001
3.2000000000000002 2.89268233390318618E-006 1.9
3.2050000000000001 1.98315653686523549E-006 1.9
3.2100000000000000 2.91089782036640960E-006 1.9
3.2149999999999999 1.01929802504717192E-005 1.90001
3.2200000000000002 5.85322087138696680E-005 1.90006
3.2250000000000001 1.06735853853205900E-004 1.90011
3.2300000000000000 2.66320992479252656E-004 1.90027
3.2349999999999999 3.32168408006840209E-004 1.90033
3.2400000000000002 3.64852764787703689E-004 1.90036
3.2450000000000001 1.84558954784733132E-004 1.90018
3.2500000000000000 1.25462146343324760E-004 1.90013
3.2549999999999999 3.46432491415064571E-005 1.90003
3.2600000000000002 1.60087940292122912E-005 1.90002
3.2650000000000001 2.31629378904089481E-005 1.90002
3.2700000000000000 6.95711569894121403E-005 1.90007
3.2749999999999999 1.35137349339503631E-004 1.90014
3.2800000000000002 2.78835064366453258E-004 1.90028
3.2850000000000001 2.45060480323542782E-004 1.90025
3.2900000000000000 2.57155384986509049E-004 1.90026
3.2949999999999999 9.87461173268859923E-005 1.9001
3.3000000000000003 7.40906476437689266E-005 1.90007
3.3050000000000002 1.52435302130710695E-005 1.90002
3.3100000000000001 4.26147866564322643E-006 1.9
3.3149999999999999 2.22957975598654578E-006 1.9
3.3200000000000003 1.98948574710906548E-006 1.9
3.3250000000000002 3.36888778087581744E-006 1.9
3.3300000000000001 1.08382188216220689E-005 1.90001
3.3350000000000000 1.84772922044870026E-005 1.90002
3.3399999999999999 2.00091956246086016E-005 1.90002
3.3450000000000002 2.81344104389615301E-005 1.90003
3.3500000000000001 2.60575075064279768E-005 1.90003
3.3550000000000000 3.14306917594207915E-005 1.90003
3.3599999999999999 2.44878000683115127E-005 1.90002
3.3650000000000002 2.03578917539770089E-005 1.90002
3.3700000000000001 9.42828127230996646E-006 1.90001
3.3750000000000000 2.16338651537514349E-006 1.9
3.3799999999999999 1.21678530463839729E-006 1.9
3.3850000000000002 1.44022375445832696E-006 1.9
3.3900000000000001 3.87675123940597244E-006 1.9
3.3950000000000000 2.73479776402182422E-005 1.90003
3.3999999999999999 9.81776624206028459E-005 1.9001
3.4050000000000002 1.97520197980429163E-004 1.9002
3.4100000000000001 3.60093574566165123E-004 1.90036
3.4150000000000000 3.85625662696092075E-004 1.90039
3.4199999999999999 3.05721603152990615E-004 1.90031
3.4250000000000003 1.34110657121773149E-004 1.90013
3.4300000000000002 6.55640522349886168E-005 1.90007
3.4350000000000001 1.02200013233773636E-005 1.90001
3.4399999999999999 2.97584943558770981E-006 1.9
3.4450000000000003 1.81029086428150542E-006 1.9
3.4500000000000002 2.42732890833861738E-006 1.9
3.4550000000000001 7.04417570863161787E-006 1.90001
3.4600000000000000 1.30220550335545347E-005 1.90001
3.4649999999999999 2.02009575368840757E-005 1.90002
3.4700000000000002 1.95174757022902994E-005 1.90002
3.4750000000000001 1.58359675374262591E-005 1.90002
3.4800000000000000 9.13269322281760449E-006 1.90001
3.4849999999999999 3.65240332615769759E-006 1.9
3.4900000000000002 1.44881583368928741E-006 1.9
3.4950000000000001 6.72486835779001288E-007 1.9
3.5000000000000000 5.44460478532670043E-007 1.9
3.5049999999999999 8.24153534073084107E-007 1.9
3.5100000000000002 1.74412705351645117E-006 1.9
3.5150000000000001 3.06769899430613785E-006 1.9
3.5200000000000000 5.07564995718884261E-006 1.90001
3.5249999999999999 9.78542827208749893E-006 1.90001
3.5300000000000002 1.13293049100784864E-005 1.90001
3.5350000000000001 1.21450109668044077E-005 1.90001
3.5400000000000000 1.15466987545833417E-005 1.90001
3.5449999999999999 5.36263179649778078E-006 1.90001
3.5500000000000003 5.29158607352121671E-006 1.90001
3.5550000000000002 9.15778335749222640E-006 1.90001
3.5600000000000001 1.17565445696807911E-005 1.90001
3.5649999999999999 1.60935173413074275E-005 1.90002
3.5700000000000003 2.18032853007141662E-005 1.90002
3.5750000000000002 3.99073073254301692E-005 1.90004
3.5800000000000001 8.87611248275365852E-005 1.90009
3.5850000000000000 1.38303979393701224E-004 1.90014
3.5899999999999999 2.05312034661278380E-004 1.90021
3.5950000000000002 1.31225216247400227E-004 1.90013
3.6000000000000001 1.19425521032630129E-004 1.90012
3.6050000000000000 7.57390173422743462E-005 1.90008
3.6099999999999999 1.25292094929249431E-004 1.90013
3.6150000000000002 2.57068840652307422E-004 1.90026
3.6200000000000001 2.41284973000754297E-004 1.90024
3.6250000000000000 2.19003503974964304E-004 1.90022
3.6299999999999999 9.34102224327461198E-005 1.90009
3.6350000000000002 5.47702153913536032E-005 1.90005
3.6400000000000001 1.43110800856947938E-005 1.90001
3.6450000000000000 1.09887307278570827E-005 1.90001
3.6499999999999999 6.69363956048365253E-006 1.90001
3.6550000000000002 3.92086926263251222E-006 1.9
3.6600000000000001 4.54445368334844996E-006 1.9
3.6650000000000000 9.78624919422172267E-006 1.90001
3.6699999999999999 1.66067780096031223E-005 1.90002
3.6750000000000003 1.96953998370733629E-005 1.90002
3.6800000000000002 1.75133243107995830E-005 1.90002
3.6850000000000001 1.07357944536285729E-005 1.90001
3.6899999999999999 5.39146469942879849E-006 1.90001
3.6950000000000003 2.22838872502345793E-006 1.9
3.7000000000000002 7.66518741454665366E-007 1.9
3.7050000000000001 4.95097124447678488E-007 1.9
3.7100000000000000 7.43799869879698486E-007 1.9
3.7149999999999999 3.12822912291806041E-006 1.9
3.7200000000000002 2.67707743985979875E-005 1.90003
3.7250000000000001 6.02971727405643001E-005 1.90006
3.7300000000000000 1.29141979611478513E-004 1.90013
3.7349999999999999 1.31728017300086314E-004 1.90013
3.7400000000000002 1.02843523589706915E-004 1.9001
3.7450000000000001 6.01254474683645987E-005 1.90006
3.7500000000000000 2.50942511990631143E-005 1.90003
3.7549999999999999 1.16219073199076056E-005 1.90001
3.7600000000000002 5.41738399354141146E-006 1.90001
3.7650000000000001 1.93261732187315415E-006 1.9
3.7700000000000000 1.08552149561861968E-006 1.9
3.7749999999999999 1.54705180483462906E-006 1.9
3.7800000000000002 6.12823406812348084E-006 1.90001
3.7850000000000001 2.84390128896935713E-005 1.90003
3.7900000000000000 5.86389740092981392E-005 1.90006
3.7949999999999999 1.08004464666988417E-004 1.90011
3.8000000000000003 2.38747860274187698E-004 1.90024
3.8050000000000002 1.86545977094970970E-004 1.90019
3.8100000000000001 2.30309864481162104E-004 1.90023
3.8149999999999999 7.31301795975429459E-005 1.90007
3.8200000000000003 4.05020967130501723E-005 1.90004
3.8250000000000002 1.28376285320145523E-005 1.90001
3.8300000000000001 1.28858145135489535E-006 1.9
3.8350000000000000 6.52484507200296631E-007 1.9
3.8399999999999999 8.78731786425842586E-007 1.9
3.8450000000000002 4.04408954718796449E-006 1.9
3.8500000000000001 8.06633641248204276E-006 1.90001
3.8550000000000000 1.31511281145886213E-005 1.90001
3.8599999999999999 1.71818972861742358E-005 1.90002
3.8650000000000002 1.04258317544228143E-005 1.90001
3.8700000000000001 7.62582106149327383E-006 1.90001
3.8750000000000000 2.79288916840244660E-006 1.9
3.8799999999999999 1.08722056475935148E-006 1.9
3.8850000000000002 6.57455700015190773E-007 1.9
3.8900000000000001 5.68321550014754845E-007 1.9
3.8950000000000000 6.32374899027245636E-007 1.9
3.8999999999999999 7.72240343929185838E-007 1.9
3.9050000000000002 8.66063788892700613E-007 1.9
3.9100000000000001 9.51309151025370493E-007 1.9
3.9150000000000000 1.19089355809092097E-006 1.9
3.9199999999999999 1.33109644087162110E-006 1.9
3.9250000000000003 8.62805097874279863E-007 1.9
3.9300000000000002 7.61100291869082276E-007 1.9
3.9350000000000001 1.47791059943167412E-006 1.9
3.9399999999999999 2.50717201929412895E-006 1.9
3.9450000000000003 2.30386812500634255E-006 1.9
3.9500000000000002 2.73357939897993706E-006 1.9
3.9550000000000001 2.53900417572908802E-006 1.9
3.9600000000000000 2.24042197057322832E-006 1.9
3.9650000000000003 2.10961299590473994E-006 1.9
3.9700000000000002 1.69990126721487284E-006 1.9
3.9750000000000001 1.88289262268836772E-006 1.9
3.9800000000000000 3.59430343854785966E-006 1.9
3.9849999999999999 4.56874411225803579E-006 1.9
3.9900000000000002 1.26144859273554789E-005 1.90001
3.9950000000000001 2.93285162443150079E-005 1.90003
4.0000000000000000 7.29695984308147074E-005 1.90007
4.0049999999999999 3.57796684170703409E-005 1.90004
4.0099999999999998 2.36691507133505757E-005 1.90002
4.0149999999999997 1.42302611462665234E-005 1.90001
4.0200000000000005 1.11287505689085160E-005 1.90001
4.0250000000000004 1.10470810319523657E-005 1.90001
4.0300000000000002 7.02083417738303885E-006 1.90001
4.0350000000000001 3.40030885376570900E-006 1.9
4.0400000000000000 1.70501980734645103E-006 1.9
4.0449999999999999 1.75141795199970267E-006 1.9
4.0499999999999998 3.53020050639666048E-006 1.9
4.0549999999999997 5.86874054585784896E-006 1.90001
4.0600000000000005 1.66148699989499743E-005 1.90002
4.0650000000000004 6.29164391647368489E-005 1.90006
4.0700000000000003 9.46346664886308075E-005 1.90009
4.0750000000000002 2.35262807310905814E-004 1.90024
4.0800000000000001 1.54760527934257849E-004 1.90015
4.0850000000000000 1.75627190812304899E-004 1.90018
4.0899999999999999 5.53476526615208469E-005 1.90006
4.0949999999999998 3.37256981843929969E-005 1.90003
4.0999999999999996 3.47769507490570003E-006 1.9
4.1050000000000004 1.27436347683470829E-006 1.9
4.1100000000000003 1.22564641708481584E-006 1.9
4.1150000000000002 2.63403158329702058E-006 1.9
4.1200000000000001 1.17038503459902210E-005 1.90001
4.1250000000000000 6.30782848744511446E-005 1.90006
4.1299999999999999 9.94896956475117584E-005 1.9001
4.1349999999999998 2.33621235969382941E-004 1.90023
4.1399999999999997 1.89958801284101597E-004 1.90019
4.1450000000000005 2.15483205764702623E-004 1.90022
4.1500000000000004 7.46951659538151725E-005 1.90007
4.1550000000000002 4.95686637753854498E-005 1.90005
4.1600000000000001 6.29346883286603993E-006 1.90001
4.1650000000000000 1.94202212020274367E-006 1.9
4.1699999999999999 1.57865683964149770E-006 1.9
4.1749999999999998 2.79154656699918761E-006 1.9
4.1799999999999997 6.18184092007565702E-006 1.90001
4.1850000000000005 1.06784877249254507E-005 1.90001
4.1900000000000004 1.28418514876532976E-005 1.90001
4.1950000000000003 1.64889509678238646E-005 1.90002
4.2000000000000002 1.27391014893979449E-005 1.90001
4.2050000000000001 1.16009985617811657E-005 1.90001
4.2100000000000000 2.56895638518959854E-006 1.9
4.2149999999999999 1.00785083621354937E-006 1.9
4.2199999999999998 1.13651921408628139E-006 1.9
4.2249999999999996 4.19581377683538510E-006 1.9
4.2300000000000004 3.84248068679386571E-005 1.90004
4.2350000000000003 3.29364751693484530E-005 1.90003
4.2400000000000002 8.17181069340858598E-005 1.90008
4.2450000000000001 6.77568837267907405E-005 1.90007
4.2500000000000000 1.15150588402536256E-004 1.90012
4.2549999999999999 1.13275191388169651E-004 1.90011
4.2599999999999998 8.14774697355531951E-005 1.90008
4.2649999999999997 5.12780660498084510E-005 1.90005
4.2700000000000005 1.03843458065849434E-005 1.90001
4.2750000000000004 1.49184063306388806E-006 1.9
4.2800000000000002 5.73983699488861128E-007 1.9
4.2850000000000001 5.77593863643175579E-007 1.9
4.2900000000000000 1.73397369480422402E-006 1.9
4.2949999999999999 3.90098683610492505E-006 1.9
4.2999999999999998 4.52992671169960564E-006 1.9
4.3049999999999997 7.19933033791651853E-006 1.90001
4.3100000000000005 6.78925254527352522E-006 1.90001
4.3150000000000004 6.05081966932980735E-006 1.90001
4.3200000000000003 3.85680492638493872E-006 1.9
4.3250000000000002 1.91973071278984471E-006 1.9
4.3300000000000001 1.33883243742653025E-006 1.9
4.3350000000000000 8.16186067657406707E-007 1.9
4.3399999999999999 7.38827879140327566E-007 1.9
4.3449999999999998 7.33766231416269655E-007 1.9
4.3500000000000005 5.21151845304721691E-007 1.9
4.3550000000000004 4.61273453527056755E-007 1.9
4.3600000000000003 3.39398755474600784E-007 1.9
4.3650000000000002 2.11437398615267425E-007 1.9
4.3700000000000001 1.89229750563395522E-007 1.9
4.3750000000000000 1.26827174545205486E-007 1.9
4.3799999999999999 7.71378485848550909E-008 1.9
4.3849999999999998 7.96195238169984405E-008 1.9
4.3899999999999997 1.66725021961850569E-007 1.9
4.3950000000000005 5.31756060073681166E-007 1.9
4.4000000000000004 1.21166477233761069E-006 1.9
4.4050000000000002 2.51931699862393696E-006 1.9
4.4100000000000001 3.91118637565491926E-006 1.9
4.4150000000000000 6.33939756516999971E-006 1.90001
4.4199999999999999 6.28422117938984328E-006 1.90001
4.4249999999999998 6.26153364596012717E-006 1.90001
4.4299999999999997 3.81587970845901546E-006 1.9
4.4350000000000005 1.08569717190368404E-006 1.9
4.4400000000000004 7.00801735463108245E-007 1.9
4.4450000000000003 9.08807622435686113E-007 1.9
4.4500000000000002 2.14230782468574836E-006 1.9
4.4550000000000001 8.85728022572337168E-006 1.90001
4.4600000000000000 2.06102297022061907E-005 1.90002
4.4649999999999999 5.26329444872792666E-005 1.90005
4.4699999999999998 7.10907940928101969E-005 1.90007
4.4750000000000005 1.13220882513114917E-004 1.90011
4.4800000000000004 5.30955551133015298E-005 1.90005
4.4850000000000003 4.63983690729016403E-005 1.90005
4.4900000000000002 1.02736797209716329E-005 1.90001
4.4950000000000001 3.99990931868247705E-006 1.9
4.5000000000000000 5.45050671383904019E-006 1.90001
4.5049999999999999 2.59964311538199589E-005 1.90003
4.5099999999999998 5.62929663867599447E-005 1.90006
4.5149999999999997 1.21522908383229279E-004 1.90012
4.5200000000000005 1.53974963037196457E-004 1.90015
4.5250000000000004 1.71994370972766768E-004 1.90017
4.5300000000000002 8.87160458520992805E-005 1.90009
4.5350000000000001 5.60746170881456772E-005 1.90006
4.5400000000000000 1.91107135015343867E-005 1.90002
4.5449999999999999 3.35667289449537209E-006 1.9
4.5499999999999998 1.02157554353192250E-006 1.9
4.5549999999999997 6.31944662333472481E-007 1.9
4.5600000000000005 8.84836990228950479E-007 1.9
4.5650000000000004 3.25461173092404574E-006 1.9
4.5700000000000003 1.08156151225685470E-005 1.90001
4.5750000000000002 2.37260695819354075E-005 1.90002
4.5800000000000001 6.22808659367833585E-005 1.90006
4.5850000000000000 9.04657266520738620E-005 1.90009
4.5899999999999999 1.07337396819580768E-004 1.90011
4.5949999999999998 7.92406806547509799E-005 1.90008
4.6000000000000005 3.92770994598533682E-005 1.90004
4.6050000000000004 1.04671622973082745E-005 1.90001
4.6100000000000003 1.27587563967948874E-006 1.9
4.6150000000000002 3.88462597739288632E-007 1.9
4.6200000000000001 3.16095963017204720E-007 1.9
4.6250000000000000 5.30749344198966041E-007 1.9
4.6299999999999999 1.14666504224385697E-006 1.9
4.6349999999999998 2.31553984515135601E-006 1.9
4.6399999999999997 6.99708648282926916E-006 1.90001
4.6450000000000005 5.98942013414884928E-006 1.90001
4.6500000000000004 7.40911420965699360E-006 1.90001
4.6550000000000002 2.71091035297389522E-006 1.9
4.6600000000000001 9.72684251714099981E-007 1.9
4.6650000000000000 4.12438659344452577E-007 1.9
4.6699999999999999 2.68911848828333289E-007 1.9
4.6749999999999998 3.14022835670868162E-007 1.9
4.6799999999999997 5.00209294340471494E-007 1.9
4.6850000000000005 6.55120303504609337E-007 1.9
4.6900000000000004 1.59135454511574503E-006 1.9
4.6950000000000003 9.46521841150296774E-006 1.90001
4.7000000000000002 3.07437841805299192E-005 1.90003
4.7050000000000001 2.66425205328635135E-005 1.90003
4.7100000000000000 2.12480243790493881E-005 1.90002
4.7149999999999999 4.21186140824422336E-006 1.9
4.7199999999999998 1.27828724711779699E-006 1.9
4.7250000000000005 1.35713416739931934E-006 1.9
4.7300000000000004 4.05365450560840711E-006 1.9
4.7350000000000003 4.98229569089642255E-006 1.9
4.7400000000000002 6.74514326641022573E-006 1.90001
4.7450000000000001 6.09369847455785671E-006 1.90001
4.7500000000000000 3.67027228559913391E-006 1.9
4.7549999999999999 3.27032325918299092E-006 1.9
4.7599999999999998 3.86984482994719764E-006 1.9
4.7649999999999997 1.73165186409273609E-006 1.9
4.7700000000000005 1.60301074947083964E-006 1.9
4.7750000000000004 4.20499583726008868E-006 1.9
4.7800000000000002 4.31012585411416675E-005 1.90004
4.7850000000000001 4.03576172113994213E-005 1.90004
4.7900000000000000 1.77033632778823233E-004 1.90018
4.7949999999999999 9.54011458416574798E-005 1.9001
4.7999999999999998 1.51768369491300797E-004 1.90015
4.8049999999999997 4.40095577270182469E-005 1.90004
4.8100000000000005 3.50518151024275504E-005 1.90004
4.8150000000000004 6.33294645887057171E-006 1.90001
4.8200000000000003 1.36062530656443379E-006 1.9
4.8250000000000002 4.28312175260674128E-007 1.9
4.8300000000000001 4.00175692827567565E-007 1.9
4.8350000000000000 9.09252472279520541E-007 1.9
4.8399999999999999 3.54905910628425169E-006 1.9
4.8449999999999998 5.34548957843417638E-006 1.90001
4.8500000000000005 7.22362553207095811E-006 1.90001
4.8550000000000004 5.35435643913712277E-006 1.90001
4.8600000000000003 4.60009215552720668E-006 1.9
4.8650000000000002 2.25569827707262064E-006 1.9
4.8700000000000001 1.16190725301137501E-006 1.9
4.8750000000000000 4.29391888730443602E-007 1.9
4.8799999999999999 1.32034252213994553E-007 1.9
4.8849999999999998 5.16276351882660397E-008 1.9
4.8899999999999997 3.45074986075383643E-008 1.9
4.8950000000000005 4.57458475708734180E-008 1.9
4.9000000000000004 1.11471310690835220E-007 1.9
4.9050000000000002 3.45454776522535922E-007 1.9
4.9100000000000001 7.93823304955209714E-007 1.9
4.9150000000000000 1.69479217483352070E-006 1.9
4.9199999999999999 2.46759764562731739E-006 1.9
4.9249999999999998 2.69517705773457211E-006 1.9
4.9299999999999997 2.42245874912534168E-006 1.9
4.9350000000000005 1.18080357001849943E-006 1.9
4.9400000000000004 3.82935699435072149E-007 1.9
4.9450000000000003 1.58793252020614001E-007 1.9
4.9500000000000002 1.45772442150444730E-007 1.9
4.9550000000000001 2.80250369969121206E-007 1.9
4.9600000000000000 1.28404324291957694E-006 1.9
4.9649999999999999 8.35785305130141763E-006 1.90001
4.9699999999999998 2.38552910155382304E-005 1.90002
4.9750000000000005 5.00658886792542993E-005 1.90005
4.9800000000000004 6.97603319443925829E-005 1.90007
4.9850000000000003 5.66082497567085236E-005 1.90006
4.9900000000000002 2.37305736454495300E-005 1.90002
4.9950000000000001 1.16529292873659825E-005 1.90001
5.0000000000000000 1.71830693577745934E-006 1.9
5.0049999999999999 3.18500089462774603E-007 1.9
5.0099999999999998 1.69239981195654879E-007 1.9
5.0149999999999997 2.38082207308801118E-007 1.9
5.0200000000000005 1.11232049475572697E-006 1.9
5.0250000000000004 1.22643560913779926E-005 1.90001
5.0300000000000002 1.74651242401011168E-005 1.90002
5.0350000000000001 5.45720786683604055E-005 1.90005
5.0400000000000000 5.13744634541312865E-005 1.90005
5.0449999999999999 5.54377463527341708E-005 1.90006
5.0499999999999998 3.13320498395813324E-005 1.90003
5.0549999999999997 1.51082383518194590E-005 1.90002
5.0600000000000005 3.88720650480325035E-006 1.9
5.0650000000000004 1.50146287886960400E-006 1.9
5.0700000000000003 8.84144484155598511E-007 1.9
5.0750000000000002 1.51956604353005626E-006 1.9
5.0800000000000001 4.30182341516313681E-006 1.9
5.0850000000000000 3.77714769466551994E-006 1.9
5.0899999999999999 6.04275959616956705E-006 1.90001
5.0949999999999998 3.51623945675829257E-006 1.9
5.1000000000000005 2.81862755941844075E-006 1.9
5.1050000000000004 1.50674389081410442E-006 1.9
5.1100000000000003 5.01793184129130866E-007 1.9
5.1150000000000002 5.07284819874809366E-007 1.9
5.1200000000000001 1.40820307074293497E-006 1.9
5.1250000000000000 1.19523813783238259E-005 1.90001
5.1299999999999999 2.39189337505845066E-005 1.90002
5.1349999999999998 5.15434495532370615E-005 1.90005
5.1399999999999997 5.35823381580714938E-005 1.90005
5.1450000000000005 4.02376901499037188E-005 1.90004
5.1500000000000004 2.14309573886682043E-005 1.90002
5.1550000000000002 5.96681807105857423E-006 1.90001
5.1600000000000001 1.24807772935659808E-006 1.9
5.1650000000000000 6.07816512731153016E-007 1.9
5.1699999999999999 5.85174384617336630E-007 1.9
5.1749999999999998 1.08415766286903386E-006 1.9
5.1799999999999997 1.95936097206447543E-006 1.9
5.1850000000000005 2.49339621887336738E-006 1.9
5.1900000000000004 3.75350529716948853E-006 1.9
5.1950000000000003 2.68177795246021794E-006 1.9
5.2000000000000002 2.28395629795079855E-006 1.9
5.2050000000000001 1.61241063959665484E-006 1.9
5.2100000000000000 5.54106661271555627E-007 1.9
5.2149999999999999 4.03069575838769998E-007 1.9
5.2199999999999998 8.92359687932090415E-007 1.9
5.2250000000000005 5.41677703470551902E-006 1.90001
5.2300000000000004 1.59680471533526847E-005 1.90002
5.2350000000000003 3.63355240723452300E-005 1.90004
5.2400000000000002 4.11139863252035225E-005 1.90004
5.2450000000000001 2.20257637742154261E-005 1.90002
5.2500000000000000 1.08304228832017512E-005 1.90001
5.2549999999999999 6.90947060850770623E-006 1.90001
5.2599999999999998 5.03259265709569931E-006 1.90001
5.2649999999999997 5.86600221086443482E-006 1.90001
5.2700000000000005 2.56443296984407343E-006 1.9
5.2750000000000004 8.17272904189601401E-007 1.9
5.2800000000000002 6.40035586441573768E-007 1.9
5.2850000000000001 1.08406902253136938E-006 1.9
5.2900000000000000 2.44077217814191791E-006 1.9
5.2949999999999999 5.05712494259378904E-006 1.90001
5.2999999999999998 1.75893937160595212E-005 1.90002
5.3049999999999997 4.41980111446915600E-005 1.90004
5.3100000000000005 8.08694890533446701E-005 1.90008
5.3150000000000004 1.14312522448123730E-004 1.90011
5.3200000000000003 1.13653628717834296E-004 1.90011
5.3250000000000002 4.64002713317242425E-005 1.90005
5.3300000000000001 2.72276576761478272E-005 1.90003
5.3350000000000000 4.38587142044732815E-006 1.9
5.3399999999999999 8.57792199294418213E-007 1.9
5.3449999999999998 3.16142017917410461E-007 1.9
5.3500000000000005 3.04243169947970248E-007 1.9
5.3550000000000004 8.97475419331739043E-007 1.9
5.3600000000000003 2.39757911201879499E-006 1.9
5.3650000000000002 3.94203539640276055E-006 1.9
5.3700000000000001 4.59334848580151270E-006 1.9
5.3750000000000000 3.40178790085899763E-006 1.9
5.3799999999999999 2.33932389584393763E-006 1.9
5.3849999999999998 8.21530746385720836E-007 1.9
5.3899999999999997 2.66683306930374879E-007 1.9
5.3950000000000005 6.77066617330748417E-008 1.9
5.4000000000000004 5.02670825108122408E-008 1.9
5.4050000000000002 8.78671529025462400E-008 1.9
5.4100000000000001 1.53512746373031654E-007 1.9
5.4150000000000000 2.65126141382034170E-007 1.9
5.4199999999999999 3.82407130025810007E-007 1.9
5.4249999999999998 4.28227332624665226E-007 1.9
5.4299999999999997 4.83886931345591519E-007 1.9
5.4350000000000005 3.24857451912232226E-007 1.9
5.4400000000000004 2.22790191847247620E-007 1.9
5.4450000000000003 8.26690004251295923E-008 1.9
5.4500000000000002 4.11966591070040133E-008 1.9
5.4550000000000001 4.45512583336854293E-008 1.9
5.4600000000000000 9.68101822455010282E-008 1.9
5.4649999999999999 1.85453799357683776E-007 1.9
5.4699999999999998 2.59829964380532827E-007 1.9
5.4750000000000005 3.46764909993791288E-007 1.9
5.4800000000000004 2.79360322996410369E-007 1.9
5.4850000000000003 2.29251500309263197E-007 1.9
5.4900000000000002 1.74243037128743988E-007 1.9
5.4950000000000001 1.53416091719853718E-007 1.9
5.5000000000000000 2.27320585040935810E-007 1.9
5.5049999999999999 3.34038012591021190E-007 1.9
5.5099999999999998 3.49746343363068114E-007 1.9
5.5149999999999997 5.00219064063242982E-007 1.9
5.5200000000000005 8.64028277924865837E-007 1.9
5.5250000000000004 1.37625765512887678E-006 1.9
5.5300000000000002 2.36384136677032443E-006 1.9
5.5350000000000001 2.48355810518123307E-006 1.9
5.5400000000000000 2.89197558401129429E-006 1.9
5.5449999999999999 1.18275673502715990E-006 1.9
5.5499999999999998 4.62515625890107273E-007 1.9
5.5549999999999997 1.23465704065851505E-007 1.9
5.5600000000000005 9.95663601782363672E-008 1.9
5.5650000000000004 2.30932083108361616E-007 1.9
5.5700000000000003 2.42335463538809169E-006 1.9
5.5750000000000002 1.05785845121616075E-005 1.90001
5.5800000000000001 2.69177591528131932E-005 1.90003
5.5850000000000000 3.85395239201506766E-005 1.90004
5.5899999999999999 5.59151010600159490E-005 1.90006
5.5949999999999998 3.21879592900512458E-005 1.90003
5.6000000000000005 1.99804083828858799E-005 1.90002
5.6050000000000004 8.28696338785814251E-006 1.90001
5.6100000000000003 1.66235550665148175E-006 1.9
5.6150000000000002 4.25464168150701857E-007 1.9
5.6200000000000001 2.78086374649082459E-007 1.9
5.6250000000000000 5.04213867431193860E-007 1.9
5.6299999999999999 2.70560138028942640E-006 1.9
5.6349999999999998 3.26317903033415821E-006 1.9
5.6399999999999997 6.07317306119743591E-006 1.90001
5.6450000000000005 4.63563169486143263E-006 1.9
5.6500000000000004 4.10759670503502108E-006 1.9
5.6550000000000002 1.83124895128966679E-006 1.9
5.6600000000000001 6.29531774668304048E-007 1.9
5.6650000000000000 3.42342797225454510E-007 1.9
5.6699999999999999 3.54806258992065969E-007 1.9
5.6749999999999998 9.32088864088694182E-007 1.9
5.6799999999999997 8.78687736600234453E-006 1.90001
5.6850000000000005 1.98554232933642362E-005 1.90002
5.6900000000000004 6.02059010860454304E-005 1.90006
5.6950000000000003 6.62363405179331398E-005 1.90007
5.7000000000000002 8.33497577090235806E-005 1.90008
5.7050000000000001 4.80670953355098035E-005 1.90005
5.7100000000000000 2.20134623561892446E-005 1.90002
5.7149999999999999 7.46951385438518980E-006 1.90001
5.7199999999999998 9.80145690151922858E-007 1.9
5.7250000000000005 2.39266347106415589E-007 1.9
5.7300000000000004 1.69787601572359743E-007 1.9
5.7350000000000003 3.41529577213045213E-007 1.9
5.7400000000000002 1.42318881108846809E-006 1.9
5.7450000000000001 2.79154096554175563E-006 1.9
5.7500000000000000 4.30767469833453881E-006 1.9
5.7549999999999999 3.49139168286150222E-006 1.9
5.7599999999999998 2.71311373725771070E-006 1.9
5.7649999999999997 1.42029293666721821E-006 1.9
5.7700000000000005 4.99906385143558052E-007 1.9
5.7750000000000004 2.13323833711463750E-007 1.9
5.7800000000000002 1.96779483866920510E-007 1.9
5.7850000000000001 3.70653297805452943E-007 1.9
5.7900000000000000 8.33351629401726036E-007 1.9
5.7949999999999999 1.78341025906777406E-006 1.9
5.7999999999999998 1.79559323340867638E-006 1.9
5.8049999999999997 2.23200274738742259E-006 1.9
5.8100000000000005 9.79430526620249066E-007 1.9
5.8150000000000004 3.60508684218276242E-007 1.9
5.8200000000000003 1.06354529996210657E-007 1.9
5.8250000000000002 4.94567703200169258E-008 1.9
5.8300000000000001 6.85646847202237480E-008 1.9
5.8350000000000000 2.95525573368995539E-007 1.9
5.8399999999999999 4.27494267776151909E-006 1.9
5.8449999999999998 1.20665411394071313E-005 1.90001
5.8500000000000005 2.98092336040905820E-005 1.90003
5.8550000000000004 3.41482427136005460E-005 1.90003
5.8600000000000003 3.48936266975893373E-005 1.90003
5.8650000000000002 2.09726079467990345E-005 1.90002
5.8700000000000001 7.77064824183974567E-006 1.90001
5.8750000000000000 1.01269872368277270E-006 1.9
5.8799999999999999 2.03670956332347032E-007 1.9
5.8849999999999998 9.38817445394135344E-008 1.9
5.8899999999999997 7.33639035418350913E-008 1.9
5.8950000000000005 1.16282891583459175E-007 1.9
5.9000000000000004 3.79844372685234854E-007 1.9
5.9050000000000002 1.02990450142682583E-006 1.9
5.9100000000000001 1.46654851452375062E-006 1.9
5.9150000000000000 1.32510888874926256E-006 1.9
5.9199999999999999 8.80870209652277775E-007 1.9
5.9249999999999998 3.78740462379600353E-007 1.9
5.9299999999999997 1.37269335336417671E-007 1.9
5.9350000000000005 6.26468511300457432E-008 1.9
5.9400000000000004 2.57441369503643154E-008 1.9
5.9450000000000003 1.90512373678247612E-008 1.9
5.9500000000000002 2.65679590610017018E-008 1.9
5.9550000000000001 5.66769395748383693E-008 1.9
5.9600000000000000 1.27492616292827494E-007 1.9
5.9649999999999999 3.29742588122088475E-007 1.9
5.9699999999999998 4.44569854690660464E-007 1.9
5.9750000000000005 1.03076780407396656E-006 1.9
5.9800000000000004 1.22278675806774040E-006 1.9
5.9850000000000003 2.00394545540733330E-006 1.9
5.9900000000000002 1.53161457168825927E-006 1.9
5.9950000000000001 9.55327033304269801E-007 1.9
6.0000000000000000 1.85243990352402477E-007 1.9
6.0049999999999999 3.52501858432990117E-008 1.9
6.0099999999999998 2.14097672006852494E-008 1.9
6.0150000000000006 3.17725383775357543E-008 1.9
6.0200000000000005 1.33603757128174033E-007 1.9
6.0250000000000004 2.07414255779412460E-006 1.9
6.0300000000000002 7.10124714612415767E-006 1.90001
6.0350000000000001 2.22518431418321978E-005 1.90002
6.0400000000000000 4.32846936212174363E-005 1.90004
6.0449999999999999 2.07298754962957581E-005 1.90002
6.0499999999999998 2.11452077595947979E-005 1.90002
6.0549999999999997 3.69707961819550760E-006 1.9
6.0600000000000005 1.13216141467832319E-006 1.9
6.0650000000000004 9.20343676502404823E-008 1.9
6.0700000000000003 3.24235743585045934E-008 1.9
6.0750000000000002 3.22764965114173540E-008 1.9
6.0800000000000001 9.01812152826994872E-008 1.9
6.0850000000000000 5.82964378437416840E-007 1.9
6.0899999999999999 1.14115211197903690E-006 1.9
6.0949999999999998 2.74037152594057757E-006 1.9
6.1000000000000005 1.86257707438940372E-006 1.9
6.1050000000000004 2.38367801168682525E-006 1.9
6.1100000000000003 7.46849469879736757E-007 1.9
6.1150000000000002 3.60547864252049864E-007 1.9
6.1200000000000001 1.07491646826739567E-007 1.9
6.1250000000000000 8.22832881143638694E-008 1.9
6.1299999999999999 1.83671284281752012E-007 1.9
6.1349999999999998 1.66130153454407799E-006 1.9
6.1400000000000006 2.72989696097750767E-006 1.9
6.1450000000000005 1.77242551468095115E-005 1.90002
6.1500000000000004 1.29720726477095936E-005 1.90001
6.1550000000000002 3.76758966293336199E-005 1.90004
6.1600000000000001 1.72533988761448676E-005 1.90002
6.1650000000000000 1.33663644346435688E-005 1.90001
6.1699999999999999 5.49089829497342739E-006 1.90001
6.1749999999999998 1.32039149977061540E-006 1.9
6.1799999999999997 1.76480678315647702E-007 1.9
6.1850000000000005 7.46461257795278581E-008 1.9
6.1900000000000004 1.14171445237538872E-007 1.9
6.1950000000000003 3.86958763810150252E-007 1.9
6.2000000000000002 9.08958402371671051E-007 1.9
6.2050000000000001 1.40924559437880817E-006 1.9
6.2100000000000000 1.54778683693960468E-006 1.9
6.2149999999999999 1.06244018846883154E-006 1.9
6.2199999999999998 9.48042979357692820E-007 1.9
6.2250000000000005 3.05117824350203935E-007 1.9
6.2300000000000004 1.46134869377852801E-007 1.9
6.2350000000000003 1.06876629845957919E-007 1.9
6.2400000000000002 1.26962349115576313E-007 1.9
6.2450000000000001 2.78459430356857062E-007 1.9
6.2500000000000000 7.62584968849258221E-007 1.9
6.2549999999999999 1.22069488935003680E-006 1.9
6.2599999999999998 1.49306906705029562E-006 1.9
6.2650000000000006 1.14885918173340303E-006 1.9
6.2700000000000005 4.55698765205565742E-007 1.9
6.2750000000000004 9.22693123647347006E-008 1.9
6.2800000000000002 5.83667774627662475E-008 1.9
6.2850000000000001 1.14216317989730662E-007 1.9
6.2900000000000000 2.88113847249018352E-007 1.9
6.2949999999999999 9.27888868828828518E-007 1.9
6.2999999999999998 3.23619390018785701E-006 1.9
6.3049999999999997 1.41689516504187451E-005 1.90001
6.3100000000000005 2.05180214249684540E-005 1.90002
6.3150000000000004 3.18448854505791522E-005 1.90003
6.3200000000000003 1.80057281833801692E-005 1.90002
6.3250000000000002 1.53441826685958841E-005 1.90002
6.3300000000000001 2.99358178184926181E-006 1.9
6.3350000000000000 1.29020921536172735E-006 1.9
6.3399999999999999 1.53544838839899310E-006 1.9
6.3449999999999998 6.30866457664688635E-006 1.90001
6.3500000000000005 9.05618711599132560E-006 1.90001
6.3550000000000004 1.49447371998230926E-005 1.90001
6.3600000000000003 4.85998819009966676E-006 1.9
6.3650000000000002 3.85479793426836825E-006 1.9
6.3700000000000001 1.44746648112342516E-006 1.9
6.3750000000000000 1.07061513783437862E-006 1.9
6.3799999999999999 6.90363642616349055E-007 1.9
6.3849999999999998 2.06315545316857023E-007 1.9
6.3900000000000006 9.00756722297207947E-008 1.9
6.3950000000000005 1.03483025465338341E-007 1.9
6.4000000000000004 4.34506039712429905E-007 1.9
6.4050000000000002 9.13756804606199297E-007 1.9
6.4100000000000001 1.01254994625668525E-006 1.9
6.4150000000000000 1.44459974904690460E-006 1.9
6.4199999999999999 5.60673817623455087E-007 1.9
6.4249999999999998 2.16040401605847985E-007 1.9
6.4299999999999997 8.45802160946919801E-008 1.9
6.4350000000000005 4.58622132154012551E-008 1.9
6.4400000000000004 2.15789730351161452E-008 1.9
6.4450000000000003 9.54843939117074195E-009 1.9
6.4500000000000002 9.55847011750250277E-009 1.9
6.4550000000000001 2.68856902863553900E-008 1.9
6.4600000000000000 3.93778143761525299E-007 1.9
6.4649999999999999 7.81306334963240827E-007 1.9
6.4699999999999998 7.75243680395894408E-006 1.90001
6.4750000000000005 1.46102988706314690E-005 1.90001
6.4800000000000004 2.97447516964822255E-006 1.9
6.4850000000000003 4.92918317516967004E-007 1.9
6.4900000000000002 2.22721655872457826E-007 1.9
6.4950000000000001 6.88826843841569973E-008 1.9
6.5000000000000000 1.06060613006536644E-007 1.9
6.5049999999999999 1.20714227833463884E-007 1.9
6.5099999999999998 1.09853392006778292E-007 1.9
6.5150000000000006 1.32267161598364380E-007 1.9
6.5200000000000005 1.03751357080905912E-007 1.9
6.5250000000000004 1.69969141952978836E-007 1.9
6.5300000000000002 2.94912551792057942E-007 1.9
6.5350000000000001 5.26586281871695967E-007 1.9
6.5400000000000000 1.04722057248178031E-007 1.9
6.5449999999999999 8.58264164104259275E-008 1.9
6.5499999999999998 2.77422282269790858E-008 1.9
6.5549999999999997 1.02006630345996712E-008 1.9
6.5600000000000005 9.20607918508054724E-009 1.9
6.5650000000000004 1.45928849905243252E-008 1.9
6.5700000000000003 2.50267116447322339E-008 1.9
6.5750000000000002 5.84965989014445457E-008 1.9
6.5800000000000001 6.94432741383540140E-008 1.9
6.5850000000000000 8.74359437286681211E-008 1.9
6.5899999999999999 6.69476845382818050E-008 1.9
6.5949999999999998 4.55566098281107672E-008 1.9
6.6000000000000005 2.53281426645422754E-008 1.9
6.6050000000000004 9.49331334882314781E-009 1.9
6.6100000000000003 6.23025504735805587E-009 1.9
6.6150000000000002 8.74791412767667158E-009 1.9
6.6200000000000001 3.55233873280242894E-008 1.9
6.6250000000000000 1.37974821870341073E-007 1.9
6.6299999999999999 4.62728859655122550E-007 1.9
6.6349999999999998 8.73009619942607487E-007 1.9
6.6400000000000006 1.34557882226004983E-006 1.9
6.6450000000000005 1.25878311131219258E-006 1.9
6.6500000000000004 9.06884393090876768E-007 1.9
6.6550000000000002 4.02612656643902670E-007 1.9
6.6600000000000001 1.48437415588575684E-007 1.9
6.6650000000000000 7.35307752624134437E-008 1.9
6.6699999999999999 1.32949151353227112E-007 1.9
6.6749999999999998 4.07819899436745182E-007 1.9
6.6799999999999997 3.07715175292337333E-006 1.9
6.6850000000000005 7.14641245898732868E-006 1.90001
6.6900000000000004 2.27586108621949962E-005 1.90002
6.6950000000000003 2.21063800666492458E-005 1.90002
6.7000000000000002 2.92478707596982629E-005 1.90003
6.7050000000000001 2.21630773687198642E-005 1.90002
6.7100000000000000 8.46790810181358988E-006 1.90001
6.7149999999999999 2.80497826580316815E-006 1.9
6.7199999999999998 3.92029939234127518E-007 1.9
6.7250000000000005 1.04822813797090953E-007 1.9
6.7300000000000004 6.09477728508742063E-008 1.9
6.7350000000000003 1.25168274951211529E-007 1.9
6.7400000000000002 4.56634509975768328E-007 1.9
6.7450000000000001 9.93404128129080020E-007 1.9
6.7500000000000000 1.31058790687941709E-006 1.9
6.7549999999999999 1.19315320356150665E-006 1.9
6.7599999999999998 9.35087170685971216E-007 1.9
6.7650000000000006 4.26342324536846575E-007 1.9
6.7700000000000005 1.84925957534644312E-007 1.9
6.7750000000000004 5.11523000073648026E-008 1.9
6.7800000000000002 1.04688883233019840E-008 1.9
6.7850000000000001 3.77933710941018719E-009 1.9
6.7900000000000000 3.61126422890577015E-009 1.9
6.7949999999999999 5.80160033430646763E-009 1.9
6.7999999999999998 1.16627086307601650E-008 1.9
6.8049999999999997 2.46346648750716509E-008 1.9
6.8100000000000005 4.73314958522462607E-008 1.9
6.8150000000000004 9.89356412641505876E-008 1.9
6.8200000000000003 1.71524264468820507E-007 1.9
6.8250000000000002 3.00656249865735480E-007 1.9
6.8300000000000001 2.28899842995822359E-007 1.9
6.8350000000000000 5.06877375296796219E-008 1.9
6.8399999999999999 1.99217470544342846E-008 1.9
6.8449999999999998 2.23947344171595783E-008 1.9
6.8500000000000005 5.28804411847580750E-008 1.9
6.8550000000000004 8.02661054168897206E-008 1.9
6.8600000000000003 6.36407282920231053E-008 1.9
6.8650000000000002 8.52277181330319606E-008 1.9
6.8700000000000001 3.07430789669591083E-007 1.9
6.8750000000000000 4.21058519908888103E-006 1.9
6.8799999999999999 3.39071530524486445E-006 1.9
6.8849999999999998 6.07100193206068546E-006 1.90001
6.8900000000000006 2.22293676115474802E-006 1.9
6.8950000000000005 2.82668039426556008E-007 1.9
6.9000000000000004 1.96076174093305871E-008 1.9
6.9050000000000002 6.98735465348101642E-009 1.9
6.9100000000000001 4.82655898577241408E-009 1.9
6.9150000000000000 3.60937393774699999E-009 1.9
6.9199999999999999 3.33826173281051659E-009 1.9
6.9249999999999998 4.98943622692824871E-009 1.9
6.9299999999999997 2.21651490536707916E-008 1.9
6.9350000000000005 2.94828656162553030E-007 1.9
6.9400000000000004 2.57515217776612117E-007 1.9
6.9450000000000003 1.65320396083236136E-007 1.9
6.9500000000000002 6.99763042142858444E-008 1.9
6.9550000000000001 1.60858311535055559E-008 1.9
6.9600000000000000 1.13068410413307846E-008 1.9
6.9649999999999999 2.33984514034073592E-008 1.9
6.9699999999999998 6.97724952149260275E-008 1.9
6.9750000000000005 2.13908807756457518E-007 1.9
6.9800000000000004 3.50362712704001918E-007 1.9
6.9850000000000003 6.19672070861248047E-007 1.9
6.9900000000000002 4.93621561173119129E-007 1.9
6.9950000000000001 4.75012526452676080E-007 1.9
7.0000000000000000 1.24470799650999019E-007 1.9
7.0049999999999999 3.62487887117378514E-008 1.9
7.0099999999999998 1.82351810781538397E-008 1.9
7.0150000000000006 2.96546271236016285E-008 1.9
7.0200000000000005 1.89246926654180588E-007 1.9
7.0250000000000004 1.57241783732802789E-006 1.9
7.0300000000000002 4.38087496603438095E-006 1.9
7.0350000000000001 5.88240015713379673E-006 1.90001
7.0400000000000000 1.30975052112231982E-005 1.90001
7.0449999999999999 8.30927425688316738E-006 1.90001
7.0499999999999998 5.12603089547057897E-006 1.90001
7.0549999999999997 2.71766515412466150E-006 1.9
7.0600000000000005 7.25990192129715697E-007 1.9
7.0650000000000004 8.95071440962066920E-008 1.9
7.0700000000000003 2.49135594301922801E-008 1.9
7.0750000000000002 1.82994577276539574E-008 1.9
7.0800000000000001 4.00710728450392816E-008 1.9
7.0850000000000000 2.64484537814320949E-007 1.9
7.0899999999999999 3.01125797283399487E-007 1.9
7.0949999999999998 4.95598689178362666E-007 1.9
7.1000000000000005 4.07073594337731854E-007 1.9
7.1050000000000004 2.83155263629915769E-007 1.9
7.1100000000000003 1.11686982700470003E-007 1.9
7.1150000000000002 2.74496920246471355E-008 1.9
7.1200000000000001 4.02481986115208140E-009 1.9
7.1250000000000000 1.56758606087223940E-009 1.9
7.1299999999999999 1.08312355254129279E-009 1.9
7.1349999999999998 2.02087130170625592E-009 1.9
7.1400000000000006 6.93163782991478831E-009 1.9
7.1450000000000005 1.00892086902337239E-008 1.9
7.1500000000000004 1.71228338255208716E-008 1.9
7.1550000000000002 1.92034887017758925E-008 1.9
7.1600000000000001 1.63592647851009480E-008 1.9
7.1650000000000000 2.02034952272631299E-008 1.9
7.1699999999999999 2.65784847378069207E-008 1.9
7.1749999999999998 1.13148316451534070E-007 1.9
7.1799999999999997 1.15434112849600803E-007 1.9
7.1850000000000005 2.06155102056011306E-007 1.9
7.1900000000000004 1.72954553527573646E-007 1.9
7.1950000000000003 4.11174702498092608E-008 1.9
7.2000000000000002 1.08989663474733559E-008 1.9
7.2050000000000001 8.20880046033600325E-009 1.9
7.2100000000000000 1.56853708256827307E-008 1.9
7.2149999999999999 4.47568475430486473E-008 1.9
7.2199999999999998 1.61973863054711312E-007 1.9
7.2250000000000005 7.56750318424283659E-007 1.9
7.2300000000000004 1.77278017981946646E-006 1.9
7.2350000000000003 4.23684832375049649E-006 1.9
7.2400000000000002 6.82925169239820510E-006 1.90001
7.2450000000000001 1.54636593395984854E-006 1.9
7.2500000000000000 1.36423684326670582E-006 1.9
7.2549999999999999 1.70962814320587790E-007 1.9
7.2599999999999998 2.95230629852518719E-008 1.9
7.2650000000000006 8.42793720876013312E-009 1.9
7.2700000000000005 5.68388614926876894E-009 1.9
7.2750000000000004 1.27161166290221582E-008 1.9
7.2800000000000002 2.78170543902229677E-008 1.9
7.2850000000000001 5.95982983003059935E-008 1.9
7.2900000000000000 2.30224745946068767E-007 1.9
7.2949999999999999 1.63007221155227635E-007 1.9
7.2999999999999998 1.28980131623809093E-007 1.9
7.3049999999999997 4.49800171749929424E-008 1.9
7.3100000000000005 1.67266221948670037E-008 1.9
7.3150000000000004 5.48292661146913956E-009 1.9
7.3200000000000003 3.25376864413424350E-009 1.9
7.3250000000000002 2.05907024068876873E-009 1.9
7.3300000000000001 1.27130461135125599E-009 1.9
7.3350000000000000 1.19561188221550325E-009 1.9
7.3399999999999999 1.93023241791978333E-009 1.9
7.3449999999999998 5.07046082782382518E-009 1.9
7.3500000000000005 2.68261647318933276E-008 1.9
7.3550000000000004 7.79136185546823406E-008 1.9
7.3600000000000003 2.18937232639512355E-007 1.9
7.3650000000000002 1.97684082468750433E-007 1.9
7.3700000000000001 3.52827419968604964E-007 1.9
7.3750000000000000 1.47927435583752384E-007 1.9
7.3799999999999999 9.47634224248750170E-008 1.9
7.3849999999999998 7.26501849146542438E-009 1.9
7.3900000000000006 3.05288776877744275E-009 1.9
7.3950000000000005 3.93557048207940835E-009 1.9
7.4000000000000004 1.47807667447553517E-008 1.9
7.4050000000000002 2.56096056017120452E-007 1.9
7.4100000000000001 1.29107834812813812E-006 1.9
7.4150000000000000 3.47287628793322478E-006 1.9
7.4199999999999999 5.59915762108164043E-006 1.90001
7.4249999999999998 6.37640372990098802E-006 1.90001
7.4299999999999997 4.59466342901099495E-006 1.9
7.4350000000000005 1.35617675996199618E-006 1.9
7.4400000000000004 7.05362271485249390E-007 1.9
7.4450000000000003 2.12119124104315418E-008 1.9
7.4500000000000002 3.53544423278348961E-009 1.9
7.4550000000000001 2.16509137491973126E-009 1.9
7.4600000000000000 3.65847205881469625E-009 1.9
7.4649999999999999 3.63263042559998941E-008 1.9
7.4699999999999998 1.41349454539375556E-007 1.9
7.4750000000000005 3.39471290220057601E-007 1.9
7.4800000000000004 2.90322383009659336E-007 1.9
7.4850000000000003 2.07262098008844670E-007 1.9
7.4900000000000002 1.19284487065635039E-007 1.9
7.4950000000000001 2.55370642733452409E-008 1.9
7.5000000000000000 3.76992194731329912E-009 1.9
7.5049999999999999 7.88818721610730195E-010 1.9
7.5099999999999998 2.24989328058793765E-010 1.9
7.5150000000000006 1.94813368030494792E-010 1.9
7.5200000000000005 3.84146867984868528E-010 1.9
7.5250000000000004 1.57608683503809823E-009 1.9
7.5300000000000002 3.58574393859214546E-009 1.9
7.5350000000000001 7.17703957378525728E-009 1.9
7.5400000000000000 2.50116738442386295E-008 1.9
7.5449999999999999 3.05574712378078830E-008 1.9
7.5499999999999998 8.59608263945081251E-008 1.9
7.5549999999999997 2.79752923080980349E-008 1.9
7.5600000000000005 1.92561614503336680E-008 1.9
7.5650000000000004 4.58931360496625887E-009 1.9
7.5700000000000003 1.64667984423658382E-009 1.9
7.5750000000000002 2.67381682301516895E-009 1.9
7.5800000000000001 3.13248023698580199E-009 1.9
7.5850000000000000 5.30751383829656561E-009 1.9
7.5899999999999999 1.08980527453572044E-008 1.9
7.5949999999999998 5.19466836250794746E-008 1.9
7.6000000000000005 1.46916506599588788E-007 1.9
7.6050000000000004 9.96348949789361330E-007 1.9
7.6100000000000003 2.42666598995249974E-006 1.9
7.6150000000000002 5.44893323271077954E-007 1.9
7.6200000000000001 7.73668291362113904E-008 1.9
7.6250000000000000 5.17059954515155530E-008 1.9
7.6299999999999999 1.84105281920926943E-009 1.9
7.6349999999999998 6.17159275967808806E-010 1.9
7.6400000000000006 3.31482999928200621E-010 1.9
7.6450000000000005 3.68329406137384091E-010 1.9
7.6500000000000004 8.01933224960745353E-010 1.9
7.6550000000000002 1.05277192511313638E-008 1.9
7.6600000000000001 1.92483893170249169E-008 1.9
7.6650000000000000 7.13093214216013651E-008 1.9
7.6699999999999999 4.86498127464310908E-008 1.9
7.6749999999999998 1.67730322495155057E-008 1.9
7.6799999999999997 2.41399544244783680E-009 1.9
7.6850000000000005 1.04317463759315280E-009 1.9
7.6900000000000004 1.07595951120161856E-009 1.9
7.6950000000000003 2.18848361174036488E-009 1.9
7.7000000000000002 1.57740752936536200E-009 1.9
7.7050000000000001 1.27945314569696813E-009 1.9
7.7100000000000000 8.85310727836799201E-010 1.9
7.7149999999999999 3.37883426251906198E-010 1.9
7.7199999999999998 1.95246550981651897E-010 1.9
7.7250000000000005 3.57115474879508590E-010 1.9
7.7300000000000004 9.85916518978683665E-010 1.9
7.7350000000000003 6.53038146737196042E-009 1.9
7.7400000000000002 1.10108836579307449E-008 1.9
7.7450000000000001 2.66806902788055264E-008 1.9
7.7500000000000000 2.29319320494194471E-008 1.9
7.7549999999999999 4.00392785513382995E-008 1.9
7.7599999999999998 1.19891488408114653E-008 1.9
7.7650000000000006 1.02395741815378607E-008 1.9
7.7700000000000005 2.05106074574787514E-009 1.9
7.7750000000000004 1.14465516286485175E-009 1.9
7.7800000000000002 2.18218510696250203E-009 1.9
7.7850000000000001 1.20077869250502059E-008 1.9
7.7900000000000000 1.37555036284573254E-007 1.9
7.7949999999999999 2.77734739701787732E-007 1.9
7.7999999999999998 5.76863853712813581E-007 1.9
7.8050000000000006 8.30357829218064230E-007 1.9
7.8100000000000005 6.44006688650725661E-007 1.9
7.8150000000000004 3.64704856038486811E-007 1.9
7.8200000000000003 1.00525164861206172E-007 1.9
7.8250000000000002 1.61627618273877589E-008 1.9
7.8300000000000001 9.34948353989545296E-010 1.9
7.8350000000000000 2.93138735931065433E-010 1.9
7.8399999999999999 3.26252078172140326E-010 1.9
7.8449999999999998 2.28123707614131958E-009 1.9
7.8500000000000005 3.26715113099421694E-008 1.9
7.8550000000000004 5.73446921956133416E-008 1.9
7.8600000000000003 4.27560006129325580E-008 1.9
7.8650000000000002 4.39058894796664173E-008 1.9
7.8700000000000001 1.23194938495091481E-008 1.9
7.8750000000000000 8.31003291319015276E-009 1.9
7.8799999999999999 2.11513035811139184E-009 1.9
7.8849999999999998 1.05497082249020124E-009 1.9
7.8900000000000006 6.98210515103419114E-010 1.9
7.8950000000000005 2.92614552482291665E-010 1.9
7.9000000000000004 1.17559422151985153E-010 1.9
7.9050000000000002 4.01028413547194365E-011 1.9
7.9100000000000001 3.44999826399221081E-011 1.9
7.9150000000000000 6.29470101033980087E-011 1.9
7.9199999999999999 1.23660038325096481E-010 1.9
7.9249999999999998 2.32355094643726155E-010 1.9
7.9300000000000006 5.49423990580078128E-010 1.9
7.9350000000000005 7.48692356131321144E-010 1.9
7.9400000000000004 9.20801871668865859E-010 1.9
7.9450000000000003 8.38623824400893787E-010 1.9
7.9500000000000002 7.76307838019680370E-010 1.9
7.9550000000000001 6.31478987589165792E-010 1.9
7.9600000000000000 9.31784754498855571E-010 1.9
7.9649999999999999 7.84382034891922961E-010 1.9
7.9699999999999998 7.19668081282134484E-010 1.9
7.9750000000000005 2.51913119578067322E-010 1.9
7.9800000000000004 1.90114660870965381E-010 1.9
7.9850000000000003 1.88697592414603251E-010 1.9
7.9900000000000002 1.83609720756299111E-010 1.9
7.9950000000000001 2.12254183232806915E-010 1.9
8.0000000000000000 2.12020922353481532E-010 1.9
8.0050000000000008 9.91012753750523153E-011 1.9
8.0099999999999998 4.04895030557729998E-011 1.9
8.0150000000000006 3.89866149211403196E-011 1.9
8.0199999999999996 9.17422756816405226E-011 1.9
8.0250000000000004 9.40745054275726967E-011 1.9
8.0299999999999994 1.24926658754662333E-010 1.9
8.0350000000000001 1.35547090213264869E-010 1.9
8.0400000000000009 1.42978721076647110E-010 1.9
8.0449999999999999 1.66801592573531568E-010 1.9
8.0500000000000007 1.40933773600247539E-010 1.9
8.0549999999999997 1.79377948375986246E-010 1.9
8.0600000000000005 1.90813061172925223E-010 1.9
8.0649999999999995 1.51959624545955929E-010 1.9
8.0700000000000003 3.01906361093703544E-010 1.9
8.0749999999999993 2.53013787611272032E-010 1.9
8.0800000000000001 5.40205942682679228E-010 1.9
8.0850000000000009 2.93581701133146509E-010 1.9
8.0899999999999999 2.60118338319494466E-010 1.9
8.0950000000000006 9.06106220546039191E-011 1.9
8.0999999999999996 6.29307414076349846E-011 1.9
8.1050000000000004 5.29257890919230538E-011 1.9
8.1099999999999994 7.13153157987200894E-011 1.9
8.1150000000000002 1.54438955351368058E-010 1.9
8.1200000000000010 1.35438932693517147E-010 1.9
8.1250000000000000 1.58579616430573146E-010 1.9
8.1300000000000008 3.18208279714007339E-010 1.9
8.1349999999999998 2.61390551019469534E-010 1.9
8.1400000000000006 9.29629115128882506E-010 1.9
8.1449999999999996 3.76649802493477201E-010 1.9
8.1500000000000004 6.74683226930401306E-010 1.9
8.1549999999999994 1.71401224307387534E-010 1.9
8.1600000000000001 1.61211304862456280E-010 1.9
8.1650000000000009 3.40534193277923842E-011 1.9
8.1699999999999999 1.71801486025883265E-011 1.9
8.1750000000000007 1.34182540549971831E-011 1.9
8.1799999999999997 1.42272474119969087E-011 1.9
8.1850000000000005 1.98203779045279972E-011 1.9
8.1899999999999995 3.21395298708053534E-011 1.9
8.1950000000000003 4.25357690728600745E-011 1.9
8.1999999999999993 5.70404383801951235E-011 1.9
8.2050000000000001 7.31473384408488176E-011 1.9
8.2100000000000009 9.87911931449386767E-011 1.9
8.2149999999999999 9.67507660763387974E-011 1.9
8.2200000000000006 9.25187376332657944E-011 1.9
8.2249999999999996 6.00014772589058313E-011 1.9
8.2300000000000004 3.04425670623717211E-011 1.9
8.2349999999999994 1.39639552487875098E-011 1.9
8.2400000000000002 2.02127889486466547E-011 1.9
8.2450000000000010 6.77865423338149530E-011 1.9
8.2500000000000000 9.06434610796648319E-011 1.9
8.2550000000000008 2.60674156335393393E-010 1.9
8.2599999999999998 1.41747499539340564E-010 1.9
8.2650000000000006 2.16781170138211428E-010 1.9
8.2699999999999996 9.24699561356102438E-011 1.9
8.2750000000000004 9.89933297230650703E-011 1.9
8.2799999999999994 3.85204574548957886E-011 1.9
8.2850000000000001 3.50476094932566145E-011 1.9
8.2900000000000009 1.27088984758024642E-011 1.9
8.2949999999999999 7.07593933159084572E-012 1.9
8.3000000000000007 2.25110955171806584E-011 1.9
8.3049999999999997 6.55335492410557000E-011 1.9
8.3100000000000005 1.39600737589086102E-010 1.9
8.3149999999999995 2.32326782917078761E-010 1.9
8.3200000000000003 2.59408244537227060E-010 1.9
8.3249999999999993 2.03047001992840391E-010 1.9
8.3300000000000001 1.51684554572050626E-010 1.9
8.3350000000000009 9.17992221621738504E-011 1.9
8.3399999999999999 4.87872666587040767E-011 1.9
8.3450000000000006 1.78473714141816333E-011 1.9
8.3499999999999996 1.41257544231079049E-011 1.9
8.3550000000000004 9.45880579003824223E-012 1.9
8.3599999999999994 7.53811635918313672E-012 1.9
8.3650000000000002 1.18012525986525340E-011 1.9
8.3700000000000010 1.22000817640679552E-011 1.9
8.3750000000000000 1.73583457630349013E-011 1.9
8.3800000000000008 1.75321487218501530E-011 1.9
8.3849999999999998 2.33166603489281706E-011 1.9
8.3900000000000006 3.00768814956062434E-011 1.9
8.3949999999999996 2.75312056593451575E-011 1.9
8.4000000000000004 2.34336221121475161E-011 1.9
8.4049999999999994 1.50778477255865925E-011 1.9
8.4100000000000001 1.77356577371737866E-011 1.9
8.4150000000000009 2.64641601651874697E-011 1.9
8.4199999999999999 3.82123449859602307E-011 1.9
8.4250000000000007 3.68728362915527186E-011 1.9
8.4299999999999997 2.64251138247359602E-011 1.9
8.4350000000000005 1.92786934439581247E-011 1.9
8.4399999999999995 7.61715913618592397E-012 1.9
8.4450000000000003 6.28465866717813494E-012 1.9
8.4499999999999993 4.74153426665341474E-012 1.9
8.4550000000000001 6.09686611199261136E-012 1.9
8.4600000000000009 7.59527549658304750E-012 1.9
8.4649999999999999 7.56987286441972623E-012 1.9
8.4700000000000006 7.82712943805924323E-012 1.9
8.4749999999999996 5.22252673598072296E-012 1.9
8.4800000000000004 6.25717857833279085E-012 1.9
8.4849999999999994 5.56272454184128795E-012 1.9
8.4900000000000002 5.38166432126776066E-012 1.9
8.4950000000000010 5.33639021050153261E-012 1.9
8.5000000000000000 4.29341297885936673E-012 1.9
8.5050000000000008 4.78614158959675396E-012 1.9
8.5099999999999998 5.05475837564227670E-012 1.9
8.5150000000000006 9.58389012525003467E-012 1.9
8.5199999999999996 1.01446326585011602E-011 1.9
8.5250000000000004 1.42944342288741906E-011 1.9
8.5299999999999994 1.18548957544013621E-011 1.9
8.5350000000000001 8.84300214179396262E-012 1.9
8.5400000000000009 8.86913973347889951E-012 1.9
8.5449999999999999 6.90874463445665688E-012 1.9
8.5500000000000007 8.22767589939061143E-012 1.9
8.5549999999999997 8.27452758940021249E-012 1.9
8.5600000000000005 5.96836881433725827E-012 1.9
8.5649999999999995 5.10830157007107716E-012 1.9
8.5700000000000003 3.83982477466495996E-012 1.9
8.5750000000000011 5.32046617151848087E-012 1.9
8.5800000000000001 1.10139246329684657E-011 1.9
8.5850000000000009 1.96813363677634170E-011 1.9
8.5899999999999999 3.22761453241248180E-011 1.9
8.5950000000000006 4.41742869584077633E-011 1.9
8.5999999999999996 5.05832917767602073E-011 1.9
8.6050000000000004 4.17859205837186130E-011 1.9
8.6099999999999994 3.31237802495933250E-011 1.9
8.6150000000000002 1.97520514491679270E-011 1.9
8.6200000000000010 8.70719105473513279E-012 1.9
8.6250000000000000 5.38493033272088480E-012 1.9
8.6300000000000008 3.74345221192817286E-012 1.9
8.6349999999999998 3.40495975155483088E-012 1.9
8.6400000000000006 4.72566042857018193E-012 1.9
8.6449999999999996 1.09932950663781773E-011 1.9
8.6500000000000004 2.02468607875962992E-011 1.9
8.6549999999999994 2.52764104262896687E-011 1.9
8.6600000000000001 3.31499081500181562E-011 1.9
8.6650000000000009 2.46380537018037636E-011 1.9
8.6699999999999999 1.89731216240630806E-011 1.9
8.6750000000000007 1.01680259792609163E-011 1.9
8.6799999999999997 5.13226324258655900E-012 1.9
8.6850000000000005 4.22266858373439093E-012 1.9
8.6899999999999995 3.14005908604658321E-012 1.9
8.6950000000000003 3.26176003715781021E-012 1.9
8.7000000000000011 3.58590629001598403E-012 1.9
8.7050000000000001 3.42147949901649618E-012 1.9
8.7100000000000009 5.10681024429071810E-012 1.9
8.7149999999999999 3.89746241254147133E-012 1.9
8.7200000000000006 5.53739852079844045E-012 1.9
8.7249999999999996 3.84305192802151364E-012 1.9
8.7300000000000004 3.64629934477958192E-012 1.9
8.7349999999999994 4.13163844627706794E-012 1.9
8.7400000000000002 2.55340441879833749E-012 1.9
8.7450000000000010 4.42434334959719780E-012 1.9
8.7500000000000000 3.79164536735344352E-012 1.9
8.7550000000000008 7.02464125573998415E-012 1.9
8.7599999999999998 7.84044967653168888E-012 1.9
8.7650000000000006 1.25847767540868132E-011 1.9
8.7699999999999996 1.86839193609633188E-011 1.9
8.7750000000000004 2.23995501077373572E-011 1.9
8.7799999999999994 1.96691744486101314E-011 1.9
8.7850000000000001 1.54372819046679500E-011 1.9
8.7900000000000009 1.07024801380197214E-011 1.9
8.7949999999999999 8.62675613088958016E-012 1.9
8.8000000000000007 7.26639339017729893E-012 1.9
8.8049999999999997 5.48395075012117823E-012 1.9
8.8100000000000005 4.65551828125248392E-012 1.9
8.8149999999999995 3.01115349225437258E-012 1.9
8.8200000000000003 3.77326861146037184E-012 1.9
8.8250000000000011 3.77037787923236525E-012 1.9
8.8300000000000001 4.25955982429428122E-012 1.9
8.8350000000000009 4.56946558536310308E-012 1.9
8.8399999999999999 4.92219360873004208E-012 1.9
8.8450000000000006 5.53001445696897114E-012 1.9
8.8499999999999996 6.96982134669880281E-012 1.9
8.8550000000000004 7.13516888877456329E-012 1.9
8.8599999999999994 7.31742582899849563E-012 1.9
8.8650000000000002 5.19468351981460694E-012 1.9
8.8700000000000010 3.53900184704947788E-012 1.9
8.8750000000000000 3.87215413127001023E-012 1.9
8.8800000000000008 2.81278688822008535E-012 1.9
8.8849999999999998 3.62862981345119182E-012 1.9
8.8900000000000006 2.29189145856168231E-012 1.9
8.8949999999999996 3.16633357091490386E-012 1.9
8.9000000000000004 2.73457584205500804E-012 1.9
8.9049999999999994 2.33772954655113518E-012 1.9
8.9100000000000001 3.64293238649289294E-012 1.9
8.9150000000000009 2.61165738675247784E-012 1.9
8.9199999999999999 3.59371664560187326E-012 1.9
8.9250000000000007 4.15665283126228885E-012 1.9
8.9299999999999997 7.04085621777925265E-012 1.9
8.9350000000000005 6.07391231217456424E-012 1.9
8.9399999999999995 7.85847875480106769E-012 1.9
8.9450000000000003 4.65577351386871257E-012 1.9
8.9500000000000011 4.38021082212294874E-012 1.9
8.9550000000000001 2.86929150861629761E-012 1.9
8.9600000000000009 3.50819545575105655E-012 1.9
8.9649999999999999 4.55720224740353710E-012 1.9
8.9700000000000006 5.81906680432755283E-012 1.9
8.9749999999999996 5.49803307477733646E-012 1.9
8.9800000000000004 4.81358503926211468E-012 1.9
8.9849999999999994 4.07306292615786796E-012 1.9
8.9900000000000002 3.17824103010391580E-012 1.9
8.9950000000000010 3.02925415079967344E-012 1.9
9.0000000000000000 2.72965438295735217E-012 1.9
9.0050000000000008 2.83130867975174753E-012 1.9
9.0099999999999998 2.69663207364491334E-012 1.9
9.0150000000000006 2.96133382754609994E-012 1.9
9.0199999999999996 2.47849741858824652E-012 1.9
9.0250000000000004 2.92627313872480569E-012 1.9
9.0299999999999994 3.04097028452150263E-012 1.9
9.0350000000000001 3.52159522231285645E-012 1.9
9.0400000000000009 4.19091553524390802E-012 1.9
9.0449999999999999 4.12561566381845467E-012 1.9
9.0500000000000007 3.66083112294526892E-012 1.9
9.0549999999999997 3.38686916873705976E-012 1.9
9.0600000000000005 2.97509720729007897E-012 1.9
9.0649999999999995 2.88464453978432824E-012 1.9
9.0700000000000003 2.44539437464494044E-012 1.9
9.0750000000000011 2.75512745038596572E-012 1.9
9.0800000000000001 2.63658335193793673E-012 1.9
9.0850000000000009 2.43352772134213900E-012 1.9
9.0899999999999999 2.59965399736761162E-012 1.9
9.0950000000000006 2.14248059161796955E-012 1.9
9.0999999999999996 2.84501178503361967E-012 1.9
9.1050000000000004 2.72516366215400805E-012 1.9
9.1099999999999994 4.08737477222243222E-012 1.9
9.1150000000000002 4.04845478692618396E-012 1.9
9.1200000000000010 5.06023942539647228E-012 1.9
9.1250000000000000 3.88035075409080410E-012 1.9
9.1300000000000008 3.47578550361306302E-012 1.9
9.1349999999999998 3.54527184521390405E-012 1.9
9.1400000000000006 2.91003814176573702E-012 1.9
9.1449999999999996 3.81879893397327470E-012 1.9
9.1500000000000004 2.58474293727630281E-012 1.9
9.1549999999999994 3.90677653259778767E-012 1.9
9.1600000000000001 2.02551366998579109E-012 1.9
9.1650000000000009 3.17299497535544799E-012 1.9
9.1699999999999999 2.22846601443600957E-012 1.9
9.1750000000000007 2.99209503391478284E-012 1.9
9.1799999999999997 2.42664180412801140E-012 1.9
9.1850000000000005 2.76676663930487378E-012 1.9
9.1899999999999995 2.75830028714279069E-012 1.9
9.1950000000000003 2.71626714530083426E-012 1.9
9.2000000000000011 2.79590295442338904E-012 1.9
9.2050000000000001 2.25440571828292531E-012 1.9
9.2100000000000009 3.05667132635281764E-012 1.9
9.2149999999999999 2.51975643150278680E-012 1.9
9.2200000000000006 3.38702950261585738E-012 1.9
9.2249999999999996 2.35997223113643348E-012 1.9
9.2300000000000004 2.95234003718822676E-012 1.9
9.2349999999999994 2.34372007261328068E-012 1.9
9.2400000000000002 2.69400445931534352E-012 1.9
9.2450000000000010 2.90172887897286059E-012 1.9
9.2500000000000000 2.99393698218035942E-012 1.9
9.2550000000000008 2.27562147981008514E-012 1.9
9.2599999999999998 2.38676013780474406E-012 1.9
9.2650000000000006 2.74964119586584487E-012 1.9
9.2699999999999996 2.24820047374739523E-012 1.9
9.2750000000000004 2.30702217465255995E-012 1.9
9.2799999999999994 2.05736982326294540E-012 1.9
9.2850000000000001 2.33234942081842017E-012 1.9
9.2900000000000009 2.14421019177086307E-012 1.9
9.2949999999999999 2.51270395011413502E-012 1.9
9.3000000000000007 2.86849754539919512E-012 1.9
9.3049999999999997 2.81697920233240812E-012 1.9
9.3100000000000005 3.82362926264839684E-012 1.9
9.3149999999999995 3.94438434967619745E-012 1.9
9.3200000000000003 3.89754606278321468E-012 1.9
9.3250000000000011 2.89090686570304978E-012 1.9
9.3300000000000001 2.88406800753067926E-012 1.9
9.3350000000000009 2.17033534418682503E-012 1.9
9.3399999999999999 2.46239377209980353E-012 1.9
9.3450000000000006 2.23956177152956537E-012 1.9
9.3499999999999996 2.24858576516091219E-012 1.9
9.3550000000000004 1.79903659843971404E-012 1.9
9.3599999999999994 2.02685827385743731E-012 1.9
9.3650000000000002 2.71540592765227881E-012 1.9
9.3700000000000010 1.88119291713419219E-012 1.9
9.3750000000000000 3.16356650494648071E-012 1.9
9.3800000000000008 2.00990607467449112E-012 1.9
9.3849999999999998 2.96069543516488033E-012 1.9
9.3900000000000006 2.20163136036866066E-012 1.9
9.3949999999999996 3.29999051987125872E-012 1.9
9.4000000000000004 2.44358124897839185E-012 1.9
9.4049999999999994 3.02738529720728578E-012 1.9
9.4100000000000001 2.00299468606448905E-012 1.9
9.4150000000000009 2.14525276819172594E-012 1.9
9.4199999999999999 2.17682208224973238E-012 1.9
9.4250000000000007 2.03979825236600398E-012 1.9
9.4299999999999997 2.41950586817147672E-012 1.9
9.4350000000000005 2.00854999032117496E-012 1.9
9.4399999999999995 2.69829075948631389E-012 1.9
9.4450000000000003 1.95331473270441050E-012 1.9
9.4500000000000011 2.44484418498681154E-012 1.9
9.4550000000000001 1.96844559732803460E-012 1.9
9.4600000000000009 2.56950233299181683E-012 1.9
9.4649999999999999 2.13627002017253372E-012 1.9
9.4700000000000006 2.26332194238838700E-012 1.9
9.4749999999999996 2.37164532035816616E-012 1.9
9.4800000000000004 2.11644803426188316E-012 1.9
9.4849999999999994 2.59118515886552957E-012 1.9
9.4900000000000002 2.09747283086760725E-012 1.9
9.4950000000000010 2.60503483343248497E-012 1.9
9.5000000000000000 2.05919645693641140E-012 1.9
9.5050000000000008 2.59807955304526736E-012 1.9
9.5099999999999998 1.70341663590843776E-012 1.9
9.5150000000000006 2.40719132808116571E-012 1.9
9.5199999999999996 2.02243720954308580E-012 1.9
9.5250000000000004 2.07159979664277284E-012 1.9
9.5299999999999994 2.43335741483650509E-012 1.9
9.5350000000000001 2.45393461595360231E-012 1.9
9.5400000000000009 2.20532136606295257E-012 1.9
9.5449999999999999 2.05968498592297775E-012 1.9
9.5500000000000007 2.74927691904261051E-012 1.9
9.5549999999999997 2.01425896105139404E-012 1.9
9.5600000000000005 2.86220974777128870E-012 1.9
9.5649999999999995 1.94737227219134510E-012 1.9
9.5700000000000003 3.14118043745963011E-012 1.9
9.5750000000000011 1.55914858772945888E-012 1.9
9.5800000000000001 2.37149550610445153E-012 1.9
9.5850000000000009 1.83387421945376667E-012 1.9
9.5899999999999999 2.04009963322779021E-012 1.9
9.5950000000000006 2.34602473269082326E-012 1.9
9.5999999999999996 2.06753782717883599E-012 1.9
9.6050000000000004 2.56166936533753118E-012 1.9
9.6099999999999994 1.65675968731006281E-012 1.9
9.6150000000000002 2.41740145090132981E-012 1.9
9.6200000000000010 1.74921050611018372E-012 1.9
9.6250000000000000 2.65942518638923756E-012 1.9
9.6300000000000008 2.16040906127183182E-012 1.9
9.6349999999999998 2.81037650560812621E-012 1.9
9.6400000000000006 1.54842764192945842E-012 1.9
9.6449999999999996 2.49375789834967741E-012 1.9
9.6500000000000004 2.05321997266639747E-012 1.9
9.6549999999999994 2.40428307107614728E-012 1.9
9.6600000000000001 2.15711776645812418E-012 1.9
9.6650000000000009 2.11119906388849010E-012 1.9
9.6699999999999999 2.24275155170432850E-012 1.9
9.6750000000000007 1.92590429078692349E-012 1.9
9.6799999999999997 2.51761678650470148E-012 1.9
9.6850000000000005 1.68251710313301233E-012 1.9
9.6899999999999995 2.94327650410238362E-012 1.9
9.6950000000000003 1.68918981061219379E-012 1.9
9.7000000000000011 2.58585979880939259E-012 1.9
9.7050000000000001 1.82265083506934450E-012 1.9
9.7100000000000009 2.46916905633542147E-012 1.9
9.7149999999999999 1.44947838459245740E-012 1.9
9.7200000000000006 2.09627703416257900E-012 1.9
9.7249999999999996 1.90910674200379676E-012 1.9
9.7300000000000004 2.13774110590766008E-012 1.9
9.7349999999999994 2.11094471836681301E-012 1.9
9.7400000000000002 1.89328799681773113E-012 1.9
9.7450000000000010 2.09330226442389010E-012 1.9
9.7500000000000000 1.65076609069364641E-012 1.9
9.7550000000000008 2.19118946518242734E-012 1.9
9.7599999999999998 1.81792820756107994E-012 1.9
9.7650000000000006 2.03464216310141315E-012 1.9
9.7699999999999996 1.76587694198766848E-012 1.9
9.7750000000000004 2.52809090108770787E-012 1.9
9.7799999999999994 1.81052556101821299E-012 1.9
9.7850000000000001 2.24605255959326630E-012 1.9
9.7900000000000009 1.67052748601173175E-012 1.9
9.7949999999999999 1.71852272919922458E-012 1.9
9.8000000000000007 2.07556264381990141E-012 1.9
9.8049999999999997 1.89012176950462261E-012 1.9
9.8100000000000005 2.11872582767301902E-012 1.9
9.8149999999999995 1.60098862170714972E-012 1.9
9.8200000000000003 1.85656506272885480E-012 1.9
9.8250000000000011 1.45226128882172279E-012 1.9
9.8300000000000001 2.07360067975785398E-012 1.9
9.8350000000000009 1.70822457026527531E-012 1.9
9.8399999999999999 2.25971526452427179E-012 1.9
9.8450000000000006 1.92866571404480387E-012 1.9
9.8499999999999996 2.13019419774860202E-012 1.9
9.8550000000000004 1.75304981678066530E-012 1.9
9.8599999999999994 2.27831821575996172E-012 1.9
9.8650000000000002 1.65912171237143691E-012 1.9
9.8700000000000010 2.15118839452684652E-012 1.9
9.8750000000000000 1.86044941643692925E-012 1.9
9.8800000000000008 2.05716126536661947E-012 1.9
9.8849999999999998 2.10564440269560634E-012 1.9
9.8900000000000006 1.61668948800994065E-012 1.9
9.8949999999999996 1.90587424688296885E-012 1.9
9.9000000000000004 1.62698524766491073E-012 1.9
9.9049999999999994 2.03070650575451976E-012 1.9
9.9100000000000001 1.44342343208721309E-012 1.9
9.9150000000000009 2.09564976310725207E-012 1.9
9.9199999999999999 1.45230789786400791E-012 1.9
9.9250000000000007 2.17654213430098435E-012 1.9
9.9299999999999997 1.91149588870359882E-012 1.9
9.9350000000000005 2.34255569325860322E-012 1.9
9.9399999999999995 1.73485024177124762E-012 1.9
9.9450000000000003 2.25469239424613341E-012 1.9
9.9500000000000011 1.77326758850584051E-012 1.9
9.9550000000000001 1.78504324279806808E-012 1.9
9.9600000000000009 1.72247999199501773E-012 1.9
9.9649999999999999 1.58105458767162891E-012 1.9
9.9700000000000006 1.59445013619743168E-012 1.9
9.9749999999999996 1.63708760807817081E-012 1.9
9.9800000000000004 1.69868937264824448E-012 1.9
9.9849999999999994 1.40220028412403256E-012 1.9
9.9900000000000002 1.92944831925173963E-012 1.9
9.9950000000000010 1.44455277289398779E-012 1.9
10.000000000000000 2.09146071189579229E-012 1.9
