# Random field Heisenberg chain
# L=14, J=1, Delta=0.5, W=1.5, h_i in [-W,W]
# Integrated spectral function of the Anderson LIOMs I_alpha
# omega I_alpha

0.000000000000000000e+00 1.047003059752337970e-03
0.000000000000000000e+00 2.047805574241062451e-03
0.000000000000000000e+00 3.019573354947182979e-03
0.000000000000000000e+00 4.021336992721807890e-03
0.000000000000000000e+00 5.106351733048801640e-03
0.000000000000000000e+00 6.022968975963234779e-03
0.000000000000000000e+00 7.153732399132788772e-03
0.000000000000000000e+00 8.017260181682719228e-03
0.000000000000000000e+00 9.000860104537281026e-03
0.000000000000000000e+00 1.002316479894306382e-02
0.000000000000000000e+00 1.102909518637105492e-02
0.000000000000000000e+00 1.201141699028305913e-02
0.000000000000000000e+00 1.304148458362994027e-02
0.000000000000000000e+00 1.411728118848180717e-02
0.000000000000000000e+00 1.516175942797210428e-02
0.000000000000000000e+00 1.602818611197643489e-02
0.000000000000000000e+00 1.707936291238576487e-02
0.000000000000000000e+00 1.801846578787683409e-02
0.000000000000000000e+00 1.912897224487952047e-02
0.000000000000000000e+00 2.004453385179207070e-02
0.000000000000000000e+00 2.101699648408745028e-02
0.000000000000000000e+00 2.200207425264106079e-02
0.000000000000000000e+00 2.303722191602954397e-02
0.000000000000000000e+00 2.401830671195258685e-02
0.000000000000000000e+00 2.515210142989675671e-02
0.000000000000000000e+00 2.605416096945376014e-02
0.000000000000000000e+00 2.712157037141746038e-02
0.000000000000000000e+00 2.819310146025497815e-02
0.000000000000000000e+00 2.908310529596879954e-02
0.000000000000000000e+00 3.016915428884461847e-02
0.000000000000000000e+00 3.109215637695762757e-02
0.000000000000000000e+00 3.204910123663402138e-02
0.000000000000000000e+00 3.314546084231190931e-02
0.000000000000000000e+00 3.401841399865486448e-02
0.000000000000000000e+00 3.501667803998901457e-02
0.000000000000000000e+00 3.600102879035570885e-02
0.000000000000000000e+00 3.700661169577390552e-02
0.000000000000000000e+00 3.801759370562905749e-02
0.000000000000000000e+00 3.908556777462484505e-02
0.000000000000000000e+00 4.001537535546004914e-02
0.000000000000000000e+00 4.102921387112460488e-02
0.000000000000000000e+00 4.211175083164314659e-02
0.000000000000000000e+00 4.305694081173674914e-02
0.000000000000000000e+00 4.412079724082745846e-02
0.000000000000000000e+00 4.501128426800161952e-02
0.000000000000000000e+00 4.605565448817574431e-02
0.000000000000000000e+00 4.714054509051844588e-02
0.000000000000000000e+00 4.813266828224849192e-02
0.000000000000000000e+00 4.926088621515410659e-02
0.000000000000000000e+00 5.003466427961990315e-02
0.000000000000000000e+00 5.109109844343004414e-02
0.000000000000000000e+00 5.202042365699612730e-02
0.000000000000000000e+00 5.316889423658440611e-02
0.000000000000000000e+00 5.409003330155156414e-02
0.000000000000000000e+00 5.502970243581430804e-02
0.000000000000000000e+00 5.602165662941128305e-02
0.000000000000000000e+00 5.700365032999420156e-02
0.000000000000000000e+00 5.802150384515820242e-02
0.000000000000000000e+00 5.901662252298664479e-02
0.000000000000000000e+00 6.002150437992437304e-02
0.000000000000000000e+00 6.102931671915764328e-02
0.000000000000000000e+00 6.208937833836315062e-02
0.000000000000000000e+00 6.309238866144015190e-02
0.000000000000000000e+00 6.401973663813605164e-02
0.000000000000000000e+00 6.519069309087152653e-02
0.000000000000000000e+00 6.602270922691878818e-02
0.000000000000000000e+00 6.701346058573634523e-02
0.000000000000000000e+00 6.806600823068162387e-02
0.000000000000000000e+00 6.907941233025194361e-02
0.000000000000000000e+00 7.001436061680296752e-02
0.000000000000000000e+00 7.112861290464969621e-02
0.000000000000000000e+00 7.200193467567689298e-02
0.000000000000000000e+00 7.300217074299680808e-02
0.000000000000000000e+00 7.409519097328219617e-02
0.000000000000000000e+00 7.501560569377391241e-02
0.000000000000000000e+00 7.600985422576184147e-02
0.000000000000000000e+00 7.702678393075253205e-02
0.000000000000000000e+00 7.800825432332725295e-02
0.000000000000000000e+00 7.907768459818610707e-02
0.000000000000000000e+00 8.011991901091776447e-02
0.000000000000000000e+00 8.107214484988951864e-02
0.000000000000000000e+00 8.205332001875996484e-02
0.000000000000000000e+00 8.301995293161804068e-02
0.000000000000000000e+00 8.406070371504505145e-02
0.000000000000000000e+00 8.506829031843110567e-02
0.000000000000000000e+00 8.605486637318181253e-02
0.000000000000000000e+00 8.708041785459132156e-02
0.000000000000000000e+00 8.800536071986825304e-02
0.000000000000000000e+00 8.916761323226576885e-02
0.000000000000000000e+00 9.005995794342162852e-02
0.000000000000000000e+00 9.112247255897971965e-02
0.000000000000000000e+00 9.201226879439219908e-02
0.000000000000000000e+00 9.300079184108679675e-02
0.000000000000000000e+00 9.403754903083275107e-02
0.000000000000000000e+00 9.524704276760292965e-02
0.000000000000000000e+00 9.600048296285322580e-02
0.000000000000000000e+00 9.706540865889037861e-02
0.000000000000000000e+00 9.804890585259574964e-02
0.000000000000000000e+00 9.902617665755378273e-02
0.000000000000000000e+00 1.000457049396407672e-01
0.000000000000000000e+00 1.010567340544819698e-01
0.000000000000000000e+00 1.020701838342331774e-01
0.000000000000000000e+00 1.030880865639518529e-01
0.000000000000000000e+00 1.041514781933171596e-01
0.000000000000000000e+00 1.050404579524690796e-01
0.000000000000000000e+00 1.060187215360726548e-01
0.000000000000000000e+00 1.070010483892533393e-01
0.000000000000000000e+00 1.080270535984121649e-01
0.000000000000000000e+00 1.090670762476493305e-01
0.000000000000000000e+00 1.100757952051260868e-01
0.000000000000000000e+00 1.110472416824356406e-01
0.000000000000000000e+00 1.120230503532164829e-01
0.000000000000000000e+00 1.130511200734023308e-01
0.000000000000000000e+00 1.140016678821077767e-01
0.000000000000000000e+00 1.151189515150207732e-01
0.000000000000000000e+00 1.161452949416505592e-01
0.000000000000000000e+00 1.170454149218267681e-01
0.000000000000000000e+00 1.180117398108159882e-01
0.000000000000000000e+00 1.190524675074415006e-01
0.000000000000000000e+00 1.200054564000484353e-01
0.000000000000000000e+00 1.211309517657416790e-01
0.000000000000000000e+00 1.220508711365627802e-01
0.000000000000000000e+00 1.231339707935857619e-01
0.000000000000000000e+00 1.240207593190760793e-01
0.000000000000000000e+00 1.250151372559064056e-01
0.000000000000000000e+00 1.260028112457299843e-01
0.000000000000000000e+00 1.270214815582010603e-01
0.000000000000000000e+00 1.281314265181802414e-01
0.000000000000000000e+00 1.290258253202994088e-01
0.000000000000000000e+00 1.300740701253549625e-01
0.000000000000000000e+00 1.311611173290889998e-01
0.000000000000000000e+00 1.320352705399904791e-01
0.000000000000000000e+00 1.330620843054173552e-01
0.000000000000000000e+00 1.340811340202505142e-01
0.000000000000000000e+00 1.350062108794380655e-01
0.000000000000000000e+00 1.360187872277525689e-01
0.000000000000000000e+00 1.370016789026264337e-01
0.000000000000000000e+00 1.381212762146971640e-01
0.000000000000000000e+00 1.390125606550831894e-01
0.000000000000000000e+00 1.401016746017973436e-01
0.000000000000000000e+00 1.410407882854106953e-01
1.924227913863152395e-04 1.420036470458107269e-01
3.519135904050951780e-04 1.430249434133505360e-01
4.442012795222716193e-04 1.440008666500998680e-01
5.177368481346089624e-04 1.450233553449317703e-01
5.927909632124084283e-04 1.460060131277960971e-01
6.526381087811894410e-04 1.470359909765273920e-01
7.048068752137925941e-04 1.480483725831730768e-01
7.505064296351449116e-04 1.490069823973174667e-01
7.815747568571396187e-04 1.500124312931622739e-01
8.202794413305625199e-04 1.510418150038429774e-01
8.702198397050331380e-04 1.520155644737669898e-01
9.419252533824362672e-04 1.530340096123095905e-01
9.804840738900644226e-04 1.540110308680260887e-01
1.029840299508366641e-03 1.550064696430338285e-01
1.104014023717111992e-03 1.560157216808721325e-01
1.159721749931064139e-03 1.570030379336377624e-01
1.233171683299727484e-03 1.580020913213742439e-01
1.280182572179822120e-03 1.590155335264097913e-01
1.330576900811557273e-03 1.600411690354329453e-01
1.374263314672052871e-03 1.610034784976392686e-01
1.414270951450413705e-03 1.621116227525118969e-01
1.461575184589669618e-03 1.630007553352327276e-01
1.517642514770045636e-03 1.640092385242160333e-01
1.567459854580288692e-03 1.650017682639284555e-01
1.628477015677420869e-03 1.660018400927038285e-01
1.674112868286670164e-03 1.670937474250528687e-01
1.719373150693481733e-03 1.680064636984637816e-01
1.766724630361315995e-03 1.690098544051806539e-01
1.822992462634953625e-03 1.700042997044109438e-01
1.875469356363179685e-03 1.710039478572340788e-01
1.944922472980614714e-03 1.720028703316726360e-01
2.004543346007692239e-03 1.730130138665945949e-01
2.066212202373796103e-03 1.740186200935596450e-01
2.107159545642334209e-03 1.750624633288056509e-01
2.155494983481442972e-03 1.760427042559566668e-01
2.225292857735539087e-03 1.770040716929070501e-01
2.268237629341918193e-03 1.780034774105224427e-01
2.352133960611180186e-03 1.790072843947851100e-01
2.398671001040408868e-03 1.800162272672044816e-01
2.450954941592975445e-03 1.810048146035360406e-01
2.502381860499891530e-03 1.820073323814562494e-01
2.575905278130896647e-03 1.830384543448735080e-01
2.605721368133195881e-03 1.840038035351660162e-01
2.658733505445320944e-03 1.850139101635832062e-01
2.702684296532031905e-03 1.860005212823989118e-01
2.780565901651765870e-03 1.870035237366707848e-01
2.837402811245004486e-03 1.880080077177682107e-01
2.884453351125859655e-03 1.890051042479262144e-01
2.944474263952168158e-03 1.900525339201853403e-01
2.999363446966496483e-03 1.910511719140526865e-01
3.039584986046506287e-03 1.920061680194840581e-01
3.112448708766812899e-03 1.930416735684012675e-01
3.173371198605501320e-03 1.940009181406849859e-01
3.244887798294460168e-03 1.950103323722744142e-01
3.314733412962844739e-03 1.960004026027206692e-01
3.388253602877200343e-03 1.970085940987853501e-01
3.464342670577380545e-03 1.980039106735149712e-01
3.534432383328178773e-03 1.990332044128340638e-01
3.602065121667941128e-03 2.000059966446138260e-01
3.647842817168456264e-03 2.010185606274940973e-01
3.694705347559779085e-03 2.020136823758866829e-01
3.745285121932173666e-03 2.030427007011470497e-01
3.814709623048528897e-03 2.040130610912164189e-01
3.881431431714682523e-03 2.050028708711777448e-01
3.933206028255420428e-03 2.060054188039116829e-01
4.009857220625523411e-03 2.070253767655473309e-01
4.082436465301153561e-03 2.080205564035795263e-01
4.169483183413813521e-03 2.090096962249661516e-01
4.244339508141320438e-03 2.100081149732231367e-01
4.294796733852912496e-03 2.110038894504523421e-01
4.341862724504097493e-03 2.120017481958391126e-01
4.379752607473808013e-03 2.130344272438269571e-01
4.464140403035443683e-03 2.140377679873837480e-01
4.526547879890822218e-03 2.150009653336774906e-01
4.587206318718450859e-03 2.160137614096360181e-01
4.673282172529269474e-03 2.170387687473337990e-01
4.756037417446290494e-03 2.180025746641045259e-01
4.815234266087653481e-03 2.190025971183579001e-01
4.891421277495311415e-03 2.200142031413435950e-01
4.934292336586931782e-03 2.210743214454608252e-01
4.998219785581348162e-03 2.220035370518370632e-01
5.082317732924557241e-03 2.230048847735047191e-01
5.157925592016332494e-03 2.240004948156779363e-01
5.224095879704737655e-03 2.250718473320300062e-01
5.328579608396832867e-03 2.260025357080542308e-01
5.432025722676536716e-03 2.270238784083304928e-01
5.494286690040262044e-03 2.280361857218269894e-01
5.566542018024644989e-03 2.290066206539308480e-01
5.630288845320019497e-03 2.300002626174461051e-01
5.726353205832035442e-03 2.310082211765813187e-01
5.804697779191014817e-03 2.320113967215114981e-01
5.898127439285083540e-03 2.330254059638355857e-01
5.970291789170634189e-03 2.340002644636477447e-01
6.080459305530361291e-03 2.350000740843917468e-01
6.167956443708932923e-03 2.360031025805222060e-01
6.256664429542979633e-03 2.370082170743182670e-01
6.374493383484836073e-03 2.380077829797760947e-01
6.442194485808627746e-03 2.390004933724426683e-01
6.505227579975958463e-03 2.400030409298074541e-01
6.565281128167566038e-03 2.410062206850361877e-01
6.652373083468443582e-03 2.420532292293775534e-01
6.769339225844994701e-03 2.430519842791967755e-01
6.860420705190550805e-03 2.440018979985871805e-01
6.963499545004303570e-03 2.450021814705237722e-01
7.065227258822304179e-03 2.460105965321648935e-01
7.152860568120256168e-03 2.470054617756863302e-01
7.258750338685504566e-03 2.480037176837362467e-01
7.323722417022615616e-03 2.490066199586865037e-01
7.435445565195819562e-03 2.500739256048463699e-01
7.544835788360959583e-03 2.510004916625735993e-01
7.675465542572590394e-03 2.520052640983375114e-01
7.769621515618441165e-03 2.530270071129669396e-01
7.868009441581280683e-03 2.540009598111389599e-01
7.953271845383858007e-03 2.550153934566161684e-01
8.082684663713646245e-03 2.560072680567043735e-01
8.185231577634510813e-03 2.570049133206780967e-01
8.276128116346870289e-03 2.580005983612950748e-01
8.351740193210943630e-03 2.592164313080508320e-01
8.421844953765134090e-03 2.600000378146438695e-01
8.519350053899366060e-03 2.610132690667771316e-01
8.627394475124061657e-03 2.620059947408815426e-01
8.740822459726071969e-03 2.630011340258297525e-01
8.878298116930194439e-03 2.640018944435733594e-01
8.991413699088290912e-03 2.650118418308893276e-01
9.075453266442767841e-03 2.660007320696284872e-01
9.203467547336252608e-03 2.670013778854143371e-01
9.339751013621278020e-03 2.680543618718740917e-01
9.450458827241048354e-03 2.690060556397313452e-01
9.571827460992721193e-03 2.700115886366168949e-01
9.712631085326550728e-03 2.710007143439774335e-01
9.802781562453066755e-03 2.720087919109732688e-01
9.963392667101181321e-03 2.730180948529843388e-01
1.006077785266024094e-02 2.740032407303553130e-01
1.019784122507072510e-02 2.750199546817209129e-01
1.029569208996861107e-02 2.760096848943676129e-01
1.042602803665992894e-02 2.770100222310130644e-01
1.059466216886800760e-02 2.780036183174633968e-01
1.071353358752746843e-02 2.790085775447259664e-01
1.084705305285638133e-02 2.800162051640976424e-01
1.101025163996194323e-02 2.810013738499127500e-01
1.110116285700168959e-02 2.820040483010238797e-01
1.120641224322049823e-02 2.830103923993468884e-01
1.135871780564645661e-02 2.840070650148641129e-01
1.148512831591785854e-02 2.850014930130158608e-01
1.156803255638294559e-02 2.860468478433039197e-01
1.167761668745281867e-02 2.870035254496804411e-01
1.182174203137572807e-02 2.880039207744451435e-01
1.197924252771542797e-02 2.890046280690874436e-01
1.211224502423524640e-02 2.900009238984521120e-01
1.224998324921244830e-02 2.910034445226543642e-01
1.243463907753605824e-02 2.920002741821384196e-01
1.257860392683296524e-02 2.930007608088966986e-01
1.268153897582813272e-02 2.940119890050339468e-01
1.281595878582589623e-02 2.950002221183303797e-01
1.293842286285862286e-02 2.960065633909778060e-01
1.311918043215865026e-02 2.970009048583385769e-01
1.329109031491493287e-02 2.980010031010957294e-01
1.345456417480139777e-02 2.990323016024317160e-01
1.362784809989348034e-02 3.000023239469919445e-01
1.379795249177195871e-02 3.010003514242796663e-01
1.396670302444991130e-02 3.020028647828544854e-01
1.415897087523532161e-02 3.030046413301761832e-01
1.430812038479079007e-02 3.040028169168690897e-01
1.447734963162838895e-02 3.050004180379634611e-01
1.465830482904006971e-02 3.060510210600014269e-01
1.481509437606254309e-02 3.070014060935474798e-01
1.501753236887282128e-02 3.080003205701449809e-01
1.520338586690161975e-02 3.090009213175234359e-01
1.539122076548604667e-02 3.100030124756764649e-01
1.560973688770372902e-02 3.110017183547142960e-01
1.578042773977550439e-02 3.120148085039650132e-01
1.592688257043894939e-02 3.130254866182374252e-01
1.608719519853862856e-02 3.140001687943310693e-01
1.627721805545803702e-02 3.150007288426664442e-01
1.644026231581879882e-02 3.160051629968919640e-01
1.665474608132644363e-02 3.170119648769744169e-01
1.682234312650576769e-02 3.180029123963820648e-01
1.702789231099943734e-02 3.190028981542181730e-01
1.727157339796470126e-02 3.200018436443292646e-01
1.746544345215039762e-02 3.210044379895608535e-01
1.762203641646742369e-02 3.220063419352832690e-01
1.782616387716551287e-02 3.230045219712516791e-01
1.799831230655746239e-02 3.240070450199513119e-01
1.823010396922275511e-02 3.250023156698125804e-01
1.838946841903177365e-02 3.260016977808459782e-01
1.858536140566913186e-02 3.270011989747043102e-01
1.879498073272822811e-02 3.280109039291307926e-01
1.901838327967997344e-02 3.290001234810587816e-01
1.921487208872063590e-02 3.300015309364335847e-01
1.944270969746808575e-02 3.310031018725146379e-01
1.970706348726392054e-02 3.320034597446988589e-01
1.994209507368083223e-02 3.330098073538520498e-01
2.012765055657439461e-02 3.340025061629583458e-01
2.036859319984662964e-02 3.350013374382233566e-01
2.058669686962444345e-02 3.360001962871155268e-01
2.083111795685388401e-02 3.370065151497965705e-01
2.108295373478208390e-02 3.380040721607418530e-01
2.133590745223656882e-02 3.390004981230993475e-01
2.157445051280904025e-02 3.400015536429739083e-01
2.179224670613894022e-02 3.410068458250691825e-01
2.202670690350228000e-02 3.420035132155769819e-01
2.228273663236857161e-02 3.430036786230818424e-01
2.249697420788865365e-02 3.440015899836174618e-01
2.273752385327121317e-02 3.450023596841046980e-01
2.303358246029407752e-02 3.460004296708419358e-01
2.326568089202218914e-02 3.470212773904425840e-01
2.353389022175178535e-02 3.480048294648839247e-01
2.380004309522432138e-02 3.490020485037396147e-01
2.406386331173182569e-02 3.500094196873415608e-01
2.429650675867323084e-02 3.510066302012503359e-01
2.460260009041936868e-02 3.520005944584786994e-01
2.488398201264185872e-02 3.530045201084500150e-01
2.511915327371871953e-02 3.540001231648412516e-01
2.538693399041869192e-02 3.550024289399201227e-01
2.564474986871001505e-02 3.560003517339458412e-01
2.586741836951267359e-02 3.570010254570831765e-01
2.615890697836273371e-02 3.580008061241883865e-01
2.644899371498032892e-02 3.590015093429057558e-01
2.674540031349015301e-02 3.600002332156529428e-01
2.706396707352576314e-02 3.610004723668834292e-01
2.739552420809454603e-02 3.620010045658997866e-01
2.766514884056353596e-02 3.630033379029531382e-01
2.797882178008848086e-02 3.640001032854385810e-01
2.830646107033141234e-02 3.650026440304419695e-01
2.862568523575159674e-02 3.660028512304236981e-01
2.896992265776250630e-02 3.670116665828292990e-01
2.917848074157469718e-02 3.680005430899127572e-01
2.945093208400972884e-02 3.690021930543211925e-01
2.977789938248731616e-02 3.700045005739936443e-01
3.011605571208941790e-02 3.710001602684598332e-01
3.042191698711249614e-02 3.720000825793695620e-01
3.070924515359529927e-02 3.730017030844415271e-01
3.098689240309826509e-02 3.740004597798672337e-01
3.133334595171710646e-02 3.750474192337899249e-01
3.161862549366922792e-02 3.760018766929484335e-01
3.197663031834463432e-02 3.770004630125913248e-01
3.222022410160496619e-02 3.780015234580296757e-01
3.259717597650957366e-02 3.790001574305361109e-01
3.298666741450656525e-02 3.800010375850285116e-01
3.332405345851285894e-02 3.810003985849342301e-01
3.368885327197101986e-02 3.820000747229182481e-01
3.395331328619066724e-02 3.830040247227885497e-01
3.431106415640483576e-02 3.840022804065629791e-01
3.462563982389843531e-02 3.850021456153324140e-01
3.493561152931001779e-02 3.860001266046595436e-01
3.533477559228526133e-02 3.870127534442228123e-01
3.567678345289526654e-02 3.880027630300518227e-01
3.604971211447027812e-02 3.890178201207256659e-01
3.646198572686332184e-02 3.900006457321014142e-01
3.680530743722232323e-02 3.910052895693496011e-01
3.721041607605624080e-02 3.920003412341756532e-01
3.762154298918174433e-02 3.930032276506530420e-01
3.794975594058858093e-02 3.940013736825323520e-01
3.829068112872074936e-02 3.950010426499277472e-01
3.861633790223506502e-02 3.960008293957714698e-01
3.894199405378712120e-02 3.970067542714563191e-01
3.932584007433670426e-02 3.980001824870964544e-01
3.969338777241965266e-02 3.990040600216870903e-01
4.015391689498315486e-02 4.000039767269676916e-01
4.051317276454136085e-02 4.010030830604549568e-01
4.081686619537672200e-02 4.020000352130812526e-01
4.124434116235198289e-02 4.030022527054498704e-01
4.164903311026413313e-02 4.040003191441163821e-01
4.206915199453581389e-02 4.050005963393349395e-01
4.244820129613735560e-02 4.060001326938657007e-01
4.293680597768556595e-02 4.070058340595487656e-01
4.323646378542056468e-02 4.080024251765938526e-01
4.372051835752444049e-02 4.090023403625044907e-01
4.408507634945824094e-02 4.100007817634916396e-01
4.453105663447010087e-02 4.110001132925761858e-01
4.497205494610950760e-02 4.120015373241848744e-01
4.531572178275533602e-02 4.130003017837280410e-01
4.577825956184566891e-02 4.140059607936201758e-01
4.612379551939471689e-02 4.150001244292023106e-01
4.658908995995592051e-02 4.160007038803329449e-01
4.702636904747747870e-02 4.170009898993781716e-01
4.743709960420883220e-02 4.180000407824940312e-01
4.785656557889206297e-02 4.190035323173060822e-01
4.827155348915956878e-02 4.200001039110660694e-01
4.866379539499421369e-02 4.210007791000222599e-01
4.905611019254468852e-02 4.220008701488208169e-01
4.955750899002386856e-02 4.230003786838614777e-01
5.013200723194177755e-02 4.240000151018349372e-01
5.059949482360237560e-02 4.250038084903160485e-01
5.107304687369795815e-02 4.260003407228108441e-01
5.151117812815031449e-02 4.270000644547550794e-01
5.199120750360419763e-02 4.280033836657030077e-01
5.238400597671155623e-02 4.290002993417209032e-01
5.281247484490503297e-02 4.300002439203712834e-01
5.327634549984461287e-02 4.310071730392155409e-01
5.379064215167872476e-02 4.320025841846203418e-01
5.420690920223414366e-02 4.330039000151307826e-01
5.471494535958187910e-02 4.340001792797543168e-01
5.525564024603601965e-02 4.350026008065858152e-01
5.575538384326561570e-02 4.360132238085426826e-01
5.615551610011504380e-02 4.370045867690459662e-01
5.660342148979857768e-02 4.380000059063544615e-01
5.708923054380399265e-02 4.390019796611520642e-01
5.748645583642586487e-02 4.400085438993796561e-01
5.795884735116885178e-02 4.410002847488055933e-01
5.843993395722074657e-02 4.420061260773683331e-01
5.889626753992405206e-02 4.430000365414135111e-01
5.935173119573189382e-02 4.440031135507207516e-01
5.981491038798258941e-02 4.450000913633527233e-01
6.032058216496150038e-02 4.460000016391052480e-01
6.085305914471517141e-02 4.470027765990591817e-01
6.138904996644933831e-02 4.480028516868848065e-01
6.169635113093008272e-02 4.490343215790809084e-01
6.225981311830186549e-02 4.500071991464508203e-01
6.281921008980351218e-02 4.510000215145043012e-01
6.330467010607898626e-02 4.520111124909974576e-01
6.377274911178809624e-02 4.530034548521236215e-01
6.425166617242439315e-02 4.540000747401757852e-01
6.478626547427923654e-02 4.550096891655347475e-01
6.530613995963729934e-02 4.560022348026726569e-01
6.574776086924005725e-02 4.570021128885920492e-01
6.629321901604390277e-02 4.580000014857085744e-01
6.677855070195604092e-02 4.590031867364230411e-01
6.728882670130653665e-02 4.600000014913001589e-01
6.786858820072749765e-02 4.610003247566775153e-01
6.841413694880726926e-02 4.620007717660684632e-01
6.896197208333065820e-02 4.630002106351751578e-01
6.950672200236174270e-02 4.640036693090002773e-01
7.011960642010617306e-02 4.650008060303654212e-01
7.069979125524428198e-02 4.660006867635609340e-01
7.124130929578598170e-02 4.670006077012147094e-01
7.172904791586653950e-02 4.680000416640134886e-01
7.226115568951918533e-02 4.690009157826263153e-01
7.277908762205381743e-02 4.700001730002382749e-01
7.308993332032853729e-02 4.710003344661317093e-01
7.363375615262901519e-02 4.720001138651650496e-01
7.433016115737067775e-02 4.730009903853707454e-01
7.496824653504385871e-02 4.740010213421682606e-01
7.561091888085647028e-02 4.750163559502137423e-01
7.596959286052351601e-02 4.760005392338675922e-01
7.655072462031420333e-02 4.770233814708180198e-01
7.708981961202354682e-02 4.780443741362459531e-01
7.761970791735439690e-02 4.790092151833246770e-01
7.821506568494451805e-02 4.800006655549441392e-01
7.875390060722875507e-02 4.810024929936735361e-01
7.923740291020830995e-02 4.820039631324882223e-01
7.981406982477645684e-02 4.830004269162146979e-01
8.031721801049140907e-02 4.840005810328221192e-01
8.084710613966464288e-02 4.850002448012765144e-01
8.134755797598369753e-02 4.860035883413647007e-01
8.189757987443169185e-02 4.870004307562075807e-01
8.247885194883219917e-02 4.880005743680760344e-01
8.305635223695095881e-02 4.890001895091944384e-01
8.357120540927054364e-02 4.900118682498965650e-01
8.400461151559746042e-02 4.910014944508732104e-01
8.453490126236129498e-02 4.920091958284369960e-01
8.513338649121715562e-02 4.930007674547131624e-01
8.559898603283055962e-02 4.940082339737489892e-01
8.618205968772763015e-02 4.950001076469182637e-01
8.679794998762013769e-02 4.960036408898438887e-01
8.735706554218802822e-02 4.970020498532552455e-01
8.799746044202283457e-02 4.980006090917714068e-01
8.859254312759212713e-02 4.990009893624226534e-01
8.905993428172154225e-02 5.000005660518295203e-01
8.980210361034313138e-02 5.010000713774382941e-01
9.046341927270962202e-02 5.020069857401321389e-01
9.114780531079909320e-02 5.030007186405985875e-01
9.183584312277393025e-02 5.040002706419965950e-01
9.256440535839827177e-02 5.050000418315739870e-01
9.308189764497654117e-02 5.060080257412249427e-01
9.347342404601743926e-02 5.070059017750878638e-01
9.410026326878218050e-02 5.080015371326156437e-01
9.478698869937685068e-02 5.090015201215114526e-01
9.538461371994777505e-02 5.100012433611200713e-01
9.609944259115588139e-02 5.110030841987933670e-01
9.668098796800128625e-02 5.120027248603800096e-01
9.735003736233149851e-02 5.130008427336796295e-01
9.784917919647551088e-02 5.140012363419096397e-01
9.856933005098578171e-02 5.150000553140082760e-01
9.921418533604420276e-02 5.160037954630880552e-01
1.000380858650937732e-01 5.170002036004167634e-01
1.007954026886918042e-01 5.180001222177501585e-01
1.014648854738382511e-01 5.190001820042868808e-01
1.022577302181260084e-01 5.200002717397129715e-01
1.028694557165019674e-01 5.210068891114334466e-01
1.035675072813568853e-01 5.220024291453537746e-01
1.042229615974727963e-01 5.230024915129711793e-01
1.048386010080228914e-01 5.240001264590936625e-01
1.055594783317883589e-01 5.250005046021538613e-01
1.061796861754151777e-01 5.260044990713296231e-01
1.068699706648595926e-01 5.270020219719671051e-01
1.075259689015912734e-01 5.280009968790173591e-01
1.080606838207422982e-01 5.290001224417657522e-01
1.087497366440808300e-01 5.301048439128226430e-01
1.091847977513520362e-01 5.310013984008875587e-01
1.096508290090385529e-01 5.320203899304044581e-01
1.103887758308683686e-01 5.330003124336876175e-01
1.111177354665298100e-01 5.340019736925399885e-01
1.118086322805933452e-01 5.350003146781375785e-01
1.122234529861074748e-01 5.360001555383183680e-01
1.128673172465972652e-01 5.370006034832904840e-01
1.136119339884799073e-01 5.380025719122998318e-01
1.142016901797503481e-01 5.390005071155473670e-01
1.147306527673421783e-01 5.400022869095064681e-01
1.154939294682142403e-01 5.410023065162666844e-01
1.161797117287271530e-01 5.420012762283635821e-01
1.168542747619518707e-01 5.430047231858542434e-01
1.173737575180915371e-01 5.440015877686984469e-01
1.180043284331517839e-01 5.450012108088982954e-01
1.186146318393781485e-01 5.460000667094278004e-01
1.192274172190505577e-01 5.470028559226628451e-01
1.198764708620192465e-01 5.480000248391011519e-01
1.205143366703076424e-01 5.490006874200649145e-01
1.212153103785897912e-01 5.500053122838478581e-01
1.218888035997007790e-01 5.510199903843875369e-01
1.224544904228324071e-01 5.520067421074268399e-01
1.230767820806715207e-01 5.530459184852898336e-01
1.236652397210870058e-01 5.540002264417096534e-01
1.242847289420696555e-01 5.550035771831862697e-01
1.249486508476636004e-01 5.560043380740964380e-01
1.256261488120307135e-01 5.570042210546082284e-01
1.262929590922527989e-01 5.580036551249096810e-01
1.269414729866671365e-01 5.590028111432074898e-01
1.276962900217627483e-01 5.600001720496604607e-01
1.283231875926138521e-01 5.610021774889295543e-01
1.290868500252670970e-01 5.620003396544108742e-01
1.298553243103279797e-01 5.630320603544780589e-01
1.304775384910624725e-01 5.640003478616502086e-01
1.310818221427512142e-01 5.650000861991515411e-01
1.315837342493307860e-01 5.660074308217526440e-01
1.322419274843491532e-01 5.670002597078916962e-01
1.330160758762515272e-01 5.680196302045303902e-01
1.336079993362879748e-01 5.690068706342017446e-01
1.342747542113360559e-01 5.700006157248800331e-01
1.348466817297166997e-01 5.710004096550882480e-01
1.354692391537861695e-01 5.720005034345574391e-01
1.362002565513860119e-01 5.730002001712112270e-01
1.368154228121583049e-01 5.740037753946904964e-01
1.373635416075495996e-01 5.750001364622598921e-01
1.382432424147896910e-01 5.760047334556286369e-01
1.388848758270495587e-01 5.770010942509836704e-01
1.394148444134786224e-01 5.780031712888438200e-01
1.401575968371757686e-01 5.790001627576391030e-01
1.409185491280736668e-01 5.800008712149453682e-01
1.416699632296549716e-01 5.810004186986128527e-01
1.424616433604644072e-01 5.820005122124756181e-01
1.432468610909860551e-01 5.830000633858162251e-01
1.439117572175494519e-01 5.840010637338391986e-01
1.444562587478690485e-01 5.850021324821814694e-01
1.451746562382929540e-01 5.860208506547421869e-01
1.458364279332178270e-01 5.870537944382661077e-01
1.465644958537871689e-01 5.880038809079290996e-01
1.472917770369510659e-01 5.890001325977108904e-01
1.477656381084591075e-01 5.900000253617035950e-01
1.484105727417284193e-01 5.910039332220718977e-01
1.491029805526338237e-01 5.920001999835501350e-01
1.496642874096330011e-01 5.930000315077230688e-01
1.504456374961571363e-01 5.940039734429853890e-01
1.510945265514444247e-01 5.950003704639459379e-01
1.516950841018085416e-01 5.960020932536534977e-01
1.522547009065204904e-01 5.970109366855173016e-01
1.528528214868587476e-01 5.980003124429800199e-01
1.536127217171929793e-01 5.990002352082683945e-01
1.543636112570329066e-01 6.000005192369437523e-01
1.550177975494336780e-01 6.010002715113960114e-01
1.557884273783372020e-01 6.020005634409686390e-01
1.565604295889371222e-01 6.030000864750025835e-01
1.572478768758711620e-01 6.040011288234014009e-01
1.577994233122235190e-01 6.050001979725034840e-01
1.586013143092019906e-01 6.060017598690632390e-01
1.592925414133835593e-01 6.070013056450801470e-01
1.598947299943188349e-01 6.080067409629870134e-01
1.605510890131842672e-01 6.090025776626313281e-01
1.612913168178744527e-01 6.100152335902924161e-01
1.619608033943362724e-01 6.110005320648874694e-01
1.627255767555413346e-01 6.120007917344052473e-01
1.633313751386573642e-01 6.130002702618753130e-01
1.640244824694172543e-01 6.140005920169857578e-01
1.646125602667285470e-01 6.150006339805209610e-01
1.652575690434012756e-01 6.160047623340976219e-01
1.659256884714346292e-01 6.170001430245166674e-01
1.665407444813720161e-01 6.180060053668052777e-01
1.671780940903117574e-01 6.190005524346315902e-01
1.678689870893559366e-01 6.200003696555349553e-01
1.685385456222679990e-01 6.210006188424767037e-01
1.693448358524971553e-01 6.220007131004797740e-01
1.699916500913323247e-01 6.230007075440783249e-01
1.706284453251178945e-01 6.240000449369662583e-01
1.713651517026253401e-01 6.250050530019884976e-01
1.720722459243688718e-01 6.260106079120328904e-01
1.727899797480525468e-01 6.270009527625477475e-01
1.733190592045295020e-01 6.280978914562089788e-01
1.739131015752035658e-01 6.290002432307491009e-01
1.747894385260955197e-01 6.300099236474495656e-01
1.755089496539272431e-01 6.310014490605719839e-01
1.762401626366089102e-01 6.320002613086861398e-01
1.769251988139313170e-01 6.330010485700658940e-01
1.775949220983954469e-01 6.340001093346716576e-01
1.782363406104519044e-01 6.350007452374539785e-01
1.790015865553646890e-01 6.360006895672867255e-01
1.796518370187403235e-01 6.370036867086441568e-01
1.800512845961570463e-01 6.380061413498915313e-01
1.807784364441502589e-01 6.390280094477593931e-01
1.814626501310701023e-01 6.400029916829890198e-01
1.823402660740855996e-01 6.410063545176905020e-01
1.827903096611001033e-01 6.420001575578042630e-01
1.834848349279587509e-01 6.430027483028304403e-01
1.843217285548734985e-01 6.440005317974577537e-01
1.851240658373140002e-01 6.450012348314395627e-01
1.859424475919049802e-01 6.460002651666685303e-01
1.867592860196887194e-01 6.471017954779987313e-01
1.874832554679621843e-01 6.480010009562207074e-01
1.881140370579750254e-01 6.490494221517137952e-01
1.886815246329036633e-01 6.500009208018840967e-01
1.893800290745950576e-01 6.510125194750104871e-01
1.901323183820708973e-01 6.520031361818156013e-01
1.908036621986802794e-01 6.530004037145260565e-01
1.915712767223123336e-01 6.540001831162856050e-01
1.922945760571397322e-01 6.550001105826801506e-01
1.931770207444225562e-01 6.560016546444754626e-01
1.939247075920307317e-01 6.570006002678813184e-01
1.946529257578291094e-01 6.580102874781125211e-01
1.954077134636538204e-01 6.590022592234334731e-01
1.959805720372234106e-01 6.600354327095440121e-01
1.967225976562059220e-01 6.610006958116980691e-01
1.974921147302811930e-01 6.621240898010917197e-01
1.981037004377350641e-01 6.630001796324429542e-01
1.990016326780645883e-01 6.640004864169551935e-01
1.997457434917879193e-01 6.650001505166041049e-01
2.006228469154849314e-01 6.660094779097506246e-01
2.013555844745773538e-01 6.670017809138865106e-01
2.022547016127491659e-01 6.680012656345062361e-01
2.031148475555211164e-01 6.690007953897472159e-01
2.039223740811242358e-01 6.700006288888336048e-01
2.046732830163289218e-01 6.710014075015704460e-01
2.054859717548254139e-01 6.720013355841631952e-01
2.062799973561978417e-01 6.730002854955018377e-01
2.070288354965958977e-01 6.740004166835967814e-01
2.078243183847376940e-01 6.750004911863642931e-01
2.086477231881902483e-01 6.760002293521651939e-01
2.094457766407333832e-01 6.770000347063580559e-01
2.103969415822888323e-01 6.780011679097419641e-01
2.112678628192377062e-01 6.790001762204940228e-01
2.121364738629099023e-01 6.800009149620303006e-01
2.129857143489708449e-01 6.810012372801701463e-01
2.137798647448083678e-01 6.820047959519037750e-01
2.147180982457510545e-01 6.830006274304420977e-01
2.155551358601721645e-01 6.840000271053048309e-01
2.163527443533799222e-01 6.850009371295762151e-01
2.172293717449027550e-01 6.860028142094380943e-01
2.180065373575259535e-01 6.870000042439750043e-01
2.190718817255070672e-01 6.880038550885461124e-01
2.199335728131887047e-01 6.890018814765455080e-01
2.207758941362736316e-01 6.900000498494320844e-01
2.215773758388963621e-01 6.910000137976873846e-01
2.224345801074476547e-01 6.920000138437603088e-01
2.233138142110773217e-01 6.930157742589271308e-01
2.241411346536443805e-01 6.940040927188129150e-01
2.251513958692634709e-01 6.950000739196280364e-01
2.259843951887701152e-01 6.960001991578741443e-01
2.268420137483468935e-01 6.970121269351974291e-01
2.278770697136005552e-01 6.980000562745780623e-01
2.285973351240477847e-01 6.990002538148227806e-01
2.295030598026214230e-01 7.000000570398701161e-01
2.305390680340222431e-01 7.010014158699242603e-01
2.315021698035547026e-01 7.020002115358272565e-01
2.324942658546356178e-01 7.030009397863798970e-01
2.334703843443075577e-01 7.040001614063597923e-01
2.345562560782621375e-01 7.050013430609702869e-01
2.357628469222654566e-01 7.060003708316069382e-01
2.367388555476699352e-01 7.070226714979654936e-01
2.374307563973552249e-01 7.080412104711771848e-01
2.384647487657511888e-01 7.090001524158242585e-01
2.394459793787522273e-01 7.100035887571571891e-01
2.403578738190730313e-01 7.110000414091821597e-01
2.412191466059980804e-01 7.120194000654114230e-01
2.422339258939887885e-01 7.130010830647339759e-01
2.431654995406233866e-01 7.140043759537431090e-01
2.441428561489165094e-01 7.150004859587424377e-01
2.451216278980519192e-01 7.160001375006385116e-01
2.462413494862950580e-01 7.170002982855440132e-01
2.472732631723029151e-01 7.180059240316003510e-01
2.480843100916398924e-01 7.190000482154605965e-01
2.490538252945710962e-01 7.200000051491615150e-01
2.500131525904487617e-01 7.210759817482221834e-01
2.508748226660864056e-01 7.220000287864101196e-01
2.520899281994113394e-01 7.230009188478234705e-01
2.531338336771382647e-01 7.240000982242884575e-01
2.541807863553802171e-01 7.250002579940371117e-01
2.553222204346989876e-01 7.260331135844146910e-01
2.563709120682424736e-01 7.270002962554809045e-01
2.575497959843717766e-01 7.280000365194567724e-01
2.584719187175879007e-01 7.290340098071035335e-01
2.594186654074244203e-01 7.300000070065690849e-01
2.604844039604014005e-01 7.310003487595229110e-01
2.616545768142335415e-01 7.320000587899611055e-01
2.625413251428372896e-01 7.330002268520871000e-01
2.636145110210721398e-01 7.340003906550265356e-01
2.649132267133667007e-01 7.350000295693097652e-01
2.660785578934408147e-01 7.360006616311006722e-01
2.672016175708274988e-01 7.370007508880348501e-01
2.683986227878649711e-01 7.380000581334089649e-01
2.697117541917135597e-01 7.390000160293088705e-01
2.709750148109759671e-01 7.400020370020048421e-01
2.724400188214719520e-01 7.410007858522473789e-01
2.736255801961861023e-01 7.420003739745852922e-01
2.749853257972842968e-01 7.430009913192288096e-01
2.762188652117885113e-01 7.440001721308016069e-01
2.775929853490719523e-01 7.450106699373337804e-01
2.790610100799644222e-01 7.460002098472260368e-01
2.803494764150820107e-01 7.470000208833746935e-01
2.815964134440469557e-01 7.480012584879591753e-01
2.829860958300312035e-01 7.490003004022931510e-01
2.843123128822213630e-01 7.500076121434423593e-01
2.856425411589484931e-01 7.510008642999710382e-01
2.871279073845185437e-01 7.520000633840893123e-01
2.883744023967690362e-01 7.530000168581481024e-01
2.897593952811456930e-01 7.540056736058858844e-01
2.908859165064900942e-01 7.550000385017323623e-01
2.922448501635457330e-01 7.560004796827346496e-01
2.935984344696824788e-01 7.570000918483051899e-01
2.949612318184411386e-01 7.580003687575520566e-01
2.963900110197903448e-01 7.590299491661038900e-01
2.977407941266598801e-01 7.600000929097532332e-01
2.990801586210807272e-01 7.610071980627879373e-01
3.005043137025458222e-01 7.620102852856678322e-01
3.020432537031614295e-01 7.630076315158029754e-01
3.032425809465761901e-01 7.640001710240551525e-01
3.044520298124999691e-01 7.650004322242122123e-01
3.058899315409893127e-01 7.660003617877235715e-01
3.074785542518279069e-01 7.670001395162464597e-01
3.087521169941629395e-01 7.680010426871275442e-01
3.104017978354368101e-01 7.690003473564401837e-01
3.117893707684409321e-01 7.700035791150603437e-01
3.132385520726022055e-01 7.710001137840380991e-01
3.148109801999332547e-01 7.720000058550999800e-01
3.162102191662723438e-01 7.730000318604333120e-01
3.177332901345932825e-01 7.740002481934366019e-01
3.192490150913545044e-01 7.750001544923098562e-01
3.209454103239024469e-01 7.760000561444870826e-01
3.223614066379374421e-01 7.770006949417995745e-01
3.238092366828930757e-01 7.780000242470177518e-01
3.255052388382819739e-01 7.790003961393465737e-01
3.271901794059426383e-01 7.800002157531145119e-01
3.286273944354993759e-01 7.810011389831577056e-01
3.302066223785389276e-01 7.820000605506947089e-01
3.319655317535595285e-01 7.830002190841987009e-01
3.335670286048535438e-01 7.840095719868537261e-01
3.352080106221291267e-01 7.850002428486503314e-01
3.365026639414976373e-01 7.860002629586403389e-01
3.383591029625612756e-01 7.870004154007098629e-01
3.398508887822631053e-01 7.880005697597266545e-01
3.417334683824875263e-01 7.890092207456245177e-01
3.434347551772201079e-01 7.900000667699297319e-01
3.450043365348509639e-01 7.910002724428819576e-01
3.465331604456132197e-01 7.920001551322729538e-01
3.482759148977312980e-01 7.930022052544226652e-01
3.501866643854136818e-01 7.940009131929551822e-01
3.521084077727292261e-01 7.950006814983158199e-01
3.539308686814734983e-01 7.960015135889556559e-01
3.556047612273394165e-01 7.970016556912215000e-01
3.571075707740192229e-01 7.980007638759247790e-01
3.585707474710719822e-01 7.990004804987117515e-01
3.600541857300019188e-01 8.000001107776920639e-01
3.619776741442888301e-01 8.010010510478741130e-01
3.637415262814809314e-01 8.020000258573248830e-01
3.655201324415011666e-01 8.030054320656551115e-01
3.675342835222492610e-01 8.040033138208990682e-01
3.693522510897986333e-01 8.050095104900037990e-01
3.714119044430301830e-01 8.060369036937523601e-01
3.732371711300142003e-01 8.070005292451526424e-01
3.753956687086397181e-01 8.080018855163680902e-01
3.773303082747601067e-01 8.090003205354668880e-01
3.792644912696556680e-01 8.100004399180021908e-01
3.810843324621475681e-01 8.110000146785725228e-01
3.826666650923091773e-01 8.120005787952451204e-01
3.846400598023724804e-01 8.130001301761131671e-01
3.863321237712802336e-01 8.140170227811458492e-01
3.879121479952862828e-01 8.150031674495851197e-01
3.897397028228288818e-01 8.160004525405727405e-01
3.917093092719624581e-01 8.170046969232461764e-01
3.939018988915130581e-01 8.180000247939768210e-01
3.957149526606702494e-01 8.190004321986390501e-01
3.977544246417257234e-01 8.200003703656782994e-01
3.997190768831058172e-01 8.210000208709303804e-01
4.018697644499096278e-01 8.220128927128981244e-01
4.040954468727970816e-01 8.230014223830096620e-01
4.059403772641330121e-01 8.240010130541416400e-01
4.076740179039187728e-01 8.250000106075351392e-01
4.097978756891877961e-01 8.260001914536941880e-01
4.118532412988765712e-01 8.270007285123596175e-01
4.137267997277018772e-01 8.280033496483000244e-01
4.157508069848634413e-01 8.290103089170630657e-01
4.175361226028648787e-01 8.300000579749485796e-01
4.196634906577593749e-01 8.310009149626963465e-01
4.221680734070103469e-01 8.320008661757202217e-01
4.242783682134207979e-01 8.330020645267027790e-01
4.265871532372376151e-01 8.340016089655366560e-01
4.284804974217601981e-01 8.350050017666401647e-01
4.306816427235820033e-01 8.360004074985686318e-01
4.326274951973243521e-01 8.370032481299457539e-01
4.345075061071519418e-01 8.380012869419108945e-01
4.367772513465961737e-01 8.390020714815631386e-01
4.387812851139916148e-01 8.400002465313957112e-01
4.406362771156953073e-01 8.410011007153216367e-01
4.428369605940931653e-01 8.420000973852262982e-01
4.448708386231916556e-01 8.430000879490560095e-01
4.471281604484935723e-01 8.440018661948869294e-01
4.493626891087847963e-01 8.450008954843296616e-01
4.518650963902901552e-01 8.460000483337161148e-01
4.540352891041843364e-01 8.470002969863160702e-01
4.564693464809819190e-01 8.480021996902716852e-01
4.585443943474567519e-01 8.490000934124429799e-01
4.604336513342373038e-01 8.500000188241162435e-01
4.629834547641147324e-01 8.510083013243620043e-01
4.658214951821143535e-01 8.520025534892580188e-01
4.684651945831364017e-01 8.530000159486326172e-01
4.708191365156890740e-01 8.540000167670983577e-01
4.736900909987249442e-01 8.550007022117442901e-01
4.766655004994224676e-01 8.560100825366753208e-01
4.793595779428414527e-01 8.570002069796146538e-01
4.827022551228772329e-01 8.580001558527065031e-01
4.857937657726454361e-01 8.590000142627997048e-01
4.887312023820207241e-01 8.600000533626540600e-01
4.915155764448160269e-01 8.610013759420178658e-01
4.943033668094358735e-01 8.620015979742835510e-01
4.971176758013537977e-01 8.630050257654776624e-01
5.003699346685082094e-01 8.640003889960922168e-01
5.032414424191664626e-01 8.650000322054076651e-01
5.061643354324949495e-01 8.660000851731347593e-01
5.091629101436162541e-01 8.670007463768890643e-01
5.120116389709767901e-01 8.680139006186486927e-01
5.146934565627238056e-01 8.690000754867308608e-01
5.177316378580070211e-01 8.700002052758127880e-01
5.206538906433550995e-01 8.710000622323310626e-01
5.236988676000600140e-01 8.720001691799647014e-01
5.267627636872629360e-01 8.730020162811007456e-01
5.296650196082568485e-01 8.740001074681310600e-01
5.321463556532015637e-01 8.750000671351469972e-01
5.348862517292714003e-01 8.760013853663993766e-01
5.381106509536059956e-01 8.770003564533740414e-01
5.409987288456524768e-01 8.780002523842477258e-01
5.445017261599387481e-01 8.790013836240624379e-01
5.478976787693570216e-01 8.800001675909111531e-01
5.518027522345847480e-01 8.810000235964164927e-01
5.553587895071672165e-01 8.820000134341543507e-01
5.587435835738352452e-01 8.830001439654769912e-01
5.620884967580481728e-01 8.840006213434229432e-01
5.648942626644840592e-01 8.850000210670124767e-01
5.679552786316275359e-01 8.860010052657610879e-01
5.718079254738217543e-01 8.870000491037388635e-01
5.751553803166093992e-01 8.880002734295348032e-01
5.785746116014641727e-01 8.890000193561921060e-01
5.815746498900651318e-01 8.900000320807975873e-01
5.852025742831203914e-01 8.910000644933523395e-01
5.885306300852737316e-01 8.920039350171499182e-01
5.922081815372586266e-01 8.930000095673952254e-01
5.956150577678331892e-01 8.940026237342330040e-01
5.992555197336528749e-01 8.950023677115291898e-01
6.030444640759078379e-01 8.960110323562012757e-01
6.069641611792695457e-01 8.970160784253171649e-01
6.107356815972807551e-01 8.980000350693068123e-01
6.146370366118242279e-01 8.990000064296069793e-01
6.190556160834690402e-01 9.000004630820771512e-01
6.239072425163882940e-01 9.010001041302050373e-01
6.285741225607065497e-01 9.020012622047725026e-01
6.330429748302139892e-01 9.030000135991668175e-01
6.377604488328334487e-01 9.040002139769394152e-01
6.418090994509428882e-01 9.050033205631136113e-01
6.464233069917995067e-01 9.060000019842856522e-01
6.503570002261231942e-01 9.070004566825938808e-01
6.550856660037587265e-01 9.080033397129816386e-01
6.597511609893472739e-01 9.090003800470124462e-01
6.639698039280755859e-01 9.100000361504120283e-01
6.687097472219594163e-01 9.110000015474274404e-01
6.735020616040516828e-01 9.120017279133956212e-01
6.783716240259569652e-01 9.130000158115175735e-01
6.835926070560842671e-01 9.140001038906135911e-01
6.888681278145427633e-01 9.150000753017832889e-01
6.949070438679215700e-01 9.160000719872467556e-01
7.001460486482882217e-01 9.170000741311643555e-01
7.052442587225660198e-01 9.180001196748224235e-01
7.108981204076978422e-01 9.190001630725055382e-01
7.171413408636112541e-01 9.200001381771651943e-01
7.228655654774636119e-01 9.210000112098153391e-01
7.291952786167734679e-01 9.220004830359262993e-01
7.353012049181739673e-01 9.230001706804072947e-01
7.417450869860935381e-01 9.240001256495332660e-01
7.491290149439002732e-01 9.250000054468665578e-01
7.564984028010045547e-01 9.260000757442052866e-01
7.642432870683864010e-01 9.270020177544204820e-01
7.713970798009452956e-01 9.280000292210746071e-01
7.782999255491707125e-01 9.290000198854431179e-01
7.859769464515874438e-01 9.300002176948922727e-01
7.929063768856763339e-01 9.310000299964797943e-01
7.999133745624646963e-01 9.320006474064205237e-01
8.071537354647706497e-01 9.330003094072711889e-01
8.153032589248678796e-01 9.340001163878968171e-01
8.219345297092166547e-01 9.350002387921081404e-01
8.292228749967884838e-01 9.360001088901561683e-01
8.363471590529352184e-01 9.370016134407699315e-01
8.437286525790497205e-01 9.380002028623918298e-01
8.502122312287466732e-01 9.390043104461911483e-01
8.564497330203447722e-01 9.400004158474168925e-01
8.629298036518933124e-01 9.410000617338504236e-01
8.702083198512280404e-01 9.420002018777356989e-01
8.775249987583926270e-01 9.430003207152033440e-01
8.853780773566790607e-01 9.440001061577558694e-01
8.934540988609303014e-01 9.450000885344223001e-01
9.016582194830350394e-01 9.460000057830817433e-01
9.101491356526185683e-01 9.470011811731906537e-01
9.184629924992941952e-01 9.480030152996304915e-01
9.278156539606119413e-01 9.490000981911341782e-01
9.369761440247118545e-01 9.500000198882010416e-01
9.460909989281902632e-01 9.510002906541780154e-01
9.552053975328478330e-01 9.520002785416232793e-01
9.634077620833669808e-01 9.530000146886817847e-01
9.716689918556684624e-01 9.540007979096057911e-01
9.804831465859393802e-01 9.550001249207564769e-01
9.885219601473336226e-01 9.560001899524029900e-01
9.963924546066409427e-01 9.570005710925302278e-01
1.004370276406786555e+00 9.580000109172146505e-01
1.011827018481099572e+00 9.590000121051220905e-01
1.018678276117411130e+00 9.600001147573693494e-01
1.025529063831769117e+00 9.610001204673761510e-01
1.032660328161776109e+00 9.620004406578631651e-01
1.040270453789495342e+00 9.630000121642661171e-01
1.048307667973973789e+00 9.640001502082667928e-01
1.057392409470156558e+00 9.650000011214201479e-01
1.067514123409097015e+00 9.660002943505361372e-01
1.078056255807218200e+00 9.670001120188553845e-01
1.089019658992477879e+00 9.680001581676215272e-01
1.098887301449638976e+00 9.690000082586902597e-01
1.109207588126742472e+00 9.700003874630389600e-01
1.118727748128894639e+00 9.710000065556050330e-01
1.128532947680926712e+00 9.720001372514848192e-01
1.138434949612024960e+00 9.730000003124903429e-01
1.148718900757612182e+00 9.740033418321349945e-01
1.158902599102766828e+00 9.750000823936844085e-01
1.169650961443083004e+00 9.760001418240455973e-01
1.182494745936955027e+00 9.770000461969672312e-01
1.197779551082607696e+00 9.780000172871721187e-01
1.213850630486751792e+00 9.790000044837657844e-01
1.233089509391027683e+00 9.800000935194552731e-01
1.254181753825591938e+00 9.810002410764553371e-01
1.274789901458278640e+00 9.820000122503209639e-01
1.297472403632276450e+00 9.830000068839348515e-01
1.322836661631153987e+00 9.840002330793404806e-01
1.349457502339916459e+00 9.850005094705842623e-01
1.378842325820398784e+00 9.860000258699372910e-01
1.411643267594596685e+00 9.870000074419501557e-01
1.448559061159459871e+00 9.880000056818907250e-01
1.485967940428378764e+00 9.890000016630804414e-01
1.530110307004505898e+00 9.900000008403518903e-01
1.579958578143432213e+00 9.910000016477185092e-01
1.641463248110675899e+00 9.920000000050508415e-01
1.715337053616631247e+00 9.930000056009046228e-01
1.795764344950458558e+00 9.940000076367485615e-01
1.883778629953744455e+00 9.950000050055516354e-01
1.980245926763659403e+00 9.960000063296674533e-01
2.106263669500636038e+00 9.970000006232718759e-01
2.313467511794641052e+00 9.980000051025048613e-01
2.633780756963659542e+00 9.990000065258362039e-01
1.486587275750124348e+01 9.999999999993391953e-01
