# Random field Heisenberg chain
# L=14, J=1, Delta=0.3, W=1.5, h_i in [-W,W]
# Integrated spectral function of the Anderson LIOMs I_alpha
# omega I_alpha

0.000000000000000000e+00 1.034090938312539308e-03
0.000000000000000000e+00 2.040751927890831815e-03
0.000000000000000000e+00 3.021058820976614892e-03
0.000000000000000000e+00 4.015108561773983106e-03
0.000000000000000000e+00 5.043540845437372022e-03
0.000000000000000000e+00 6.029226465106455463e-03
0.000000000000000000e+00 7.011680693272018955e-03
0.000000000000000000e+00 8.012218739445600008e-03
0.000000000000000000e+00 9.191428040736205826e-03
0.000000000000000000e+00 1.010754681043607439e-02
0.000000000000000000e+00 1.107066421838611911e-02
0.000000000000000000e+00 1.205345861119751054e-02
0.000000000000000000e+00 1.310593917186812264e-02
0.000000000000000000e+00 1.424586394841284923e-02
0.000000000000000000e+00 1.514022432440515278e-02
0.000000000000000000e+00 1.604760655627736690e-02
0.000000000000000000e+00 1.703820782170317044e-02
0.000000000000000000e+00 1.803979784148823304e-02
0.000000000000000000e+00 1.902414025552251475e-02
0.000000000000000000e+00 2.000806129766616662e-02
0.000000000000000000e+00 2.106719785010024645e-02
0.000000000000000000e+00 2.202353568485939869e-02
0.000000000000000000e+00 2.302223979015491709e-02
0.000000000000000000e+00 2.409735453884997297e-02
0.000000000000000000e+00 2.519647362230933996e-02
0.000000000000000000e+00 2.614295857552519087e-02
0.000000000000000000e+00 2.700126070620813973e-02
0.000000000000000000e+00 2.802364551645331048e-02
0.000000000000000000e+00 2.906666011739704805e-02
0.000000000000000000e+00 3.002008449392505607e-02
0.000000000000000000e+00 3.103468395440255392e-02
0.000000000000000000e+00 3.208916342484427475e-02
0.000000000000000000e+00 3.313149860255571594e-02
0.000000000000000000e+00 3.405433857583423096e-02
0.000000000000000000e+00 3.511742102836527823e-02
0.000000000000000000e+00 3.623739077309359041e-02
0.000000000000000000e+00 3.705918051501887883e-02
0.000000000000000000e+00 3.810992026565717533e-02
0.000000000000000000e+00 3.900866192404041366e-02
0.000000000000000000e+00 4.016311888826100407e-02
0.000000000000000000e+00 4.110529770629724189e-02
0.000000000000000000e+00 4.206625564609335621e-02
0.000000000000000000e+00 4.307248231654695059e-02
0.000000000000000000e+00 4.401866825842888631e-02
0.000000000000000000e+00 4.517020501910109370e-02
0.000000000000000000e+00 4.619314903911841269e-02
0.000000000000000000e+00 4.701157807794783400e-02
0.000000000000000000e+00 4.802760762868089894e-02
0.000000000000000000e+00 4.902138262083798048e-02
0.000000000000000000e+00 5.022322422772780570e-02
0.000000000000000000e+00 5.116405589796049758e-02
0.000000000000000000e+00 5.208457053750023547e-02
0.000000000000000000e+00 5.303526678158194951e-02
0.000000000000000000e+00 5.405715048460540267e-02
0.000000000000000000e+00 5.507709516981315612e-02
0.000000000000000000e+00 5.600611577954762998e-02
0.000000000000000000e+00 5.713913272454652220e-02
0.000000000000000000e+00 5.821026431266271284e-02
0.000000000000000000e+00 5.901409267034388867e-02
0.000000000000000000e+00 6.001462979787071383e-02
0.000000000000000000e+00 6.104944685951830402e-02
0.000000000000000000e+00 6.211199286740315406e-02
0.000000000000000000e+00 6.303632610189750796e-02
0.000000000000000000e+00 6.400662671435738971e-02
0.000000000000000000e+00 6.504825925721177682e-02
0.000000000000000000e+00 6.603446859427374027e-02
0.000000000000000000e+00 6.705932100788424000e-02
0.000000000000000000e+00 6.815799564523267184e-02
0.000000000000000000e+00 6.900332157767015417e-02
0.000000000000000000e+00 7.009123213499422744e-02
0.000000000000000000e+00 7.109807039049767519e-02
0.000000000000000000e+00 7.206182017755852209e-02
0.000000000000000000e+00 7.320802579386326281e-02
0.000000000000000000e+00 7.401581253967333407e-02
0.000000000000000000e+00 7.507991077896064569e-02
0.000000000000000000e+00 7.600195607868172332e-02
0.000000000000000000e+00 7.720465452327010536e-02
0.000000000000000000e+00 7.810913063346855423e-02
0.000000000000000000e+00 7.914841531993306589e-02
0.000000000000000000e+00 8.000379737635032740e-02
0.000000000000000000e+00 8.113569778447168868e-02
0.000000000000000000e+00 8.209885989869217249e-02
0.000000000000000000e+00 8.301134500016975337e-02
0.000000000000000000e+00 8.415800997807476591e-02
0.000000000000000000e+00 8.518216743029442817e-02
0.000000000000000000e+00 8.608853652103698462e-02
0.000000000000000000e+00 8.700779803562189163e-02
0.000000000000000000e+00 8.816831641946909492e-02
0.000000000000000000e+00 8.908189800365003130e-02
0.000000000000000000e+00 9.022617964134818647e-02
0.000000000000000000e+00 9.103421548614977488e-02
0.000000000000000000e+00 9.201590528745519360e-02
0.000000000000000000e+00 9.301936786170718341e-02
0.000000000000000000e+00 9.401800095752411990e-02
0.000000000000000000e+00 9.501045510638109204e-02
0.000000000000000000e+00 9.607597793174094125e-02
0.000000000000000000e+00 9.707767289682543710e-02
0.000000000000000000e+00 9.802588136651371742e-02
0.000000000000000000e+00 9.905154587490139217e-02
0.000000000000000000e+00 1.001764212599547399e-01
0.000000000000000000e+00 1.010276114711701478e-01
0.000000000000000000e+00 1.022418828867362184e-01
0.000000000000000000e+00 1.030820369469908904e-01
0.000000000000000000e+00 1.041637651990246632e-01
0.000000000000000000e+00 1.051477658841731277e-01
0.000000000000000000e+00 1.061357950929393140e-01
0.000000000000000000e+00 1.071230407050838829e-01
0.000000000000000000e+00 1.081480728602979141e-01
0.000000000000000000e+00 1.090960427863128107e-01
0.000000000000000000e+00 1.100557606481405437e-01
0.000000000000000000e+00 1.110489702268660228e-01
0.000000000000000000e+00 1.120359054342105198e-01
0.000000000000000000e+00 1.131323557226326243e-01
0.000000000000000000e+00 1.140980065462571386e-01
0.000000000000000000e+00 1.150998804099658962e-01
0.000000000000000000e+00 1.160711282860921456e-01
0.000000000000000000e+00 1.170382087955265799e-01
0.000000000000000000e+00 1.180845232456625843e-01
0.000000000000000000e+00 1.190522408731668619e-01
0.000000000000000000e+00 1.200980742139829971e-01
0.000000000000000000e+00 1.210410111236987912e-01
0.000000000000000000e+00 1.220317433254803630e-01
0.000000000000000000e+00 1.231278342536800408e-01
0.000000000000000000e+00 1.241016695631123878e-01
0.000000000000000000e+00 1.252747559373147412e-01
0.000000000000000000e+00 1.260531369648216493e-01
0.000000000000000000e+00 1.270058962221211896e-01
0.000000000000000000e+00 1.280997867831927262e-01
0.000000000000000000e+00 1.291535279438844608e-01
0.000000000000000000e+00 1.300191665748921532e-01
0.000000000000000000e+00 1.310295750275331794e-01
0.000000000000000000e+00 1.322803149557074398e-01
0.000000000000000000e+00 1.331537565541791868e-01
0.000000000000000000e+00 1.340267766767830604e-01
0.000000000000000000e+00 1.350152894327888153e-01
0.000000000000000000e+00 1.360472717539138454e-01
0.000000000000000000e+00 1.370009193511015910e-01
0.000000000000000000e+00 1.381866298893668910e-01
0.000000000000000000e+00 1.390692053523875649e-01
0.000000000000000000e+00 1.401069002452439149e-01
0.000000000000000000e+00 1.411027151455533368e-01
0.000000000000000000e+00 1.420521267709923541e-01
0.000000000000000000e+00 1.430715932183350414e-01
0.000000000000000000e+00 1.442155897446233404e-01
0.000000000000000000e+00 1.452155178444204942e-01
0.000000000000000000e+00 1.460913260689119253e-01
0.000000000000000000e+00 1.470475022870359194e-01
0.000000000000000000e+00 1.481361558315323346e-01
0.000000000000000000e+00 1.490050745791705600e-01
0.000000000000000000e+00 1.500089645458221876e-01
0.000000000000000000e+00 1.510179885327549709e-01
0.000000000000000000e+00 1.520213998311123471e-01
0.000000000000000000e+00 1.530900728899649843e-01
0.000000000000000000e+00 1.540320906885894181e-01
0.000000000000000000e+00 1.550312871432281137e-01
0.000000000000000000e+00 1.561345938429397617e-01
0.000000000000000000e+00 1.570979210993258823e-01
0.000000000000000000e+00 1.582470420062929706e-01
0.000000000000000000e+00 1.591037356188123031e-01
0.000000000000000000e+00 1.601375893155105035e-01
0.000000000000000000e+00 1.610355194879006246e-01
0.000000000000000000e+00 1.620745862034646823e-01
0.000000000000000000e+00 1.630300302740335661e-01
0.000000000000000000e+00 1.640815139575951542e-01
0.000000000000000000e+00 1.650375266115835793e-01
0.000000000000000000e+00 1.660624491112599743e-01
0.000000000000000000e+00 1.671283287939644147e-01
0.000000000000000000e+00 1.680128963344051651e-01
0.000000000000000000e+00 1.690209782639927605e-01
0.000000000000000000e+00 1.700753166510962922e-01
0.000000000000000000e+00 1.711490492663670926e-01
0.000000000000000000e+00 1.720741089022873593e-01
0.000000000000000000e+00 1.731999580939249661e-01
0.000000000000000000e+00 1.741099976898281276e-01
0.000000000000000000e+00 1.751228926988200596e-01
0.000000000000000000e+00 1.760404515429871419e-01
0.000000000000000000e+00 1.770544258579039021e-01
0.000000000000000000e+00 1.780769407263796955e-01
0.000000000000000000e+00 1.790320923012417020e-01
0.000000000000000000e+00 1.801450734974691104e-01
0.000000000000000000e+00 1.810433690402424856e-01
0.000000000000000000e+00 1.821901641126270344e-01
0.000000000000000000e+00 1.830567034137243476e-01
0.000000000000000000e+00 1.842055185070798351e-01
0.000000000000000000e+00 1.850134738212407259e-01
0.000000000000000000e+00 1.860364502128493136e-01
0.000000000000000000e+00 1.870513372353828085e-01
0.000000000000000000e+00 1.880211085614774680e-01
0.000000000000000000e+00 1.892190844581059517e-01
0.000000000000000000e+00 1.901221786560160221e-01
0.000000000000000000e+00 1.910558113006484982e-01
0.000000000000000000e+00 1.920026804952200683e-01
0.000000000000000000e+00 1.931027362836472971e-01
0.000000000000000000e+00 1.940280671758529418e-01
0.000000000000000000e+00 1.951078333573748880e-01
0.000000000000000000e+00 1.962041412001176155e-01
0.000000000000000000e+00 1.971420666614150108e-01
0.000000000000000000e+00 1.981029443905098775e-01
0.000000000000000000e+00 1.992781003338537360e-01
0.000000000000000000e+00 2.000415459583916589e-01
0.000000000000000000e+00 2.010915160992336748e-01
0.000000000000000000e+00 2.020490831604656312e-01
0.000000000000000000e+00 2.032229194484655999e-01
0.000000000000000000e+00 2.040036054084309602e-01
0.000000000000000000e+00 2.050159499808169028e-01
0.000000000000000000e+00 2.060711707938612247e-01
0.000000000000000000e+00 2.071559203745304556e-01
0.000000000000000000e+00 2.080140108785366593e-01
0.000000000000000000e+00 2.090353028357814502e-01
0.000000000000000000e+00 2.100318213801178890e-01
0.000000000000000000e+00 2.111277036171770871e-01
0.000000000000000000e+00 2.120020273218090612e-01
0.000000000000000000e+00 2.130704668523157042e-01
0.000000000000000000e+00 2.140251061732750815e-01
0.000000000000000000e+00 2.150881714627557173e-01
0.000000000000000000e+00 2.161696070415940196e-01
0.000000000000000000e+00 2.171096962652070694e-01
0.000000000000000000e+00 2.181484749887569463e-01
0.000000000000000000e+00 2.191187019826642268e-01
0.000000000000000000e+00 2.200766494942022200e-01
0.000000000000000000e+00 2.210842644398415824e-01
0.000000000000000000e+00 2.220607633864304375e-01
0.000000000000000000e+00 2.231343272435882819e-01
0.000000000000000000e+00 2.240234758819842631e-01
0.000000000000000000e+00 2.251448821811674883e-01
0.000000000000000000e+00 2.261969055848385979e-01
0.000000000000000000e+00 2.270769488883096765e-01
0.000000000000000000e+00 2.280218505872171619e-01
0.000000000000000000e+00 2.291355859786892712e-01
0.000000000000000000e+00 2.301345316880339387e-01
0.000000000000000000e+00 2.310999278965487347e-01
0.000000000000000000e+00 2.322638182906385795e-01
0.000000000000000000e+00 2.331349424373778123e-01
0.000000000000000000e+00 2.341213098335432896e-01
0.000000000000000000e+00 2.350549925555884545e-01
0.000000000000000000e+00 2.360188947011330474e-01
0.000000000000000000e+00 2.371019074675768112e-01
0.000000000000000000e+00 2.380263069407316245e-01
0.000000000000000000e+00 2.390742469458086161e-01
0.000000000000000000e+00 2.401862384442599863e-01
0.000000000000000000e+00 2.410718808547679115e-01
0.000000000000000000e+00 2.420065299871128617e-01
0.000000000000000000e+00 2.430236312760437889e-01
0.000000000000000000e+00 2.440013831433536784e-01
0.000000000000000000e+00 2.450475070506754893e-01
0.000000000000000000e+00 2.460511119896923171e-01
0.000000000000000000e+00 2.470007541962607189e-01
0.000000000000000000e+00 2.480502274685213449e-01
0.000000000000000000e+00 2.490013265712332502e-01
0.000000000000000000e+00 2.502001358188249425e-01
0.000000000000000000e+00 2.510675765903683243e-01
0.000000000000000000e+00 2.520378584524489152e-01
0.000000000000000000e+00 2.530046071039626643e-01
0.000000000000000000e+00 2.540315491640242063e-01
0.000000000000000000e+00 2.551715985978420531e-01
0.000000000000000000e+00 2.561370615737303402e-01
0.000000000000000000e+00 2.570154042120924021e-01
0.000000000000000000e+00 2.580096243715190862e-01
0.000000000000000000e+00 2.590471260836780809e-01
0.000000000000000000e+00 2.600680285638098388e-01
0.000000000000000000e+00 2.610015753637091596e-01
0.000000000000000000e+00 2.620115793217449029e-01
0.000000000000000000e+00 2.631150299699084871e-01
0.000000000000000000e+00 2.640250535413753985e-01
0.000000000000000000e+00 2.652692054826116808e-01
0.000000000000000000e+00 2.660244623553987831e-01
0.000000000000000000e+00 2.670687975497260114e-01
0.000000000000000000e+00 2.680432125186460457e-01
0.000000000000000000e+00 2.692035281025508264e-01
0.000000000000000000e+00 2.701218096582347350e-01
0.000000000000000000e+00 2.710143494203525738e-01
0.000000000000000000e+00 2.720039533246071950e-01
0.000000000000000000e+00 2.730477342212835334e-01
0.000000000000000000e+00 2.740704608334187942e-01
0.000000000000000000e+00 2.750342659433685499e-01
0.000000000000000000e+00 2.760363737302925502e-01
0.000000000000000000e+00 2.770084088109873166e-01
0.000000000000000000e+00 2.780437948786470548e-01
0.000000000000000000e+00 2.792591943835274759e-01
0.000000000000000000e+00 2.801870946374466764e-01
0.000000000000000000e+00 2.810710236273389895e-01
0.000000000000000000e+00 2.820867073956091486e-01
0.000000000000000000e+00 2.830102806119274561e-01
0.000000000000000000e+00 2.840414428784073242e-01
0.000000000000000000e+00 2.850507668280300999e-01
0.000000000000000000e+00 2.861428554169325733e-01
0.000000000000000000e+00 2.871522272945417065e-01
0.000000000000000000e+00 2.881562495950346636e-01
0.000000000000000000e+00 2.891613806453170454e-01
0.000000000000000000e+00 2.900332156903522307e-01
0.000000000000000000e+00 2.911048559085728793e-01
0.000000000000000000e+00 2.920676290644992346e-01
0.000000000000000000e+00 2.931804213516090996e-01
0.000000000000000000e+00 2.940733201360559157e-01
0.000000000000000000e+00 2.950382903984463123e-01
3.657290821690306615e-05 2.960633959232774615e-01
1.356609256691898580e-04 2.970134198932505853e-01
1.946803496295224090e-04 2.980149918887742277e-01
2.329291604605820964e-04 2.990422378573379669e-01
2.456137489992293865e-04 3.000050189232514875e-01
2.820137369639319491e-04 3.010136388866466728e-01
3.275498543273691610e-04 3.020157787446716702e-01
3.441320523802637865e-04 3.030760110351027325e-01
3.547482306176519273e-04 3.040460544113316455e-01
3.692746292897203242e-04 3.050178899172070190e-01
4.067662097801960641e-04 3.060030445587088588e-01
4.202469989275092743e-04 3.070358138136500270e-01
4.442139705150838225e-04 3.080192069260876409e-01
4.859535170507189861e-04 3.090627409503243772e-01
5.062104431099445634e-04 3.100133874694954716e-01
5.391044365858910226e-04 3.110884584428629251e-01
5.640666287600737405e-04 3.120113120078747415e-01
6.043224149889780961e-04 3.130208444366514575e-01
6.375645246459171744e-04 3.140111925144021265e-01
6.701694334736441050e-04 3.150024724847922952e-01
6.930853430983929808e-04 3.160701556683312985e-01
7.183832723083316552e-04 3.170197854464561482e-01
7.437062177233499938e-04 3.180282154122293647e-01
7.599494030782194542e-04 3.190004704684912817e-01
7.874922949560048124e-04 3.200441990517597923e-01
8.236748783879699332e-04 3.210725339215446672e-01
8.642656488917488389e-04 3.220414088008767273e-01
9.023123908125374459e-04 3.230196015273222310e-01
9.324782691750854724e-04 3.240176469237066037e-01
9.501921578123351253e-04 3.250848901080587994e-01
9.733812700427613152e-04 3.260830543998545772e-01
1.008404355302361388e-03 3.270052149964950416e-01
1.058464072839437886e-03 3.280045799499380355e-01
1.076636576881284668e-03 3.290420801696156694e-01
1.101893899718819902e-03 3.300105222495253177e-01
1.144921557779454702e-03 3.310003015237709123e-01
1.169015795371208810e-03 3.320021050148361796e-01
1.202408361097639933e-03 3.330076733282985590e-01
1.225293693228768355e-03 3.340060912171509133e-01
1.264317792067481960e-03 3.350274294976965939e-01
1.284251998038499210e-03 3.360208658026802020e-01
1.316503248689482319e-03 3.370387669587616708e-01
1.347429140059919206e-03 3.380491036020594198e-01
1.376981269394117469e-03 3.390946782747922272e-01
1.396202863871209843e-03 3.400206853167471732e-01
1.422242269119577962e-03 3.410104627572427827e-01
1.463462410154603432e-03 3.420191287587015516e-01
1.492805053912360513e-03 3.430324867124652788e-01
1.530877375258032913e-03 3.440128351547568908e-01
1.581174294562170957e-03 3.450016724568253368e-01
1.614164114052574206e-03 3.460209372833516484e-01
1.632662827145914264e-03 3.470524502909487774e-01
1.645908583429167571e-03 3.480040112649955830e-01
1.685990798577341465e-03 3.490062059084421131e-01
1.729372033516085594e-03 3.500548241550635598e-01
1.785208525231896104e-03 3.510204860790178127e-01
1.842750841791751526e-03 3.520335226690070041e-01
1.864138325343045466e-03 3.531028327314091886e-01
1.902057223200248615e-03 3.540768846733345909e-01
1.924857191074269558e-03 3.550370597494867386e-01
1.963934981971338090e-03 3.560025492452400520e-01
2.004927494903885332e-03 3.570248757504179693e-01
2.032578629941994564e-03 3.580351744731854469e-01
2.076559216649842554e-03 3.590042620729843037e-01
2.112304641322948484e-03 3.600039834258478288e-01
2.158617245950900099e-03 3.610121558165234612e-01
2.208037719948374722e-03 3.620014832158592322e-01
2.254017033022748251e-03 3.630189316604338079e-01
2.296289248791882898e-03 3.640086236364031280e-01
2.334814127674444961e-03 3.650421018405284324e-01
2.379299132472922906e-03 3.660117472440763686e-01
2.428139936784208530e-03 3.670166680623106470e-01
2.461714321986718801e-03 3.680011303949416446e-01
2.519163513941435895e-03 3.690830615387208358e-01
2.574016313996008165e-03 3.700132565054080058e-01
2.605160883146107054e-03 3.710172433468672537e-01
2.640775010056550798e-03 3.721305084608023672e-01
2.696520812321134830e-03 3.730644559462784060e-01
2.744458637855107241e-03 3.740011374593453231e-01
2.803887832929286006e-03 3.750005885345267798e-01
2.852188583044812376e-03 3.760078114123834858e-01
2.928623465360047362e-03 3.770261738377083671e-01
2.954008168741140139e-03 3.780192392139025137e-01
2.995226026892727766e-03 3.790124254698815087e-01
3.018720371849470396e-03 3.800049598166819753e-01
3.069186416912554616e-03 3.810006146505904856e-01
3.133927533941420485e-03 3.820051160866931306e-01
3.202321338542146734e-03 3.830162073318496563e-01
3.264145760925485362e-03 3.840068187297289160e-01
3.317959501523137789e-03 3.850349370131372351e-01
3.358770383882436761e-03 3.860009151471058275e-01
3.406262068210708094e-03 3.870537075455064979e-01
3.469918288869777712e-03 3.880048921223705483e-01
3.557347769802987614e-03 3.890100313225546280e-01
3.621341189854909715e-03 3.900036617570742381e-01
3.665294079648884207e-03 3.910195686136213045e-01
3.732009067371588884e-03 3.920422697022768466e-01
3.830917488703899920e-03 3.930005894950281409e-01
3.920996604662274621e-03 3.940424057524977708e-01
3.990080673949236711e-03 3.950037594988862200e-01
4.056684993209325185e-03 3.960122618411237028e-01
4.166116527072703281e-03 3.970107649828039653e-01
4.232080609413602090e-03 3.980002474767737608e-01
4.317494092528573191e-03 3.990025763000389358e-01
4.380771686929296749e-03 4.000010829435860504e-01
4.438599733886050558e-03 4.010029886879936667e-01
4.567946572172632003e-03 4.020071621457139699e-01
4.653343323252734365e-03 4.030167059186572920e-01
4.715762116336286169e-03 4.040079254856564495e-01
4.778182810278641668e-03 4.050054056890486920e-01
4.853715989589613145e-03 4.060492364237007212e-01
4.977203797102536242e-03 4.070162983236290666e-01
5.037481762208750879e-03 4.080392796338526140e-01
5.134817221296383849e-03 4.090014340108028001e-01
5.238021371897438883e-03 4.100292648233622161e-01
5.346480836811551285e-03 4.110009037597174841e-01
5.442297630987580348e-03 4.120116234152863544e-01
5.525499046449056095e-03 4.130037878221321512e-01
5.616546958149726265e-03 4.140247428193410406e-01
5.728028973315257844e-03 4.150032953888301290e-01
5.824264667767725667e-03 4.160074061519260513e-01
5.891908581526550392e-03 4.170533262587675094e-01
5.979086407931655245e-03 4.180021108751468817e-01
6.122569399233501741e-03 4.190647935144707348e-01
6.209897071241643474e-03 4.200013164717876779e-01
6.346060825332733302e-03 4.210020456181179926e-01
6.486089740886935573e-03 4.220094901490474837e-01
6.588475533597426548e-03 4.230023633242442904e-01
6.723946726054474965e-03 4.240022277670815742e-01
6.814184692060631932e-03 4.250434959154479331e-01
6.918874544943720561e-03 4.260010939179465494e-01
7.013594503205489161e-03 4.270692071089917108e-01
7.097301502457131761e-03 4.280061566577477161e-01
7.235925532316885705e-03 4.290044116144737241e-01
7.345956004332077072e-03 4.300008115039093970e-01
7.508967870649252419e-03 4.310201156917475296e-01
7.646814144422364734e-03 4.320026273696934149e-01
7.735070287960943425e-03 4.330133298625553073e-01
7.824520081081476341e-03 4.340053303426604780e-01
7.942895188861598399e-03 4.350023594768285817e-01
8.083007840990030779e-03 4.360034123598470202e-01
8.202139042241540778e-03 4.370084618750175731e-01
8.283116563023218415e-03 4.380060826477369940e-01
8.438080082340704280e-03 4.390003024456868852e-01
8.563299589571249371e-03 4.400001397811948989e-01
8.686449693742215317e-03 4.410043255267260820e-01
8.811435492736663377e-03 4.420007865034131234e-01
8.894239965838712791e-03 4.430127811235827773e-01
9.051334417139234034e-03 4.440105220775251160e-01
9.146024274393704800e-03 4.450107292426642158e-01
9.298289003661253105e-03 4.460060312242033476e-01
9.454867321329274432e-03 4.470007047407760226e-01
9.595681211689743861e-03 4.480007066077044131e-01
9.742552172200102945e-03 4.491108125019451780e-01
9.831841096272775360e-03 4.500028800649306104e-01
9.984982767540895310e-03 4.510004132729587001e-01
1.013743102868103207e-02 4.520282127017815621e-01
1.030536631673295567e-02 4.530002810563450444e-01
1.043677077322957558e-02 4.540000015267949829e-01
1.057895848808376726e-02 4.550035186134369081e-01
1.081270543786105875e-02 4.560251705829883040e-01
1.099075575456420761e-02 4.570566096051452143e-01
1.110618071435509613e-02 4.580637634139340664e-01
1.125914369798119985e-02 4.590025506492102503e-01
1.139764998651049410e-02 4.600008421890752763e-01
1.163415343431650761e-02 4.610039528405259768e-01
1.182368622650153966e-02 4.620017745359255579e-01
1.203139541048980909e-02 4.630176390855345048e-01
1.210782672686705475e-02 4.640089727996723479e-01
1.227633367200953174e-02 4.650020469521720656e-01
1.246931987495480953e-02 4.660032871626774709e-01
1.262476513909138731e-02 4.670151390860523000e-01
1.279518253002676076e-02 4.680018084553438928e-01
1.295041499594729029e-02 4.690025089418463633e-01
1.308996852966071156e-02 4.700280423453797596e-01
1.326614872040066118e-02 4.710207296964141754e-01
1.343375147792080782e-02 4.720063674645939011e-01
1.366053923347099186e-02 4.730006997125403845e-01
1.386788880166589522e-02 4.740512823991697711e-01
1.408315052164299530e-02 4.750688210184342286e-01
1.428347058350887266e-02 4.760029423292670425e-01
1.452149781044109744e-02 4.770173720367790193e-01
1.481853716499692553e-02 4.780005837888370857e-01
1.497129420205833839e-02 4.790020145542611685e-01
1.522182294862206575e-02 4.800044342877703429e-01
1.544414325670989685e-02 4.810003853958245146e-01
1.573554841616831013e-02 4.820012431688344701e-01
1.593288132605241714e-02 4.830000897738123133e-01
1.621517905964875439e-02 4.840005889823829621e-01
1.641625083782916050e-02 4.850175581905606381e-01
1.663348243593854026e-02 4.860000073998838599e-01
1.690180455440515317e-02 4.870004255349666411e-01
1.711897336043843865e-02 4.880012068142295933e-01
1.736265486894494892e-02 4.890039823100060246e-01
1.764940488951605158e-02 4.900014636267893686e-01
1.785478775088322756e-02 4.910130212388070237e-01
1.797176499617858525e-02 4.920024004107727000e-01
1.825914963402353042e-02 4.930052960686277519e-01
1.842456220562116442e-02 4.940058717643519559e-01
1.870962278993548722e-02 4.950084414960221890e-01
1.894883710950612254e-02 4.960653099326146620e-01
1.919446189559037563e-02 4.970017064747010993e-01
1.953749334608650967e-02 4.980009772009092450e-01
1.988596649487248125e-02 4.990013038294566772e-01
2.016782126972316291e-02 5.000075232821584725e-01
2.034821975715052356e-02 5.010117421724014086e-01
2.058176674692058228e-02 5.020059248095263271e-01
2.077372498590641936e-02 5.030035199617022279e-01
2.112746759686423559e-02 5.040084389316039637e-01
2.136782776449663857e-02 5.050092214375712096e-01
2.178100717401157405e-02 5.060154758092644256e-01
2.200032358080639128e-02 5.070033356042973338e-01
2.228828055873588454e-02 5.080918583949294298e-01
2.252218799091965096e-02 5.090033580364530241e-01
2.279472293031076235e-02 5.100009419792294052e-01
2.308178444532105189e-02 5.110086080517144413e-01
2.336543753760089714e-02 5.120002863149359928e-01
2.368104304115742353e-02 5.130003721470324241e-01
2.395936737205894840e-02 5.140008501360484594e-01
2.426539111033365614e-02 5.150234351714590986e-01
2.463799676587208332e-02 5.160558802137433787e-01
2.502693273872899637e-02 5.170012251142717119e-01
2.531101198295049315e-02 5.180002922224694606e-01
2.568490880117990649e-02 5.190067610694419908e-01
2.585817956283001373e-02 5.200023716785536765e-01
2.613903556994046085e-02 5.210004237417837913e-01
2.644846518163079807e-02 5.220003586439139198e-01
2.676559053565252810e-02 5.230029114946996849e-01
2.698447121282310235e-02 5.240087636603023569e-01
2.734275846031009038e-02 5.250001483312298767e-01
2.771380698933609277e-02 5.260107560395748116e-01
2.803656005613541780e-02 5.270229941159209064e-01
2.836807404488039808e-02 5.280009085352374010e-01
2.864535547180246944e-02 5.290003887732811494e-01
2.890168867822739962e-02 5.300016873488133662e-01
2.934186900513213736e-02 5.310016511121875560e-01
2.972828441557417989e-02 5.320155897167107018e-01
3.004437480297017515e-02 5.330023775577816814e-01
3.035305107039087957e-02 5.340018928111278651e-01
3.077199282124620794e-02 5.350299694510648463e-01
3.130742244111850425e-02 5.360271841514081537e-01
3.166305830804816424e-02 5.370067619502785217e-01
3.200538041089195929e-02 5.380002772893339724e-01
3.229266669204244877e-02 5.390022547692883137e-01
3.268991189921099938e-02 5.400018277037935688e-01
3.305231268245112375e-02 5.410020936807200531e-01
3.344955608686728254e-02 5.420000895850627387e-01
3.385306526056364174e-02 5.430390312562837218e-01
3.421938080193864806e-02 5.440266351395588451e-01
3.472594110046989258e-02 5.450021105612434802e-01
3.513018076142593316e-02 5.460041544136291503e-01
3.560372011675028148e-02 5.470376231650653231e-01
3.596017275747431796e-02 5.480064971505007598e-01
3.618851727887717473e-02 5.490030661824391034e-01
3.659116163382014619e-02 5.500003435009848118e-01
3.693943740221541927e-02 5.510000553098256537e-01
3.733716810699111432e-02 5.520024724793777260e-01
3.764242983380050589e-02 5.530310411863398334e-01
3.797275766684782283e-02 5.540182912313036390e-01
3.858015707930606553e-02 5.550020136372437740e-01
3.902664120491650124e-02 5.560084016239206228e-01
3.943573596017957428e-02 5.570004613153181072e-01
4.002965125668356272e-02 5.580009535475187743e-01
4.038126534167663095e-02 5.590154655491845759e-01
4.068978927813504676e-02 5.600001985744300637e-01
4.093882332846399130e-02 5.610000309686893338e-01
4.121477046706778502e-02 5.620352375998549643e-01
4.157460203648644104e-02 5.630168317926416144e-01
4.206040972650504361e-02 5.640032776465582209e-01
4.244969315883606598e-02 5.650230718804931662e-01
4.286283990011119371e-02 5.660001964343932546e-01
4.334670450426436616e-02 5.670024965809807860e-01
4.353628228742634221e-02 5.680238159629982242e-01
4.403340706653979808e-02 5.690020713745196357e-01
4.452960353384449732e-02 5.700509473061857735e-01
4.512914289672620427e-02 5.710126423376381544e-01
4.568733857688389577e-02 5.720040599891071942e-01
4.615031988456530510e-02 5.730001913340392328e-01
4.641903167841562872e-02 5.740002335362769381e-01
4.685699584459768197e-02 5.750001455495116209e-01
4.740894127958039661e-02 5.760076117437800125e-01
4.789510720326806137e-02 5.770004477061630999e-01
4.842668488554835449e-02 5.780398746472485971e-01
4.893093876409260190e-02 5.790035416648517952e-01
4.939687563484063126e-02 5.800058910260768030e-01
4.988709502720345412e-02 5.810081198929248902e-01
5.037163835250274557e-02 5.820102142521246247e-01
5.087329906875726060e-02 5.830009226730663574e-01
5.138746043586536749e-02 5.840003209767231640e-01
5.196941156116330340e-02 5.850000959810710555e-01
5.238522117653854338e-02 5.860005496605388275e-01
5.277667944146369194e-02 5.871031735555409803e-01
5.320012291731623932e-02 5.880035293736940449e-01
5.379111307283457322e-02 5.890038945407460869e-01
5.437549110362027704e-02 5.900000579874971063e-01
5.481464250810332006e-02 5.910002526712532234e-01
5.535549651200000199e-02 5.920049660794639568e-01
5.595114933220934894e-02 5.930035276051466298e-01
5.663558097508358813e-02 5.940123825758332199e-01
5.715100328139399721e-02 5.950055932457358754e-01
5.781500909634162966e-02 5.960000441511947855e-01
5.839496431620627703e-02 5.970033325766026522e-01
5.898755407866773659e-02 5.980011157853636350e-01
5.956449230742244527e-02 5.990066827307776176e-01
6.013989697409760637e-02 6.000079162772929964e-01
6.062228134362213083e-02 6.010092426649557007e-01
6.117195429925426087e-02 6.020000980842754590e-01
6.165346154537454382e-02 6.030002635089357632e-01
6.224679170679570106e-02 6.040001741155712756e-01
6.258505863145469306e-02 6.050015453008551480e-01
6.334695514250432424e-02 6.060001212158094841e-01
6.385282317550899922e-02 6.070018998133461796e-01
6.456723280239395901e-02 6.080003477644168042e-01
6.529514834428473691e-02 6.090043183522968473e-01
6.594736409427337520e-02 6.100085694399600689e-01
6.651011416265451004e-02 6.110243799826906574e-01
6.700854148470436478e-02 6.120782205988639646e-01
6.740316054001316282e-02 6.130011586405000878e-01
6.807013944717255072e-02 6.140000708598588597e-01
6.873578322378404160e-02 6.150000041290059061e-01
6.939234258709259251e-02 6.160195735258370275e-01
6.980976114349513040e-02 6.170051513375892638e-01
7.039389070361123935e-02 6.180004300647763404e-01
7.081106301121709024e-02 6.190009532924264368e-01
7.159831265959226698e-02 6.200077978626249431e-01
7.223405734087728902e-02 6.210020986330512249e-01
7.289152197312898096e-02 6.220018519486244513e-01
7.348365365576248198e-02 6.230017479922719259e-01
7.402839772043545707e-02 6.240060940512226484e-01
7.435614218702912837e-02 6.250000234255833620e-01
7.493782172038931932e-02 6.260003720048948894e-01
7.556317464775297310e-02 6.270042896381506914e-01
7.590697866850115716e-02 6.280015543013003354e-01
7.653137459320946689e-02 6.290015751128112953e-01
7.724834263601243478e-02 6.300012141798014831e-01
7.783587137594683014e-02 6.310018249398186008e-01
7.854387336363699568e-02 6.320023816420841101e-01
7.906622003886276673e-02 6.330040604691120620e-01
7.956726567453684118e-02 6.340000394473895851e-01
8.013713368774255663e-02 6.350102712767349278e-01
8.062576964570944416e-02 6.360001262542559486e-01
8.107597735006061290e-02 6.370011922591500841e-01
8.146149870348518007e-02 6.380198893666411131e-01
8.182461212059033429e-02 6.390447904687709402e-01
8.237691857062690026e-02 6.400000690725977659e-01
8.318551333018620042e-02 6.410017122760741648e-01
8.371183912759638801e-02 6.420005720045474096e-01
8.426004897536820692e-02 6.430402924421584343e-01
8.479052924846008921e-02 6.440046932765624010e-01
8.514835999347214468e-02 6.450002023096261805e-01
8.566486452607602331e-02 6.460238983144188651e-01
8.634263179794476883e-02 6.470004952208318061e-01
8.661669233163833692e-02 6.480011852731506483e-01
8.699241519145917145e-02 6.490040898769477984e-01
8.747588770629777244e-02 6.500472711165816708e-01
8.804113341606567555e-02 6.510013748448861826e-01
8.841338253333674846e-02 6.520011073734290896e-01
8.887582349060219045e-02 6.530033466099862682e-01
8.938874358934079112e-02 6.540212295313072577e-01
8.998868411291782721e-02 6.550046949137899865e-01
9.036679091592070279e-02 6.560001309764824651e-01
9.073542307300641596e-02 6.570008284273658461e-01
9.116953299860242055e-02 6.580016175736059791e-01
9.172069571613095107e-02 6.590079974155876874e-01
9.248855117513576918e-02 6.600042594412062202e-01
9.286757076100626840e-02 6.610195902284138336e-01
9.338081889598059959e-02 6.620140568215550081e-01
9.397193551019578095e-02 6.630002720201600974e-01
9.453157423998348463e-02 6.640989808858933641e-01
9.504992562043090842e-02 6.650009454794302277e-01
9.543532434849266721e-02 6.660150124307172570e-01
9.599270421702321698e-02 6.670196753135265721e-01
9.673329725278501101e-02 6.680075765729750481e-01
9.732986931550802190e-02 6.690180718081445432e-01
9.771640927265889953e-02 6.700007901736261262e-01
9.809813689658586355e-02 6.710553860115157088e-01
9.851465784460866626e-02 6.720007303910183749e-01
9.892761340205780130e-02 6.730001649680579234e-01
9.929663381346198747e-02 6.740005800945630954e-01
9.991233498862639451e-02 6.750000312836325067e-01
1.003954569853229284e-01 6.760240306289094780e-01
1.007337852003172829e-01 6.770044305286386788e-01
1.010796062956265118e-01 6.780030645946043544e-01
1.015010962946492623e-01 6.790057479494492343e-01
1.019542609110102305e-01 6.800000657026835649e-01
1.024413620048172380e-01 6.810018685502289282e-01
1.030844040666888395e-01 6.820008954969201120e-01
1.037038884959540219e-01 6.830014412220176689e-01
1.041203365384761881e-01 6.840516249015049510e-01
1.044366491723880408e-01 6.850162471806992004e-01
1.048988711980356481e-01 6.860125585637802947e-01
1.053475556631018328e-01 6.870000949193492135e-01
1.057306173277381411e-01 6.880014349105764149e-01
1.061184402184984776e-01 6.890024936697082270e-01
1.065582537555584963e-01 6.901367917461356249e-01
1.067907382603490163e-01 6.910845656282390559e-01
1.072490839600233059e-01 6.920001617600469723e-01
1.076581033322669967e-01 6.930487131203854068e-01
1.081638597583429728e-01 6.940151703326183918e-01
1.084853662507687666e-01 6.950550396817843923e-01
1.088026141882512121e-01 6.960005871340743111e-01
1.091872412711970552e-01 6.970006169651385974e-01
1.094997695417708750e-01 6.980279690863345765e-01
1.099795883258682938e-01 6.990004229870515617e-01
1.103032263061507479e-01 7.000001695908203425e-01
1.107818631500061546e-01 7.010350313314417381e-01
1.111745568394724160e-01 7.020032867340734173e-01
1.118002824958392871e-01 7.030030876106311277e-01
1.123733829523900773e-01 7.040001589188514819e-01
1.128642322674510007e-01 7.050001633578338867e-01
1.132371888061140530e-01 7.060000296298184486e-01
1.137411322294523686e-01 7.070039639481989768e-01
1.141996442607316475e-01 7.080040068613173698e-01
1.145787588701279169e-01 7.090303001689145512e-01
1.151007926094642642e-01 7.100240058706234203e-01
1.154047293579791855e-01 7.110366023589513862e-01
1.157923639816000883e-01 7.120175537799640075e-01
1.163297340600220053e-01 7.130034050345380736e-01
1.168448089693003844e-01 7.140205270569979223e-01
1.173034662950138696e-01 7.150008030926565672e-01
1.177053028750045804e-01 7.160090345018874647e-01
1.182035237166612074e-01 7.170003443366691487e-01
1.185893050968873930e-01 7.180007883259529322e-01
1.189954064779417120e-01 7.190274815120069052e-01
1.193730160331076817e-01 7.200017585291965672e-01
1.199188098499481825e-01 7.210007573577350559e-01
1.204202568480887692e-01 7.220645747315649343e-01
1.210347865202017204e-01 7.230064185521344333e-01
1.216093097681356927e-01 7.240022158803783858e-01
1.219378297203184136e-01 7.250234814114985271e-01
1.225170567095003049e-01 7.260007708857048048e-01
1.232389775739421989e-01 7.270086423314584545e-01
1.238663343466361866e-01 7.280045684830812602e-01
1.242544139560788352e-01 7.290001780574041357e-01
1.249737937124622000e-01 7.300162694751417547e-01
1.254909984998588968e-01 7.310132975083650786e-01
1.261359863430834283e-01 7.320000558893996478e-01
1.265825553976636098e-01 7.330004978832106444e-01
1.271234535605927363e-01 7.340016030656303370e-01
1.275210958993846511e-01 7.350049336508616138e-01
1.282038154947626185e-01 7.360007780768930141e-01
1.289051486656866974e-01 7.370160311864438762e-01
1.294400728382485433e-01 7.380328760047812908e-01
1.300962957006142617e-01 7.390006960956164717e-01
1.308023320595175232e-01 7.400005054913054714e-01
1.313893456964843054e-01 7.410086854584575500e-01
1.320548103030224352e-01 7.420015921369272904e-01
1.326090739826915055e-01 7.430779836906858948e-01
1.330952844375566935e-01 7.440005369829779669e-01
1.338669435401069752e-01 7.450107180243066285e-01
1.345522672157801747e-01 7.460011670659972838e-01
1.351815043137949424e-01 7.470223036124773452e-01
1.360362337772325070e-01 7.480142713874301519e-01
1.366677286491193577e-01 7.490258681191956924e-01
1.373242194138775130e-01 7.500082907155590783e-01
1.378904419417439353e-01 7.510017317973342044e-01
1.386012428953912190e-01 7.520118996104242504e-01
1.394411267956223721e-01 7.530038302135205752e-01
1.402396778457326576e-01 7.540022435966523551e-01
1.410646180454713239e-01 7.550000939956594825e-01
1.418013080363615952e-01 7.560002419200787527e-01
1.427423358236707962e-01 7.570009174565980326e-01
1.435464348236008547e-01 7.580027862506751868e-01
1.444174175925199144e-01 7.590000209239567974e-01
1.452511282297910822e-01 7.600030465077073361e-01
1.459646444771727225e-01 7.610009293998404312e-01
1.465023757763088685e-01 7.620361414097797104e-01
1.471521568452325290e-01 7.631011663966776881e-01
1.477988028678207666e-01 7.640741914748384600e-01
1.484293689650980630e-01 7.650004902610824109e-01
1.493961939171024600e-01 7.660001975431435239e-01
1.498773506857667137e-01 7.670006137715955630e-01
1.506052813810506430e-01 7.680002156414423853e-01
1.512794385233624528e-01 7.690019189132988320e-01
1.518681962574014443e-01 7.700004104779550884e-01
1.523799358210893296e-01 7.710026427802538773e-01
1.529827247737243212e-01 7.720129815189481493e-01
1.536383148135804788e-01 7.730424138942140200e-01
1.541555444169859790e-01 7.740008078200720787e-01
1.549673180308859255e-01 7.750018268922025388e-01
1.558930955829880283e-01 7.760000608065172889e-01
1.567809675285922744e-01 7.770000119146854844e-01
1.574974625066766221e-01 7.780000942252983664e-01
1.583702218156577413e-01 7.790001520539889812e-01
1.590484318598783808e-01 7.800012596528828057e-01
1.597029755617001001e-01 7.810211813533872727e-01
1.603011768812998561e-01 7.820001523935954379e-01
1.609462929751122040e-01 7.830008203661819044e-01
1.617096524828722792e-01 7.840015533796392821e-01
1.624713862509891138e-01 7.850008616453730825e-01
1.628833032765257260e-01 7.860001733806024626e-01
1.636774433270691276e-01 7.870017174777006463e-01
1.643634672382674466e-01 7.880119105712374283e-01
1.650458752349037717e-01 7.890028267394394446e-01
1.659362437013607305e-01 7.900147609457731646e-01
1.672394445181044631e-01 7.910088067155908176e-01
1.680227264257994069e-01 7.920003171018216159e-01
1.688804442343596612e-01 7.930625181045763972e-01
1.695087351238959705e-01 7.940061689737804018e-01
1.704674497430129776e-01 7.950002834044688216e-01
1.710452090450168550e-01 7.960026334129894909e-01
1.716121578186516894e-01 7.970073499726587629e-01
1.725289860311356449e-01 7.980234546377610316e-01
1.733713647438874794e-01 7.990066595209283085e-01
1.739628588726951641e-01 8.000000322675235864e-01
1.746626311463138626e-01 8.010009805527499305e-01
1.756232945532585354e-01 8.020022966903922468e-01
1.762493681372903076e-01 8.030192943880668510e-01
1.772435099508733458e-01 8.040000446240312959e-01
1.778670759662335232e-01 8.050187701179475352e-01
1.785987513830473716e-01 8.060045310505078442e-01
1.794969791036231666e-01 8.070001280752269190e-01
1.802435533022335168e-01 8.080001490760490013e-01
1.811458071663464287e-01 8.090000049721252084e-01
1.819412581967112530e-01 8.100000419994677348e-01
1.826896521570540166e-01 8.110011701168069465e-01
1.834380935189403594e-01 8.120010560703957436e-01
1.843502088352924062e-01 8.130012466673148808e-01
1.850102444492895959e-01 8.140021993495505370e-01
1.857939570217914671e-01 8.150069448970407304e-01
1.867601721880067789e-01 8.160018940075772775e-01
1.877713777752367807e-01 8.170042794733409774e-01
1.887894550793662862e-01 8.180000462344285683e-01
1.898967201181044340e-01 8.190004596863436070e-01
1.908757914324716864e-01 8.200051762529596555e-01
1.919311311300275769e-01 8.210014354125132474e-01
1.932265873081839835e-01 8.220089628006748139e-01
1.942656291895337173e-01 8.230016391551790989e-01
1.956910223777983404e-01 8.240005251992321700e-01
1.969477339637499824e-01 8.250028722584920038e-01
1.982127664672428402e-01 8.260001847103077832e-01
1.993006225106232210e-01 8.270058125603121368e-01
2.003048217077747495e-01 8.280093997893942515e-01
2.010146189496815339e-01 8.290037260754705706e-01
2.020129561290209264e-01 8.300287409857005638e-01
2.029565394188275196e-01 8.310437384276607720e-01
2.039921036131713272e-01 8.320000757624361754e-01
2.049693246934307655e-01 8.330000501989720529e-01
2.055660345596958261e-01 8.340045313278541261e-01
2.064978538057195279e-01 8.350004822199053045e-01
2.076454028594079126e-01 8.360034791840719182e-01
2.088562744647595171e-01 8.370010745050183720e-01
2.098993035524994999e-01 8.380041443741623741e-01
2.110995644310693642e-01 8.390231014661220232e-01
2.121872659335544142e-01 8.400184528475016510e-01
2.134366622917520662e-01 8.410000731193210122e-01
2.146053264904965729e-01 8.420000054424321423e-01
2.156007370668794332e-01 8.430013496505242010e-01
2.170965860531934855e-01 8.440000556103831597e-01
2.182647235155239507e-01 8.450399383772099204e-01
2.195816479356220707e-01 8.460006813076258458e-01
2.206096353356081785e-01 8.470331139988755975e-01
2.217037470664453558e-01 8.480001535900475451e-01
2.228195110122923595e-01 8.490263924201645329e-01
2.242251699685113842e-01 8.500229211049126210e-01
2.257107160755676412e-01 8.510023410922089582e-01
2.266606917040512315e-01 8.520055977043580198e-01
2.282055213888400935e-01 8.530037702023841595e-01
2.294741272203029148e-01 8.540000193727401712e-01
2.309974911476471160e-01 8.550001182062022531e-01
2.319682433396622612e-01 8.560017221577073121e-01
2.335916287089823407e-01 8.570001968835921913e-01
2.348046331197619629e-01 8.580089652490480168e-01
2.355292616733044575e-01 8.590105392221089042e-01
2.365910764014564904e-01 8.600020973542984448e-01
2.379006464128523568e-01 8.610137707599057055e-01
2.391624605144664351e-01 8.620018015399765199e-01
2.404007112763049125e-01 8.630055117550056165e-01
2.419171028268667367e-01 8.640000772244934568e-01
2.434993818064095095e-01 8.650000047930096470e-01
2.447301679696083365e-01 8.660022693441911112e-01
2.463416436749867877e-01 8.670082574151133370e-01
2.475167094766228537e-01 8.680002380167288756e-01
2.488924311077294060e-01 8.690040327591773694e-01
2.500159395095837844e-01 8.700007641758920052e-01
2.515694352927417832e-01 8.710005022646495343e-01
2.531473246573008318e-01 8.720022093041669420e-01
2.540753722522239855e-01 8.730044168319296416e-01
2.549369841860027464e-01 8.740009595280597843e-01
2.563042857291337739e-01 8.750530811173459211e-01
2.575080685990327467e-01 8.760007598267351980e-01
2.587788406147055742e-01 8.770175787369905995e-01
2.604054141416929369e-01 8.780018112349828874e-01
2.619272406503014849e-01 8.790006143919254500e-01
2.633042742896782862e-01 8.800003345404920907e-01
2.646496605998260865e-01 8.810005898669712732e-01
2.662508011512196848e-01 8.820000216740100374e-01
2.673368810201752765e-01 8.830015882304789177e-01
2.685809359551556419e-01 8.840256578627522233e-01
2.698160617862004340e-01 8.850012406913393415e-01
2.715087533588540492e-01 8.860004371173907378e-01
2.723281945980620122e-01 8.870090351003255824e-01
2.737745722093702927e-01 8.880005590725684739e-01
2.753856324406072087e-01 8.890096540688342541e-01
2.765042235706012264e-01 8.900133169415050949e-01
2.782333094290861397e-01 8.910002929411581230e-01
2.800495482376601508e-01 8.920000109952938017e-01
2.817132362586720618e-01 8.930000299222310423e-01
2.835860162080052760e-01 8.940218020786973030e-01
2.855458883665118464e-01 8.950029119800775312e-01
2.868399687962781552e-01 8.960002517647234210e-01
2.883672784429200942e-01 8.970007697460256058e-01
2.897035500708939892e-01 8.980000308457770641e-01
2.915942349603044548e-01 8.990004207883307563e-01
2.930648768832173623e-01 9.000001854770450782e-01
2.949143355744578976e-01 9.010000351959287501e-01
2.971961050254817160e-01 9.020510481341752484e-01
2.984481551771518415e-01 9.030252089110217817e-01
3.003258258847836815e-01 9.040000382373211130e-01
3.016088615259189254e-01 9.050184348436152160e-01
3.034682741893828251e-01 9.060074364657816348e-01
3.059225968162850862e-01 9.070286454641162122e-01
3.080431417534756910e-01 9.080010329518490853e-01
3.102886107002458260e-01 9.090010194864226456e-01
3.127665054958455038e-01 9.100000014477283017e-01
3.149856071847949579e-01 9.110122661240531716e-01
3.170773330270053592e-01 9.120029563386503613e-01
3.186900497070774829e-01 9.130013712944512472e-01
3.208703913257688889e-01 9.140008935293360004e-01
3.230522064693420736e-01 9.150000050224400550e-01
3.257574248403364847e-01 9.160056105209166688e-01
3.287207880191691522e-01 9.170005193465626814e-01
3.312423074180372851e-01 9.180116304152358131e-01
3.336891867368519948e-01 9.190000539839844329e-01
3.356246859844258523e-01 9.200002790219785620e-01
3.377425134771616655e-01 9.210001464150217032e-01
3.405600836006372201e-01 9.220083812416760560e-01
3.425060502735570167e-01 9.230002550239776449e-01
3.451469237801475520e-01 9.240025746205566826e-01
3.481559794778432693e-01 9.250093735472210144e-01
3.509102678377269413e-01 9.260045188718790676e-01
3.537169776767226104e-01 9.270008362914001765e-01
3.567324155034894417e-01 9.280001008357794401e-01
3.598705911851813877e-01 9.290000530904092280e-01
3.623503450396396985e-01 9.300000958904219850e-01
3.651480370136457321e-01 9.310004749612637021e-01
3.680856190332993938e-01 9.320012778700732525e-01
3.723399329641923217e-01 9.330005467464927982e-01
3.758486406510529454e-01 9.340004631199043672e-01
3.803250330332141882e-01 9.350021098144535303e-01
3.850117720165787683e-01 9.360012284458257836e-01
3.882544848188520525e-01 9.370014420027692470e-01
3.918236689248486559e-01 9.380071633472677473e-01
3.952049684172005417e-01 9.390000331009247247e-01
3.981195123766259059e-01 9.400009093090271328e-01
4.020397477490441074e-01 9.410016419867055504e-01
4.056150662287103525e-01 9.420009054834814766e-01
4.081109390809420923e-01 9.430000472311842463e-01
4.119289321361097045e-01 9.440005328679239582e-01
4.158807381811958637e-01 9.450016431390289018e-01
4.190655762677266694e-01 9.460083254207553027e-01
4.242317991170754254e-01 9.470264576894724673e-01
4.287934627282690148e-01 9.480002147180153216e-01
4.337574901192695620e-01 9.490002828907946331e-01
4.396009404790222064e-01 9.500014888830805582e-01
4.460708483840871708e-01 9.510010745139181321e-01
4.515946017004168755e-01 9.520070481658022832e-01
4.575381400071694138e-01 9.530084594344918614e-01
4.634067480388495142e-01 9.540004238223802613e-01
4.697117440077602235e-01 9.550013417491383105e-01
4.774524666394492911e-01 9.560146290447484319e-01
4.828421003730243299e-01 9.570000162247651598e-01
4.893017388620531927e-01 9.580024952536050353e-01
4.961549347588622982e-01 9.590000565178513625e-01
5.048145755306872040e-01 9.600000750320019094e-01
5.146808646494838158e-01 9.610000127899229749e-01
5.243213733395357679e-01 9.620252368131279042e-01
5.337541972767930742e-01 9.630000808182167527e-01
5.452475518003834232e-01 9.640005388877823655e-01
5.581790324447802876e-01 9.650000355450977230e-01
5.732793225532089032e-01 9.660001720924441537e-01
5.886324902917339230e-01 9.670001230597327080e-01
6.029603407413890448e-01 9.680000818302014753e-01
6.180459253223301586e-01 9.690039146606223008e-01
6.356577586604181818e-01 9.700000239721164874e-01
6.509696049676283458e-01 9.710000772337914476e-01
6.677330194837982624e-01 9.720000113776243733e-01
6.858485267752836290e-01 9.730011218224863256e-01
7.045671344650663581e-01 9.740000210225303601e-01
7.258251650043849867e-01 9.750000505541089879e-01
7.471941090889824277e-01 9.760001078103355265e-01
7.671773903503147363e-01 9.770000562716713022e-01
7.941421140819167057e-01 9.780000205620744680e-01
8.229526964039005632e-01 9.790000419606619264e-01
8.483598563541692172e-01 9.800001032528932177e-01
8.761213533049837521e-01 9.810000019234796920e-01
9.049301644059374317e-01 9.820000769951006125e-01
9.347021711443849190e-01 9.830000147078499229e-01
9.568614931265839729e-01 9.840000583234147502e-01
9.798142489348369288e-01 9.850009503504169039e-01
9.950982569124109389e-01 9.860001130676535608e-01
1.014839933362512436e+00 9.870018259468250621e-01
1.035797147265598017e+00 9.880001458266236547e-01
1.055122434502318018e+00 9.890000009223930411e-01
1.073133829466761835e+00 9.900001562150960721e-01
1.095788290757205408e+00 9.910000245497003757e-01
1.123421229826128354e+00 9.920000697509274712e-01
1.163452930673712249e+00 9.930000019424208846e-01
1.219755642054233924e+00 9.940000011620886422e-01
1.293791077662549860e+00 9.950000904106608424e-01
1.403919565275941084e+00 9.960002653324735444e-01
1.519750937921958256e+00 9.970000063430288773e-01
1.739450345925791064e+00 9.980000007259504091e-01
2.074436176450247693e+00 9.990000001141055019e-01
1.480704615752148889e+01 9.999999999981470378e-01
