# Random field Heisenberg chain
# L=14, J=1, Delta=0.6, W=1.5, h_i in [-W,W]
# Integrated spectral function of the Anderson LIOMs I_alpha
# omega I_alpha

0.000000000000000000e+00 1.063575492658115022e-03
0.000000000000000000e+00 2.012926944716953055e-03
0.000000000000000000e+00 3.050621377191700505e-03
0.000000000000000000e+00 4.102758527144543914e-03
0.000000000000000000e+00 5.019575807447106651e-03
0.000000000000000000e+00 6.021111523407634072e-03
0.000000000000000000e+00 7.057941369644933453e-03
0.000000000000000000e+00 8.000950546577548575e-03
0.000000000000000000e+00 9.094419860281127005e-03
0.000000000000000000e+00 1.007544532616745647e-02
0.000000000000000000e+00 1.104997236388123756e-02
0.000000000000000000e+00 1.201358115275090975e-02
0.000000000000000000e+00 1.301706630036107530e-02
0.000000000000000000e+00 1.403440236059160830e-02
0.000000000000000000e+00 1.501573052698099153e-02
0.000000000000000000e+00 1.601918882175957723e-02
0.000000000000000000e+00 1.709032005645581831e-02
0.000000000000000000e+00 1.808833986810328212e-02
0.000000000000000000e+00 1.900245510054159731e-02
0.000000000000000000e+00 2.002062222765886926e-02
0.000000000000000000e+00 2.103775326941812948e-02
0.000000000000000000e+00 2.200455550112821387e-02
0.000000000000000000e+00 2.322550000372948509e-02
0.000000000000000000e+00 2.404054521337425573e-02
0.000000000000000000e+00 2.506287216518753372e-02
0.000000000000000000e+00 2.600412134521315130e-02
0.000000000000000000e+00 2.716015668190577964e-02
0.000000000000000000e+00 2.802875192664936593e-02
0.000000000000000000e+00 2.905089846077954160e-02
0.000000000000000000e+00 3.002763537968038479e-02
0.000000000000000000e+00 3.104335924519630377e-02
0.000000000000000000e+00 3.205125196637613472e-02
0.000000000000000000e+00 3.301786286595068814e-02
0.000000000000000000e+00 3.404710247519558003e-02
0.000000000000000000e+00 3.501729909949497649e-02
0.000000000000000000e+00 3.602699649735947168e-02
0.000000000000000000e+00 3.707760265274458872e-02
0.000000000000000000e+00 3.820411073742756292e-02
0.000000000000000000e+00 3.911594636028315614e-02
0.000000000000000000e+00 4.005972880909643846e-02
0.000000000000000000e+00 4.102280211798414733e-02
0.000000000000000000e+00 4.201081631950355499e-02
0.000000000000000000e+00 4.301195360643472049e-02
0.000000000000000000e+00 4.413467309315190212e-02
0.000000000000000000e+00 4.501282677154590239e-02
0.000000000000000000e+00 4.600603787203726841e-02
0.000000000000000000e+00 4.710476666291305708e-02
0.000000000000000000e+00 4.801432943703692197e-02
0.000000000000000000e+00 4.904243603615068142e-02
0.000000000000000000e+00 5.013093658501822925e-02
0.000000000000000000e+00 5.106178980845318960e-02
0.000000000000000000e+00 5.200966809562858340e-02
0.000000000000000000e+00 5.307873421654336898e-02
0.000000000000000000e+00 5.401027459665390384e-02
0.000000000000000000e+00 5.505391912796298720e-02
0.000000000000000000e+00 5.600028426525685554e-02
0.000000000000000000e+00 5.712488335725234706e-02
0.000000000000000000e+00 5.801045581419345121e-02
0.000000000000000000e+00 5.904196739431919611e-02
0.000000000000000000e+00 6.006947160884498066e-02
0.000000000000000000e+00 6.109427562399437350e-02
0.000000000000000000e+00 6.224400591674376926e-02
0.000000000000000000e+00 6.300286152396239459e-02
0.000000000000000000e+00 6.402691281854409888e-02
0.000000000000000000e+00 6.500012587331814584e-02
0.000000000000000000e+00 6.604041708938288013e-02
0.000000000000000000e+00 6.716451939623717393e-02
0.000000000000000000e+00 6.800864513241686171e-02
0.000000000000000000e+00 6.902581453498250752e-02
0.000000000000000000e+00 7.002602256763409971e-02
0.000000000000000000e+00 7.100089847003468457e-02
0.000000000000000000e+00 7.217187024328117206e-02
0.000000000000000000e+00 7.302268241145309924e-02
0.000000000000000000e+00 7.400070728104581053e-02
0.000000000000000000e+00 7.500620316353039108e-02
0.000000000000000000e+00 7.610020838717608538e-02
0.000000000000000000e+00 7.701597336133612914e-02
0.000000000000000000e+00 7.800397735731549875e-02
0.000000000000000000e+00 7.905445925093904092e-02
0.000000000000000000e+00 8.003256997722536792e-02
0.000000000000000000e+00 8.104084647829196131e-02
0.000000000000000000e+00 8.200806215101419383e-02
0.000000000000000000e+00 8.302401447657521694e-02
0.000000000000000000e+00 8.400878456314624099e-02
0.000000000000000000e+00 8.511696515914742023e-02
0.000000000000000000e+00 8.600775470411058110e-02
0.000000000000000000e+00 8.709878740933849062e-02
0.000000000000000000e+00 8.801596944785551602e-02
0.000000000000000000e+00 8.900374907953134684e-02
0.000000000000000000e+00 9.010682993037548438e-02
0.000000000000000000e+00 9.104792336524313023e-02
0.000000000000000000e+00 9.201837780979717218e-02
0.000000000000000000e+00 9.301427836318645892e-02
0.000000000000000000e+00 9.403204682669318026e-02
0.000000000000000000e+00 9.514343868547896210e-02
0.000000000000000000e+00 9.612882189353144646e-02
0.000000000000000000e+00 9.704340188926069422e-02
0.000000000000000000e+00 9.808154643605422607e-02
0.000000000000000000e+00 9.900457421165990979e-02
0.000000000000000000e+00 1.001622302762996547e-01
0.000000000000000000e+00 1.010052966252284051e-01
0.000000000000000000e+00 1.020693481511435602e-01
0.000000000000000000e+00 1.030002283467031932e-01
0.000000000000000000e+00 1.040240252697921530e-01
0.000000000000000000e+00 1.050151030435478305e-01
0.000000000000000000e+00 1.061179109988852065e-01
0.000000000000000000e+00 1.070134981949033420e-01
0.000000000000000000e+00 1.080000846591386010e-01
1.906507271723922869e-04 1.090030150899914396e-01
3.780118975578172780e-04 1.100085993059758127e-01
4.670859778910241289e-04 1.110577232907308531e-01
5.804248620218110943e-04 1.120008727568473361e-01
6.637344869027117511e-04 1.130217847771028822e-01
7.500677341387707031e-04 1.140010534562865552e-01
8.234315079054255193e-04 1.150199319154731198e-01
8.870055070397953045e-04 1.160005322794479682e-01
9.369881598266793787e-04 1.170052428394775940e-01
9.904696579940974743e-04 1.180012718188455378e-01
1.052004851903376448e-03 1.190198491156015670e-01
1.114869421956488083e-03 1.200014718426333921e-01
1.168831838003203671e-03 1.210002791489325630e-01
1.278510705389646063e-03 1.220075891734144491e-01
1.324781803212715658e-03 1.230967714892931969e-01
1.394113712598787913e-03 1.240125268494716299e-01
1.464931642843447790e-03 1.250133987986690176e-01
1.525443226476408398e-03 1.260093171201647488e-01
1.581106311899060923e-03 1.270027496983590354e-01
1.637869181608797575e-03 1.280226265501021587e-01
1.699094280317892114e-03 1.290044793008755242e-01
1.760411496832148259e-03 1.300105263344770445e-01
1.847128962307875710e-03 1.310027731090291081e-01
1.909861000838564138e-03 1.320275792708805740e-01
1.983391718056948250e-03 1.330589090930340002e-01
2.012356177178986627e-03 1.340122214715173399e-01
2.099927917921462495e-03 1.350033901275070614e-01
2.178466569845660672e-03 1.360204625836552716e-01
2.250520270589584371e-03 1.370058375627243308e-01
2.291219315930348444e-03 1.380289237643514411e-01
2.323928766032601345e-03 1.390127462757624610e-01
2.380501632839704396e-03 1.400019377232536721e-01
2.458229490548191620e-03 1.410035462683530971e-01
2.530956663306938026e-03 1.420063307644582884e-01
2.582678256577097820e-03 1.430047734315162966e-01
2.616194988016795620e-03 1.440010594682318290e-01
2.679519491380011331e-03 1.450120218111588255e-01
2.734165479045813640e-03 1.460010645634411963e-01
2.844040429907490619e-03 1.470035627411203361e-01
2.917815278909774435e-03 1.480100151760179450e-01
2.984888638914107162e-03 1.490361007256754966e-01
3.046146741208399789e-03 1.500068173157950713e-01
3.104665835709674582e-03 1.510032523291899020e-01
3.164703699408688564e-03 1.520244740444530451e-01
3.232437296727841414e-03 1.530000111586814482e-01
3.291543527974116756e-03 1.540429537925309955e-01
3.361164012120276823e-03 1.550037333825040886e-01
3.444672018867028784e-03 1.560020976182389940e-01
3.513380708805247110e-03 1.570127479813857030e-01
3.564975351699431472e-03 1.580033247361768978e-01
3.626547646819577864e-03 1.590033939702938659e-01
3.682859881272815272e-03 1.600137317546917182e-01
3.706454657107172146e-03 1.610000346284090333e-01
3.778651328086857220e-03 1.620172340507276265e-01
3.846148752574052310e-03 1.630132713123438881e-01
3.914804551407247146e-03 1.640048604774808350e-01
3.966120353573465707e-03 1.650446950044354988e-01
4.037813924194555426e-03 1.660154356704641176e-01
4.102461319979155974e-03 1.670089165129643449e-01
4.199144794056586250e-03 1.680003748315472556e-01
4.283453767428668790e-03 1.690018078769919552e-01
4.398008754906757023e-03 1.700026641070215838e-01
4.473312350638858348e-03 1.710030363647446761e-01
4.582936265815185095e-03 1.720056714674203513e-01
4.674915076930852287e-03 1.730214309907464609e-01
4.740160909392443500e-03 1.740070806624406941e-01
4.845090768332838138e-03 1.750100823967022379e-01
4.906014843938599768e-03 1.760604931680412044e-01
4.975073228984161489e-03 1.770044661997433044e-01
5.043755211104450353e-03 1.780010353251842981e-01
5.147477393576238569e-03 1.790013935765628061e-01
5.231443973032323669e-03 1.800396872047783370e-01
5.333393263455332711e-03 1.810088528794691620e-01
5.398754127865501573e-03 1.820064848951523095e-01
5.466165351602381151e-03 1.830069720726469340e-01
5.551009555720298749e-03 1.840019808804360391e-01
5.664714178751584228e-03 1.850024854974870736e-01
5.766999356563218271e-03 1.860002041065875467e-01
5.852979341155473136e-03 1.870319752554495119e-01
5.951364721901164501e-03 1.880075360816657049e-01
6.050913852949535432e-03 1.890002461371199094e-01
6.161227925086665280e-03 1.900051302787079122e-01
6.259152786323829432e-03 1.910024724444955302e-01
6.364463192721714346e-03 1.920019340331500235e-01
6.461534949600000743e-03 1.930050187124379979e-01
6.584360429276792104e-03 1.940020388022625220e-01
6.704509660350410627e-03 1.950002935448763297e-01
6.819491139127720203e-03 1.960016618635740671e-01
6.926611836784335452e-03 1.970003096560646871e-01
7.024486286623665698e-03 1.980041108441826514e-01
7.131622161894668466e-03 1.990008069653935452e-01
7.244230521604499984e-03 2.000022614308131219e-01
7.333411910536657974e-03 2.010007211939781324e-01
7.451375426651418721e-03 2.020021268874828690e-01
7.535318387769829318e-03 2.030011166851705129e-01
7.649220617040680681e-03 2.040012057615111785e-01
7.759573955902876463e-03 2.050001693134802794e-01
7.876136717989368208e-03 2.060028543232750031e-01
8.016234844965025585e-03 2.070046660623120760e-01
8.148674538598132955e-03 2.080036272863956814e-01
8.241197595548976906e-03 2.090009710601719306e-01
8.369943112368272153e-03 2.100009297150279841e-01
8.487412039590580548e-03 2.110052024148633409e-01
8.619255703944617153e-03 2.120079010233936745e-01
8.756276244589855651e-03 2.130008001270964069e-01
8.866130429087792919e-03 2.140003558430896291e-01
8.987476977365016495e-03 2.150082838881124669e-01
9.071227000835180299e-03 2.160101346583827298e-01
9.157132915996069045e-03 2.170013478741339152e-01
9.266483826684060454e-03 2.180021732892646058e-01
9.363716896689133762e-03 2.190010445705301290e-01
9.493008490626286822e-03 2.200000576095441640e-01
9.628048852230008947e-03 2.210027509095755238e-01
9.777925034279544292e-03 2.220003800334049704e-01
9.922148352917270486e-03 2.230199648220416442e-01
1.005653525378935598e-02 2.240004532315672259e-01
1.015221625403839312e-02 2.250008857927239536e-01
1.028686578833726273e-02 2.260025200141040913e-01
1.041571470381441600e-02 2.270042404737606101e-01
1.056491442250440116e-02 2.280007458846087243e-01
1.071633835719487671e-02 2.290003462179242832e-01
1.085012150833297717e-02 2.300001085617232599e-01
1.099343436677324704e-02 2.310046959762683261e-01
1.113188075891669016e-02 2.320034386376497171e-01
1.126997868020129800e-02 2.330001005870767361e-01
1.144977220991827416e-02 2.340003634195909621e-01
1.159318441361001373e-02 2.350059392120752710e-01
1.172085145840551235e-02 2.360143825939616247e-01
1.187081583884852520e-02 2.370041800017075317e-01
1.206398455515911294e-02 2.380007289901178713e-01
1.220069394014711150e-02 2.390004085199388117e-01
1.232280568719579250e-02 2.400007874680074593e-01
1.245105151671443977e-02 2.410013220072383944e-01
1.258848059895001370e-02 2.420040066064224615e-01
1.275308907193273278e-02 2.430051907200810879e-01
1.293314830280367644e-02 2.440002489479587977e-01
1.307556299786050147e-02 2.450015883591253052e-01
1.321883256951392194e-02 2.460014313682456211e-01
1.338203114030309809e-02 2.470157406692847779e-01
1.355913450465617842e-02 2.480042784542283996e-01
1.374202835384696897e-02 2.490038427332398885e-01
1.392974237381183755e-02 2.500000115219833674e-01
1.408946465865579256e-02 2.510430470126316926e-01
1.426640038813764555e-02 2.520017462790927198e-01
1.445572346483148252e-02 2.530013781240926241e-01
1.465829120648409756e-02 2.540018546225326079e-01
1.478847496012836160e-02 2.550081018491066609e-01
1.498758622604839941e-02 2.560045750025964906e-01
1.520007503917142344e-02 2.570029213651464084e-01
1.535472345806176975e-02 2.580081547867200120e-01
1.553622145821886846e-02 2.590035543477544611e-01
1.571613182269437914e-02 2.600014399913900265e-01
1.587206205183100405e-02 2.610018336531377270e-01
1.607174527009491705e-02 2.620006060945407333e-01
1.630221662719022468e-02 2.630005229484180806e-01
1.648226570121713586e-02 2.640147952419341637e-01
1.667875076280078694e-02 2.650011603147662265e-01
1.685994669661838863e-02 2.660015519940908679e-01
1.702255917584793998e-02 2.670002130607341262e-01
1.724528656339419097e-02 2.680000392851498714e-01
1.748134333605477764e-02 2.690007058592897016e-01
1.770764378889388979e-02 2.700153856735313940e-01
1.789229024861538342e-02 2.710001956391398514e-01
1.810801755346058695e-02 2.720010267379850410e-01
1.837996075017489517e-02 2.730000614453173546e-01
1.863124252005521342e-02 2.740040834857208063e-01
1.883493899449906195e-02 2.750011644873254224e-01
1.902793261368884714e-02 2.760017936468506794e-01
1.925308714873263938e-02 2.770001101601718974e-01
1.948002533360959632e-02 2.780003290909752733e-01
1.970375091407561285e-02 2.790003407637359212e-01
1.991315311253938347e-02 2.800013569743577402e-01
2.017654689020886849e-02 2.810001183101606403e-01
2.043644571011316025e-02 2.820049415285327821e-01
2.073648785189963206e-02 2.830008123151848687e-01
2.093939284320778249e-02 2.840106646230690091e-01
2.114069753424796527e-02 2.850014438713850962e-01
2.131154207006646928e-02 2.860004469059136412e-01
2.158336651951731078e-02 2.870006164055480258e-01
2.182538772715991726e-02 2.880087106883726933e-01
2.210663084845565507e-02 2.890024909295136335e-01
2.237143301056132572e-02 2.900004388308147774e-01
2.260926318960088111e-02 2.910000056178026484e-01
2.288945078025772517e-02 2.920198253019598011e-01
2.315083598068445880e-02 2.930007011077558898e-01
2.337825197053922111e-02 2.940011600847660111e-01
2.358675252107200748e-02 2.950566279605902897e-01
2.381290532178770292e-02 2.960014111635911327e-01
2.410103393161810992e-02 2.970002325914155028e-01
2.437461527071560496e-02 2.980115103687197009e-01
2.460881734541042754e-02 2.990001406910857140e-01
2.489419709931173230e-02 3.000076784760640769e-01
2.513324399195093761e-02 3.010009543644770469e-01
2.541589321119652745e-02 3.020011303693567184e-01
2.573727552776050587e-02 3.030033905584271769e-01
2.601482595597714997e-02 3.040020254606655703e-01
2.632254640832520920e-02 3.050004031978433838e-01
2.658525841093917208e-02 3.060010918647013689e-01
2.681762378953345127e-02 3.070042805309800560e-01
2.717297532304385754e-02 3.080191424903744313e-01
2.745680592783994456e-02 3.090031572519967296e-01
2.775844082617784370e-02 3.100038537391464066e-01
2.803456668074177927e-02 3.110017904075377815e-01
2.834134974068991397e-02 3.120057181882186503e-01
2.864554197547164449e-02 3.130000406080170050e-01
2.895190941635883419e-02 3.140004216898010236e-01
2.923010129605385643e-02 3.150009007085350921e-01
2.951685022765726529e-02 3.160103746305467642e-01
2.979428955223895059e-02 3.170032876169751601e-01
3.016148353716285868e-02 3.180008049553950666e-01
3.042203227514672648e-02 3.190011456936887591e-01
3.072481360766476932e-02 3.200024545271801246e-01
3.099828270368343297e-02 3.210012450469178491e-01
3.131024763233508645e-02 3.220000352081487938e-01
3.161227992702908551e-02 3.230038191561482863e-01
3.191214264638161935e-02 3.240120569889306523e-01
3.228157097538675302e-02 3.250055669644368317e-01
3.258148712199382402e-02 3.260016925324873416e-01
3.284138587833318468e-02 3.270001828495430196e-01
3.319955597052981489e-02 3.280009362967187259e-01
3.349978289658706032e-02 3.290018377721971587e-01
3.379197239352760285e-02 3.300017484189087247e-01
3.414041805945000618e-02 3.310066233957743576e-01
3.447110119138319106e-02 3.320011604920956039e-01
3.480573710204648563e-02 3.330019618990553432e-01
3.517051195899778548e-02 3.340006582054816375e-01
3.550398857403003205e-02 3.350029228501399947e-01
3.588394363963187672e-02 3.360016282179036917e-01
3.628113004116495510e-02 3.370001279670310490e-01
3.667245525991846833e-02 3.380000551398973929e-01
3.693896103113014640e-02 3.390001796324829675e-01
3.723125677946459433e-02 3.400046015040318892e-01
3.762243502564482922e-02 3.410007246935506386e-01
3.801840111169241254e-02 3.420035409540389537e-01
3.836624227361618011e-02 3.430000593266145925e-01
3.879005712901073544e-02 3.440002689957329940e-01
3.911375466534305900e-02 3.450000158187281896e-01
3.942016688455574069e-02 3.460076123084889765e-01
3.970299651893371973e-02 3.470029092345888189e-01
4.007536375805198503e-02 3.480002638320516262e-01
4.050057526865957769e-02 3.490051142524405736e-01
4.098850395071718111e-02 3.500001639891953120e-01
4.133367516535538244e-02 3.510029513478202245e-01
4.173980260668397335e-02 3.520002518238194433e-01
4.215339967377616792e-02 3.530019033902451753e-01
4.252843288565699709e-02 3.540000146828027328e-01
4.297652166125642825e-02 3.550006136252565891e-01
4.331460274168064117e-02 3.560324554030441790e-01
4.378553035020571471e-02 3.570013456681620512e-01
4.424286474421279536e-02 3.580020796186560439e-01
4.466169322529855990e-02 3.590000302302336355e-01
4.510205017846913300e-02 3.600001027252193730e-01
4.553999176151557471e-02 3.610020867713031323e-01
4.599113312481817317e-02 3.620011541567905167e-01
4.639069607453283339e-02 3.630063407380461626e-01
4.688326783058305303e-02 3.640031109634018769e-01
4.730093427204506984e-02 3.650016419634957154e-01
4.774342531041964044e-02 3.660013657500803541e-01
4.823444547675148630e-02 3.670009080825166747e-01
4.879065943265104011e-02 3.680026580409559989e-01
4.924362878837573732e-02 3.690013457330766355e-01
4.973613303997703738e-02 3.700003578411277250e-01
5.015590368606170912e-02 3.710018686625319306e-01
5.053341595509674988e-02 3.720007994429757048e-01
5.090704151832348145e-02 3.730068003088573558e-01
5.141253310229743079e-02 3.740002599840178688e-01
5.190042423506957547e-02 3.750009729416969861e-01
5.229524554669628955e-02 3.760000970564104650e-01
5.285054923753731287e-02 3.770038423656032478e-01
5.328536201275944212e-02 3.780032482737290533e-01
5.373568934300676503e-02 3.790020577658402279e-01
5.416581203398829203e-02 3.800005573524717351e-01
5.468221406618223313e-02 3.810013934241642253e-01
5.509918125463098004e-02 3.820014502847917104e-01
5.554561553101378113e-02 3.830006367766513042e-01
5.604141490473368847e-02 3.840058764480788200e-01
5.652888113067966458e-02 3.850012671538731723e-01
5.697512936380277893e-02 3.860839487346138243e-01
5.727039668639988257e-02 3.870010329229227608e-01
5.768310732092962745e-02 3.880028816816336601e-01
5.821034536281377569e-02 3.890000140150270402e-01
5.871978981020298249e-02 3.900003646870167096e-01
5.916402024021216732e-02 3.910216997640003633e-01
5.961528252936298955e-02 3.920008168159783701e-01
6.001463209254964681e-02 3.930002018916932127e-01
6.057053835369252681e-02 3.940001000361683658e-01
6.111599828949865199e-02 3.950006558292722403e-01
6.161363007359632604e-02 3.960033910678230074e-01
6.206053176964537732e-02 3.970002217820348678e-01
6.250390885766976545e-02 3.980003713426287226e-01
6.305461036569637301e-02 3.990013838211506902e-01
6.357957884912113222e-02 4.000017369630580744e-01
6.413468230457608499e-02 4.010002844328695026e-01
6.464898027577370421e-02 4.020041163578630394e-01
6.507410337856223137e-02 4.030004205035417897e-01
6.557532661597431645e-02 4.040000635937691098e-01
6.614845594842799770e-02 4.050036866839761274e-01
6.671739629636963542e-02 4.060022885956758865e-01
6.714883257305170883e-02 4.070013254885032628e-01
6.762177972932947867e-02 4.080015279022708441e-01
6.816123961945796950e-02 4.090010299191007004e-01
6.859196253370036800e-02 4.100004940668549591e-01
6.917021225583530608e-02 4.110022967705342367e-01
6.966379612671436128e-02 4.120000448761524936e-01
7.023610195056573247e-02 4.130003192726837691e-01
7.071509716229318343e-02 4.140006068882552959e-01
7.124572239060533718e-02 4.150002835334251072e-01
7.176996164268745204e-02 4.160015012265496637e-01
7.231090600912137845e-02 4.170003933176852917e-01
7.293541432996786256e-02 4.180064333123956200e-01
7.348620550676088214e-02 4.190008657495573607e-01
7.410936530109213383e-02 4.200025567369553570e-01
7.465990009159795271e-02 4.210001126362776791e-01
7.524449341294880966e-02 4.220084411450074624e-01
7.578302009152837471e-02 4.230014362382462645e-01
7.617599138400610315e-02 4.240234683552149830e-01
7.673687735483514238e-02 4.250006082759826276e-01
7.735202035605137638e-02 4.260018355982388982e-01
7.792016253783751178e-02 4.270003931030671440e-01
7.852504584882957772e-02 4.280004140891658926e-01
7.911183957425405033e-02 4.290004979884691760e-01
7.960918721493870365e-02 4.300125367758023121e-01
8.025884849735209770e-02 4.310018750742981020e-01
8.078376995846081599e-02 4.320001348158154508e-01
8.122781672712431345e-02 4.330112073980231235e-01
8.165816956359481238e-02 4.340001294782738217e-01
8.222408536390535261e-02 4.350048966017691088e-01
8.282920395459569818e-02 4.360094227386842602e-01
8.343779796867156762e-02 4.370056204715546677e-01
8.409306686137085762e-02 4.380000065273980114e-01
8.474427087974856221e-02 4.390004202928668997e-01
8.535599561169693317e-02 4.400003495215643046e-01
8.601648084994784060e-02 4.410009805095744251e-01
8.663920781403833260e-02 4.420000249546353621e-01
8.728660118892128672e-02 4.430011989223733848e-01
8.786962711087453748e-02 4.440000970079625575e-01
8.843820056595858015e-02 4.450017232570823711e-01
8.904314786774270019e-02 4.460000090078490298e-01
8.954367463061152499e-02 4.470026148065870397e-01
9.015012533379718196e-02 4.480000606313264133e-01
9.068659009307467045e-02 4.490029655765572225e-01
9.127208152187149537e-02 4.500002481441877644e-01
9.179806017493530312e-02 4.510005518297805494e-01
9.242888636430768301e-02 4.520008550851263851e-01
9.304190583845972640e-02 4.530003356235494105e-01
9.374017342929619190e-02 4.540001248355010621e-01
9.441986627206476468e-02 4.550030207968494556e-01
9.504023516250725834e-02 4.560001445294094569e-01
9.574777148842716912e-02 4.570000091483429894e-01
9.639041157665362292e-02 4.580071222703674949e-01
9.705623683995190376e-02 4.590007334230424285e-01
9.776727727037193283e-02 4.600006357579606298e-01
9.846571170162476960e-02 4.610006363378074679e-01
9.920318101455705140e-02 4.620026960135507066e-01
9.982638915497021870e-02 4.630001721659516289e-01
1.006034577760621662e-01 4.640004239578904288e-01
1.012009833416209759e-01 4.650009201148727067e-01
1.018603764219303542e-01 4.660020803532005096e-01
1.025173121929032760e-01 4.670010219224413062e-01
1.032736732874885988e-01 4.680041782976702702e-01
1.039350821198091190e-01 4.690002775691156645e-01
1.045689018911283991e-01 4.700015932138713604e-01
1.052294016197676541e-01 4.710013404470866361e-01
1.058459175202606239e-01 4.720012421085975074e-01
1.065604047796651077e-01 4.730027489590667433e-01
1.071750675472922243e-01 4.740010236505070584e-01
1.079542664985910783e-01 4.750056197456146156e-01
1.085532674572720069e-01 4.760050925859427573e-01
1.092962474152824326e-01 4.770010634500174707e-01
1.101994860800394882e-01 4.780008937250666556e-01
1.107373832751208376e-01 4.790581543133553555e-01
1.112917720334491989e-01 4.800019312980430830e-01
1.120695608429285173e-01 4.810044035776929183e-01
1.128364790497782266e-01 4.820009067473801645e-01
1.135677710656564088e-01 4.830006220169015818e-01
1.142744055925222213e-01 4.840009413162346674e-01
1.148913777051387974e-01 4.850000249130174690e-01
1.157088155925007911e-01 4.860000876238311784e-01
1.165044777194276238e-01 4.870004640472848090e-01
1.171618259108855309e-01 4.880000080267820062e-01
1.179744994892997223e-01 4.890049921300573255e-01
1.187510393454100921e-01 4.900032563472238034e-01
1.193381209032584600e-01 4.910012502130487455e-01
1.200181189740434640e-01 4.920011970941180479e-01
1.207213177801111925e-01 4.930049654624176214e-01
1.213737650244075539e-01 4.940012392534302021e-01
1.221701562117534223e-01 4.950034443224216041e-01
1.229398106683872172e-01 4.960003426547371363e-01
1.235572188608053956e-01 4.970000822473661928e-01
1.241915473862644781e-01 4.980015343885143553e-01
1.249658528610484431e-01 4.990021241177881595e-01
1.257417869012785738e-01 5.000004660746102392e-01
1.264321471528018215e-01 5.010596114687917435e-01
1.269837504341362333e-01 5.020004704749781999e-01
1.277451180265658515e-01 5.030001384877698101e-01
1.284582654399839541e-01 5.040002505374197028e-01
1.291820215900820745e-01 5.050008267475729618e-01
1.299164420488154725e-01 5.060012307934116382e-01
1.306643001340725974e-01 5.070000992505472315e-01
1.314374244938179004e-01 5.080004647635634196e-01
1.321568954546825658e-01 5.090000891656158988e-01
1.330547224952933760e-01 5.100005483221465852e-01
1.337960975255949592e-01 5.110251680148787390e-01
1.345365219588554595e-01 5.120005334072372793e-01
1.352841467105280193e-01 5.130005289279013780e-01
1.360226259130511428e-01 5.140007819651726262e-01
1.367172464221737549e-01 5.150007145987133272e-01
1.374568403130034255e-01 5.160000917404166110e-01
1.378128116463641639e-01 5.170727384507805002e-01
1.383784451951911576e-01 5.180003378858171192e-01
1.391485888113157543e-01 5.190013658310521638e-01
1.398675273216642978e-01 5.200001602342487761e-01
1.406448057165832211e-01 5.210004868709006143e-01
1.412035114556857707e-01 5.220046751626176151e-01
1.417423813041154279e-01 5.230010094238441987e-01
1.424147566518807473e-01 5.240035897029269307e-01
1.431555443912957415e-01 5.250015665367596673e-01
1.438938408345755704e-01 5.260005779945131632e-01
1.445797716186689730e-01 5.270039717910941501e-01
1.453956312105528781e-01 5.280007787807883268e-01
1.462099520903175076e-01 5.290002853072964806e-01
1.469510315608886231e-01 5.300003418237977382e-01
1.473226461272112431e-01 5.310001511578954503e-01
1.481293850420243308e-01 5.320000545534047109e-01
1.486747971014752423e-01 5.330022790397329624e-01
1.494378776249035701e-01 5.340008397890547709e-01
1.501748436893843852e-01 5.350224000426057058e-01
1.507906982431708731e-01 5.360021590229038235e-01
1.514071250725400053e-01 5.370004356992803540e-01
1.521792060304254512e-01 5.380005175757169855e-01
1.527175088393462055e-01 5.390003652954992175e-01
1.534626987724747593e-01 5.400055405871686531e-01
1.542935621434564641e-01 5.410005966464599414e-01
1.551206605830621754e-01 5.420000683690979759e-01
1.558723605222221420e-01 5.430005333785905552e-01
1.565455890318672161e-01 5.440005225473512063e-01
1.573747800938531949e-01 5.450004748579612146e-01
1.581387116874952703e-01 5.460002791854869919e-01
1.589328309939377348e-01 5.470144740664778515e-01
1.596404649995293301e-01 5.480048765435941993e-01
1.604443390414342918e-01 5.490001808783350201e-01
1.612135513599046166e-01 5.500002831660455449e-01
1.619979146562366967e-01 5.510128120767316950e-01
1.628128292174988445e-01 5.520002557555311329e-01
1.634678811262726406e-01 5.530004343458587712e-01
1.643717554340051734e-01 5.540005886696898196e-01
1.651264879774899663e-01 5.550000142139304149e-01
1.660711603231321831e-01 5.560007444059449355e-01
1.669578798943519571e-01 5.570003053515860669e-01
1.676843637367158024e-01 5.580009701939256939e-01
1.684609131233580914e-01 5.590000171548489272e-01
1.693107934836297623e-01 5.600004533351221614e-01
1.701180572657476908e-01 5.610000799504748503e-01
1.709733118405387664e-01 5.620015955039538991e-01
1.717812994698095785e-01 5.630016237294754866e-01
1.726156120091020263e-01 5.640004642911380373e-01
1.735441686336542944e-01 5.650004243143817995e-01
1.743435995925548543e-01 5.660191213677444599e-01
1.752473093344222299e-01 5.670002846980487510e-01
1.760695503751490976e-01 5.680006068026071109e-01
1.768848001429725869e-01 5.690067821093738321e-01
1.776393687718769154e-01 5.700004900825930143e-01
1.783867341924001426e-01 5.710002211023724739e-01
1.791794236773904814e-01 5.720083766183801099e-01
1.798731227455485637e-01 5.730029739540764000e-01
1.805795126285465457e-01 5.740001392432109162e-01
1.813064010220401534e-01 5.750194434729331006e-01
1.821076837210602317e-01 5.760001068766609222e-01
1.828481770992766986e-01 5.770001610062263087e-01
1.837224227312006519e-01 5.780001962814256267e-01
1.844189074548880924e-01 5.790244149215009184e-01
1.852076322448517054e-01 5.800010709955419896e-01
1.860295592814118493e-01 5.810006041925988018e-01
1.869545049884547838e-01 5.820010891670890363e-01
1.876688009793556766e-01 5.830041831465933022e-01
1.884358634587144365e-01 5.840000278436547898e-01
1.892641729453535815e-01 5.850137183629530169e-01
1.899010436076367103e-01 5.860080516171355391e-01
1.906087465614573762e-01 5.870012334262528775e-01
1.915238604014470880e-01 5.880037180245878403e-01
1.922834345615120899e-01 5.890000447627656843e-01
1.929844846136470338e-01 5.900010962831684358e-01
1.934787769566899129e-01 5.910006159834602091e-01
1.943428532652915486e-01 5.920003310760422188e-01
1.951493268334716369e-01 5.930011415501614813e-01
1.958226166435603766e-01 5.940004158741871709e-01
1.967063119205063326e-01 5.950000823299774755e-01
1.974306709369355595e-01 5.960000790167720996e-01
1.981797325283175537e-01 5.970007673846702279e-01
1.991229210199945143e-01 5.980014516967140370e-01
2.000744910865108750e-01 5.990164452098997172e-01
2.008618441336684768e-01 6.000007061374468265e-01
2.017377651470377842e-01 6.010063328318605569e-01
2.025653121529256140e-01 6.020004606509347100e-01
2.034895071768541008e-01 6.030002814871633365e-01
2.043358786294557916e-01 6.040009350359830664e-01
2.051822057303773761e-01 6.050001909573277104e-01
2.060547799194660801e-01 6.060003646757254891e-01
2.069604447841797423e-01 6.070002268923783140e-01
2.078325261843105842e-01 6.080001407603738972e-01
2.087753475743743259e-01 6.090004404376775371e-01
2.094439595449770763e-01 6.100035687696570008e-01
2.103450572054839096e-01 6.110007177578791193e-01
2.111370598671609145e-01 6.120002419976490193e-01
2.120898431594249178e-01 6.130003501685301615e-01
2.129044141625326958e-01 6.140004591101750897e-01
2.137584443430609049e-01 6.150008083377276336e-01
2.146240306739848336e-01 6.160052953733048398e-01
2.154583248908621407e-01 6.170006057775696551e-01
2.163939756965262973e-01 6.180460281973688685e-01
2.171676795773596069e-01 6.190003709732718740e-01
2.180332296673421766e-01 6.200000590098554420e-01
2.188402917178891016e-01 6.210071765588565107e-01
2.197386991153107982e-01 6.220004169422380658e-01
2.205676340865760920e-01 6.230195059769575439e-01
2.215093025478083177e-01 6.240125946443941807e-01
2.224045021342437867e-01 6.250001258708821616e-01
2.232839709402658634e-01 6.260005450936643179e-01
2.241989497764303729e-01 6.270014308043978524e-01
2.250558780267857273e-01 6.280045191261058868e-01
2.260681061206475384e-01 6.290010668576897501e-01
2.268546652568403932e-01 6.300033330210402793e-01
2.276723648157723545e-01 6.310002317705352137e-01
2.285326508596221551e-01 6.320047454817524502e-01
2.293913566725604980e-01 6.330149969663735332e-01
2.304134430031923308e-01 6.340007229776278841e-01
2.312582285283761863e-01 6.350008369300528255e-01
2.322112924701924541e-01 6.360053835837147229e-01
2.331112825892214246e-01 6.370019359142822246e-01
2.341632587162698620e-01 6.380000610146557838e-01
2.352359160776442693e-01 6.390014850115179890e-01
2.362270099990746441e-01 6.400000730548258687e-01
2.368707828936784665e-01 6.410004318126760747e-01
2.379399606658054722e-01 6.420012431014531229e-01
2.388421808549767711e-01 6.430001333326939017e-01
2.397910784684778029e-01 6.440016733227539314e-01
2.408605421163931837e-01 6.450001467678410094e-01
2.418900520534692511e-01 6.460000793578087874e-01
2.430663866235764914e-01 6.470000782877475265e-01
2.441013028199918722e-01 6.480002776816080612e-01
2.451642356990424432e-01 6.490000436617132662e-01
2.464281027525685452e-01 6.500006361940930955e-01
2.475588461030653054e-01 6.510003506329692380e-01
2.485289952529982083e-01 6.520001767286411898e-01
2.496326758817106750e-01 6.530044865846900137e-01
2.506603962892341997e-01 6.540008181302781054e-01
2.514594591278849212e-01 6.550054157656084453e-01
2.525268764426105150e-01 6.560006481170076453e-01
2.534192001666557559e-01 6.570135821816996957e-01
2.545202253600962194e-01 6.580005330769158611e-01
2.555136504952999488e-01 6.590152324115732263e-01
2.566987046781532555e-01 6.600000717724922028e-01
2.579228260830630504e-01 6.610005760476157510e-01
2.589911773359863112e-01 6.620001468655253296e-01
2.600473447987337039e-01 6.630048679339947126e-01
2.611307241362554876e-01 6.640002060737496548e-01
2.622833276628300236e-01 6.650041789341052390e-01
2.632009723263184497e-01 6.660000348371680756e-01
2.642649523958880975e-01 6.670007005564246860e-01
2.653030187495020176e-01 6.680000488245892987e-01
2.664320035262728315e-01 6.690016933367384233e-01
2.673766755399060724e-01 6.700003234615875547e-01
2.685281000273316288e-01 6.710002738131161104e-01
2.696317560838235039e-01 6.720000477429780572e-01
2.708190655197744157e-01 6.730006978053942879e-01
2.717905602811585553e-01 6.740037222340616863e-01
2.729119644379887077e-01 6.750013043796775358e-01
2.738001036825732371e-01 6.760098004754863110e-01
2.747384774059797863e-01 6.770084701171211750e-01
2.757834794101363673e-01 6.780005567718530024e-01
2.768338748378562642e-01 6.790005396847923480e-01
2.779739064896507017e-01 6.800293765789655609e-01
2.790843754016059108e-01 6.810016717074069970e-01
2.800979882244227781e-01 6.820000662234221300e-01
2.812566521020986032e-01 6.830008837555653356e-01
2.824812856801361960e-01 6.840003488982574487e-01
2.836569700488955625e-01 6.850036357781336127e-01
2.848325008987053764e-01 6.860003753627150758e-01
2.860091309708359120e-01 6.870013489420790931e-01
2.872083850357607382e-01 6.880000057987373241e-01
2.885537332069318950e-01 6.890004339470979788e-01
2.898197405408240446e-01 6.900000096279194084e-01
2.908521266940096162e-01 6.910056254980919688e-01
2.920707201593737423e-01 6.920000823245305854e-01
2.932792820020200253e-01 6.930001056487954392e-01
2.944283790197384509e-01 6.940023411637115114e-01
2.957124132138790884e-01 6.950003332158918301e-01
2.970936030893710500e-01 6.960000064299015632e-01
2.983554331293383211e-01 6.970057689044520943e-01
2.995509096783663949e-01 6.980002370348733498e-01
3.005596354451522956e-01 6.990002082199134881e-01
3.018541015720449527e-01 7.000004360707804407e-01
3.031674587341988136e-01 7.010003976886060029e-01
3.044780130480825853e-01 7.020000038632591144e-01
3.055827855981472219e-01 7.030090245140124816e-01
3.067682579367114748e-01 7.040001960312075591e-01
3.079646517536693828e-01 7.050042227255972627e-01
3.089099501578340123e-01 7.060005136185087959e-01
3.103509834150153246e-01 7.070001572550932423e-01
3.116774454145980755e-01 7.080000219322116761e-01
3.130364006066946869e-01 7.090013380036372936e-01
3.145126658300690936e-01 7.100000019447099131e-01
3.156081960601535563e-01 7.110000180407667347e-01
3.170109218067180823e-01 7.120000862022587418e-01
3.184091539611602073e-01 7.130011086708509804e-01
3.197709356612099540e-01 7.140012988000097316e-01
3.212367230691124398e-01 7.150001724906700495e-01
3.224900682672566798e-01 7.160003072444440786e-01
3.240559212205846307e-01 7.170006388508739503e-01
3.254787779437542383e-01 7.180001884209661345e-01
3.271144537620696013e-01 7.190000794608728540e-01
3.285021906748027964e-01 7.200009781526578445e-01
3.298284214880886633e-01 7.210006510743223185e-01
3.312848600218342154e-01 7.220033376970423911e-01
3.327817765190229649e-01 7.230006500278214343e-01
3.341192325694785081e-01 7.240038484947931563e-01
3.357746490086110924e-01 7.250005971456399134e-01
3.372004895513907030e-01 7.260014362969766655e-01
3.388318254974302945e-01 7.270000715597226826e-01
3.403618518631281731e-01 7.280002277437853664e-01
3.417034203819966365e-01 7.290001881391731109e-01
3.430850421494622271e-01 7.300161133221918508e-01
3.445756855290840193e-01 7.310023254427155948e-01
3.460612562551872440e-01 7.320003237280512387e-01
3.476800146735899433e-01 7.330018523092499683e-01
3.494645610654534273e-01 7.340013701152861003e-01
3.512358180096510907e-01 7.350000400041041271e-01
3.528518686888029166e-01 7.360032893030338252e-01
3.546868491407058066e-01 7.370017113664184549e-01
3.560405427987971549e-01 7.380001457401703657e-01
3.576431856035555690e-01 7.390000703783385916e-01
3.594522871000076503e-01 7.400001930805122363e-01
3.612348752135829955e-01 7.410001778724338850e-01
3.629031994330081390e-01 7.420017148679114438e-01
3.645906152757945051e-01 7.430013613750812151e-01
3.660714593361384939e-01 7.440000839947803479e-01
3.677646955690105912e-01 7.450120061412948136e-01
3.695275476918942759e-01 7.460001887334632986e-01
3.713274043459531271e-01 7.470000085800025946e-01
3.729996474233432391e-01 7.480009676275458652e-01
3.746944209857312469e-01 7.490002350595019731e-01
3.765258124697252740e-01 7.500000859518715091e-01
3.782761981625859526e-01 7.510014796718673669e-01
3.798825055552641494e-01 7.520031558058205556e-01
3.816338707509001615e-01 7.530000872030943038e-01
3.834511439104302255e-01 7.540005045180113719e-01
3.851213323146023271e-01 7.550003163949310370e-01
3.869268217812291688e-01 7.560017484792115328e-01
3.887414765562042795e-01 7.570005780200166345e-01
3.906894015999978764e-01 7.580000656975895978e-01
3.926432444666528854e-01 7.590002310171000133e-01
3.941274741079490163e-01 7.600001278256171000e-01
3.960952587288970594e-01 7.610002938713034126e-01
3.979938659878499152e-01 7.620096747075433274e-01
4.000968075922346490e-01 7.630002729659228766e-01
4.020440065352204329e-01 7.640004396033195366e-01
4.040779344972703080e-01 7.650000170514570375e-01
4.060932641485740513e-01 7.660003557982034694e-01
4.083121974369005036e-01 7.670002807241953491e-01
4.102460428173761997e-01 7.680068025627755368e-01
4.119786305962138684e-01 7.690000550895585985e-01
4.139503912933759633e-01 7.700023753700111495e-01
4.159630533401885710e-01 7.710000301940027612e-01
4.181413592750750086e-01 7.720004822974022574e-01
4.201064556219591406e-01 7.730005292328048228e-01
4.221362579415318117e-01 7.740007655065858083e-01
4.243002479289890161e-01 7.750000372675476257e-01
4.263656273585438861e-01 7.760000753173117438e-01
4.286643455088876564e-01 7.770001229223225669e-01
4.307509355999035172e-01 7.780000450109897381e-01
4.327982275926891553e-01 7.790001203528050810e-01
4.350526689765128463e-01 7.800002150686714542e-01
4.373888771326475133e-01 7.810003383646353381e-01
4.393679641228240840e-01 7.820000704555348792e-01
4.412868111338297261e-01 7.830000743189531320e-01
4.435847891903565987e-01 7.840006251578361951e-01
4.456858074633851530e-01 7.850350937579404498e-01
4.476202620584736058e-01 7.860002132781280793e-01
4.496544608209180893e-01 7.870020259366644622e-01
4.516738618861304566e-01 7.880001414966948392e-01
4.537513314992169811e-01 7.890001669929829209e-01
4.559185020834153335e-01 7.900010442777041231e-01
4.579536784923998738e-01 7.910006056245508788e-01
4.599046998289623711e-01 7.920001523352815376e-01
4.618310707257591297e-01 7.930007226704697265e-01
4.637602542545478101e-01 7.940000530035541404e-01
4.657915986174154810e-01 7.950055657487107297e-01
4.675131840492117163e-01 7.960013038474098579e-01
4.697053819430330179e-01 7.970000549059117478e-01
4.717540202163996721e-01 7.980001080264811364e-01
4.740387662508356303e-01 7.990001179271594145e-01
4.761457938561982628e-01 8.000009949737565407e-01
4.785670890168797209e-01 8.010004386860056780e-01
4.809608908677671657e-01 8.020000751002358541e-01
4.833483962094522468e-01 8.030001994691715606e-01
4.854345044384338337e-01 8.040000934298574542e-01
4.879481091764938938e-01 8.050006628328332248e-01
4.903330000364828911e-01 8.060002923400195751e-01
4.928802088080488919e-01 8.070006438489867318e-01
4.953529051919405291e-01 8.080001793356350603e-01
4.975215959984016223e-01 8.090000173808411521e-01
5.001318343112872711e-01 8.100000350465741406e-01
5.025922260402658770e-01 8.110004444596632389e-01
5.050406004851430986e-01 8.120003017324877170e-01
5.076987449337199143e-01 8.130019083642683331e-01
5.099121997052917798e-01 8.140001150184563716e-01
5.127143749127465178e-01 8.150000004309077006e-01
5.149417085276075667e-01 8.160080242907450376e-01
5.173486416443157099e-01 8.170113699837334709e-01
5.198140840267888585e-01 8.180001770933558181e-01
5.223949115626254081e-01 8.190005945382887731e-01
5.254155627133590967e-01 8.200076101525896055e-01
5.282584717953865416e-01 8.210002549167905173e-01
5.311200976289394138e-01 8.220002541044073574e-01
5.338422732704377616e-01 8.230002653694681314e-01
5.364683798985083740e-01 8.240000007699583850e-01
5.389596814017942883e-01 8.250001267193001198e-01
5.416488455128700696e-01 8.260001143006923119e-01
5.445297907136024129e-01 8.270002935717475356e-01
5.472966697691723503e-01 8.280001942043073715e-01
5.503595256604145725e-01 8.290000233310073074e-01
5.533968911236180066e-01 8.300000334217991771e-01
5.562086709651010707e-01 8.310058977523397949e-01
5.593603018852115749e-01 8.320000141903426405e-01
5.622637453596363022e-01 8.330000606108223238e-01
5.656431416236882281e-01 8.340000363524614491e-01
5.688294602901833308e-01 8.350006141218353495e-01
5.715632366355420935e-01 8.360001164810360041e-01
5.750094686766713536e-01 8.370008142515183991e-01
5.777108026523136708e-01 8.380003201125157952e-01
5.809388132348541900e-01 8.390000623677047464e-01
5.843381748878764270e-01 8.400008032800054814e-01
5.879318352899181033e-01 8.410001821588379833e-01
5.911099832802118037e-01 8.420011169973922183e-01
5.945887825700901796e-01 8.430000025747121928e-01
5.976697665548966754e-01 8.440001823867615549e-01
6.005008146049646278e-01 8.450015652884985684e-01
6.037283356344380625e-01 8.460004869970172425e-01
6.067785591374661447e-01 8.470006927940876285e-01
6.102666657852788834e-01 8.480010762028473703e-01
6.136118965346923915e-01 8.490040681720103510e-01
6.166710981302712113e-01 8.500002834049569245e-01
6.198502108686625434e-01 8.510004890228455299e-01
6.225753902216715208e-01 8.520003110984034622e-01
6.257036179211870053e-01 8.530002298114883752e-01
6.288354429140642354e-01 8.540001801948184923e-01
6.311994320796602276e-01 8.550006765183819635e-01
6.343668398473929493e-01 8.560000097533255747e-01
6.377231096552744560e-01 8.570050636386765675e-01
6.407482049948409752e-01 8.580016792492717315e-01
6.438235237002929434e-01 8.590001592936062913e-01
6.468953875829871469e-01 8.600000412163866237e-01
6.502138402482025015e-01 8.610034593021849147e-01
6.535999736736259891e-01 8.620008903425007141e-01
6.571642677197372384e-01 8.630007716206180568e-01
6.611825357185474594e-01 8.640000547673695186e-01
6.649330835940716611e-01 8.650053600353878602e-01
6.685747783875561900e-01 8.660000923528901051e-01
6.720793698137079719e-01 8.670001453118814094e-01
6.760125860100452133e-01 8.680000194833714655e-01
6.796793243848331390e-01 8.690020535289562087e-01
6.832483644417219892e-01 8.700001874917501210e-01
6.872069443718533677e-01 8.710005122030872737e-01
6.910856917732935978e-01 8.720001704304456425e-01
6.950711984041735292e-01 8.730000471281096353e-01
6.992288856511050810e-01 8.740004017613690612e-01
7.030644378911039549e-01 8.750000007534878277e-01
7.072954460665180632e-01 8.760023582291602828e-01
7.115431410406367618e-01 8.770000389035500499e-01
7.152528797361072943e-01 8.780010265332240937e-01
7.187705823749094280e-01 8.790000180339845315e-01
7.228432989667844533e-01 8.800000680203992065e-01
7.274720576667479399e-01 8.810000367882477867e-01
7.320974305667293791e-01 8.820002392730438290e-01
7.358808679144652753e-01 8.830007956751246834e-01
7.401718249096713720e-01 8.840000378806291970e-01
7.442864207000684518e-01 8.850002255242681581e-01
7.474725094217538057e-01 8.860013084153084417e-01
7.518333623158262036e-01 8.870000052877500263e-01
7.558222496041249183e-01 8.880004368955846106e-01
7.597137633750746799e-01 8.890007669817585612e-01
7.637628959045508203e-01 8.900006659305098600e-01
7.676875179834872220e-01 8.910016296186862306e-01
7.725298408006051609e-01 8.920003272606356060e-01
7.772658570233870190e-01 8.930000106762548961e-01
7.815748879873620769e-01 8.940001156871875132e-01
7.857998595700106392e-01 8.950005082357211927e-01
7.900786002865771707e-01 8.960001040228925406e-01
7.951028943876692345e-01 8.970000203862875665e-01
8.000871524355983588e-01 8.980000435336249476e-01
8.046823451306384101e-01 8.990000000576949812e-01
8.095607878901582843e-01 9.000000010579614074e-01
8.148019851987229334e-01 9.010000493145924327e-01
8.201976124145029523e-01 9.020000045238856234e-01
8.255360370206024090e-01 9.030000097677837179e-01
8.306594904251101141e-01 9.040013773425226162e-01
8.364677417587995656e-01 9.050001273904312304e-01
8.416681119293665247e-01 9.060000938106083090e-01
8.471497767021647363e-01 9.070001474343514225e-01
8.527061972018439295e-01 9.080000422739633592e-01
8.579683448315753580e-01 9.090017452027163714e-01
8.635123289926798229e-01 9.100001591967956660e-01
8.691579838369498656e-01 9.110000090883672019e-01
8.752853444739436828e-01 9.120000840367733508e-01
8.806236070648735259e-01 9.130003949595382196e-01
8.862565944330593748e-01 9.140001639780408471e-01
8.921381235630732043e-01 9.150001631401160074e-01
8.975752440427000600e-01 9.160000071647700359e-01
9.028808418218832177e-01 9.170047098828328913e-01
9.080669690647069636e-01 9.180000601757050127e-01
9.133965507664418837e-01 9.190000158128635022e-01
9.187853498190845514e-01 9.200005422255064236e-01
9.243868959551571063e-01 9.210000619369869135e-01
9.302060307166859499e-01 9.220000583527840909e-01
9.358512810975718743e-01 9.230004292671427635e-01
9.414858003851964696e-01 9.240001989931514448e-01
9.473702718786092269e-01 9.250060851305941245e-01
9.531841697861942464e-01 9.260000023084620224e-01
9.590142713461621282e-01 9.270000647968401619e-01
9.648921015699351011e-01 9.280000650090032277e-01
9.708968115392311304e-01 9.290004587991043117e-01
9.766273552471291808e-01 9.300000223281758016e-01
9.823092841898328764e-01 9.310001192685319893e-01
9.879369054221660562e-01 9.320000357383644296e-01
9.938478005598083698e-01 9.330003985886523576e-01
9.999469501908802016e-01 9.340000006111193187e-01
1.005867785469490627e+00 9.350000657683135152e-01
1.011773899611923877e+00 9.360003632136330021e-01
1.017476978886914907e+00 9.370348717499313862e-01
1.022720837008951333e+00 9.380000411851505682e-01
1.027885459488747433e+00 9.390000182234015114e-01
1.034030301408876751e+00 9.400000294589971883e-01
1.040151719181348966e+00 9.410002322357303717e-01
1.046214779526180028e+00 9.420003965955454639e-01
1.052092762853069630e+00 9.430017491536326624e-01
1.056968006500524693e+00 9.440000076330838930e-01
1.062548736056809107e+00 9.450000833867819861e-01
1.069184084255825340e+00 9.460003167703923133e-01
1.075560920421782862e+00 9.470004781788816661e-01
1.081512235257818588e+00 9.480001463080678370e-01
1.087513525049432550e+00 9.490003313976904664e-01
1.092744802684796790e+00 9.500000043268840288e-01
1.099602548143841396e+00 9.510012559820122391e-01
1.107102547346365595e+00 9.520000663352109482e-01
1.114523299545850499e+00 9.530000441244559362e-01
1.121513953283512777e+00 9.540004515758917503e-01
1.129139491198204226e+00 9.550000678394672260e-01
1.136975371270284141e+00 9.560001558734654292e-01
1.144736071752571860e+00 9.570001264780327865e-01
1.152443223372396464e+00 9.580000785881088721e-01
1.160062722603732333e+00 9.590002499512423340e-01
1.167804481658918148e+00 9.600001549171295334e-01
1.175736591638503192e+00 9.610009304946254272e-01
1.183994401505632066e+00 9.620000767050271850e-01
1.192349482103155722e+00 9.630017400129669003e-01
1.200736860698992547e+00 9.640000178159329192e-01
1.209690000168540891e+00 9.650000300906613759e-01
1.218294135480114004e+00 9.660000078315176264e-01
1.227614789844154952e+00 9.670003688109998219e-01
1.237568029704507078e+00 9.680000003888548088e-01
1.248975584858907473e+00 9.690000611047175916e-01
1.261396499943066907e+00 9.700002105341778424e-01
1.274473409852593608e+00 9.710002177004883883e-01
1.288126280879056562e+00 9.720001125715694856e-01
1.303093493909540879e+00 9.730000042787239067e-01
1.318524213585499538e+00 9.740002749149687666e-01
1.336537391792346430e+00 9.750000507781164671e-01
1.354416845060584462e+00 9.760002693719802558e-01
1.372769505361761899e+00 9.770002403735729146e-01
1.391755239318286819e+00 9.780006251777706439e-01
1.412378629997013579e+00 9.790000992034864069e-01
1.434044282122175717e+00 9.800000001477054967e-01
1.456895959013706943e+00 9.810000210036955437e-01
1.480146487857133986e+00 9.820000385428104828e-01
1.505643589414286776e+00 9.830000004266670199e-01
1.533969514163979975e+00 9.840000070406995647e-01
1.564267563363251679e+00 9.850000075035059144e-01
1.596455860510551883e+00 9.860000296161244293e-01
1.635532629758109646e+00 9.870000306174727678e-01
1.678958897344163148e+00 9.880000040427190378e-01
1.726735722369260539e+00 9.890000144374695434e-01
1.779016544881458550e+00 9.900000141050594449e-01
1.834733438456330301e+00 9.910000007812509448e-01
1.889294718651004956e+00 9.920000059893767652e-01
1.950038652194219457e+00 9.930000078974305922e-01
2.017234611030685798e+00 9.940001022458758717e-01
2.096289724802938625e+00 9.950000126664828581e-01
2.195614872808177243e+00 9.960000068550846075e-01
2.347739624791776780e+00 9.970001439297702106e-01
2.537895210322461459e+00 9.980000008082567931e-01
2.864872084593372392e+00 9.990000006958565937e-01
1.490801199851571290e+01 9.999999999993165467e-01
