# Random field Heisenberg chain
# L=14, J=1, Delta=0.7, W=1.5, h_i in [-W,W]
# Integrated spectral function of the Anderson LIOMs I_alpha
# omega I_alpha

0.000000000000000000e+00 1.005357921902871442e-03
0.000000000000000000e+00 2.011892930953618382e-03
0.000000000000000000e+00 3.082222623678919186e-03
0.000000000000000000e+00 4.014283276325299882e-03
0.000000000000000000e+00 5.055479983983980977e-03
0.000000000000000000e+00 6.001803682851143684e-03
0.000000000000000000e+00 7.009379933389489441e-03
0.000000000000000000e+00 8.123845212138427682e-03
0.000000000000000000e+00 9.036824828003074683e-03
0.000000000000000000e+00 1.001932771771981388e-02
0.000000000000000000e+00 1.108316684253271393e-02
0.000000000000000000e+00 1.201322760595888856e-02
0.000000000000000000e+00 1.302662433995502647e-02
0.000000000000000000e+00 1.400364251947832511e-02
0.000000000000000000e+00 1.505108613958780657e-02
0.000000000000000000e+00 1.600808120885852809e-02
0.000000000000000000e+00 1.702217817588600260e-02
0.000000000000000000e+00 1.804434826560525826e-02
0.000000000000000000e+00 1.912720382359435478e-02
0.000000000000000000e+00 2.003242095891743721e-02
0.000000000000000000e+00 2.106888481850238692e-02
0.000000000000000000e+00 2.207514319418150961e-02
0.000000000000000000e+00 2.302442207157568560e-02
0.000000000000000000e+00 2.404388250147451722e-02
0.000000000000000000e+00 2.500970330650298043e-02
0.000000000000000000e+00 2.607861239330817177e-02
0.000000000000000000e+00 2.700013500023678084e-02
0.000000000000000000e+00 2.800310938106733219e-02
0.000000000000000000e+00 2.902541432015636955e-02
0.000000000000000000e+00 3.001729315607232912e-02
0.000000000000000000e+00 3.102617191363265733e-02
0.000000000000000000e+00 3.203488185825430212e-02
0.000000000000000000e+00 3.301408018721219834e-02
0.000000000000000000e+00 3.410573318987061148e-02
0.000000000000000000e+00 3.500289149437877528e-02
0.000000000000000000e+00 3.606235149483999480e-02
0.000000000000000000e+00 3.705030209690977905e-02
0.000000000000000000e+00 3.821697722021395044e-02
0.000000000000000000e+00 3.900085067004914474e-02
0.000000000000000000e+00 4.005251577190224038e-02
0.000000000000000000e+00 4.102382366317224027e-02
0.000000000000000000e+00 4.204646327311861720e-02
0.000000000000000000e+00 4.304180465899488939e-02
0.000000000000000000e+00 4.401163268457565503e-02
0.000000000000000000e+00 4.502018590920387614e-02
0.000000000000000000e+00 4.604744098774914141e-02
0.000000000000000000e+00 4.703094492745513167e-02
0.000000000000000000e+00 4.803051299178691391e-02
0.000000000000000000e+00 4.916854129243319882e-02
0.000000000000000000e+00 5.013271452844612897e-02
0.000000000000000000e+00 5.104722783958285520e-02
0.000000000000000000e+00 5.201839741178426735e-02
0.000000000000000000e+00 5.300197299156474834e-02
0.000000000000000000e+00 5.407226910049145463e-02
0.000000000000000000e+00 5.500810205437747791e-02
0.000000000000000000e+00 5.606129324937567104e-02
0.000000000000000000e+00 5.707546084465615205e-02
0.000000000000000000e+00 5.816168281193970224e-02
0.000000000000000000e+00 5.911332088376838878e-02
0.000000000000000000e+00 6.002297029882330826e-02
0.000000000000000000e+00 6.105204659608556156e-02
0.000000000000000000e+00 6.200982875472411948e-02
0.000000000000000000e+00 6.307468996861703703e-02
0.000000000000000000e+00 6.401740327007511555e-02
0.000000000000000000e+00 6.506625114342039218e-02
0.000000000000000000e+00 6.604059946029326722e-02
0.000000000000000000e+00 6.700082184584814360e-02
0.000000000000000000e+00 6.801036321214400104e-02
0.000000000000000000e+00 6.906931634266957887e-02
0.000000000000000000e+00 7.002156638274521783e-02
0.000000000000000000e+00 7.105326293979423447e-02
0.000000000000000000e+00 7.204904018941520050e-02
0.000000000000000000e+00 7.308415110430256656e-02
0.000000000000000000e+00 7.406991946559635109e-02
0.000000000000000000e+00 7.506250313968880483e-02
0.000000000000000000e+00 7.600960075832394192e-02
0.000000000000000000e+00 7.707995071376609608e-02
0.000000000000000000e+00 7.805747108810880130e-02
0.000000000000000000e+00 7.915431687899014690e-02
0.000000000000000000e+00 8.014410979944425195e-02
0.000000000000000000e+00 8.101392772234541906e-02
0.000000000000000000e+00 8.201501113478217031e-02
0.000000000000000000e+00 8.303284147721610997e-02
0.000000000000000000e+00 8.401104575503490213e-02
0.000000000000000000e+00 8.503628597660838062e-02
0.000000000000000000e+00 8.605259892643189745e-02
0.000000000000000000e+00 8.700835203532374107e-02
0.000000000000000000e+00 8.801367061634869648e-02
0.000000000000000000e+00 8.901766233569505249e-02
0.000000000000000000e+00 9.001871987206008785e-02
0.000000000000000000e+00 9.101036585675328916e-02
0.000000000000000000e+00 9.200632694426325031e-02
0.000000000000000000e+00 9.320457957249750347e-02
2.401864867458414210e-04 9.410117270175077930e-02
3.885839708708260787e-04 9.501574366809015237e-02
4.734189375477093620e-04 9.608851712639418508e-02
5.889663831659674997e-04 9.701172399140221836e-02
6.707528554579234026e-04 9.800416023562208423e-02
7.729138434156013204e-04 9.900123504580049527e-02
8.489137945713043365e-04 1.000130864310495166e-01
9.337070457446361438e-04 1.010000380886146576e-01
1.013495328245461735e-03 1.020364374189292045e-01
1.072862462779676507e-03 1.030434842139631435e-01
1.130817091310021283e-03 1.040013411478191152e-01
1.219208738079569088e-03 1.050017984882036792e-01
1.306039089520538710e-03 1.060034121519353723e-01
1.348352539381370008e-03 1.070014802724790215e-01
1.423888492493086133e-03 1.080040607955313203e-01
1.491427189307392709e-03 1.090092001677874789e-01
1.574084436392730879e-03 1.100126722086424008e-01
1.640632811870101904e-03 1.110036900717306929e-01
1.707560118362039248e-03 1.120020384164539529e-01
1.777697992439097874e-03 1.130106116790333265e-01
1.857486386361628661e-03 1.140134874422820133e-01
1.960646560005940842e-03 1.150632870015563108e-01
2.025533218850572581e-03 1.160036192194393856e-01
2.091217562348646197e-03 1.170053209990004062e-01
2.178556319158087007e-03 1.180080356371643879e-01
2.274471007290612690e-03 1.190212033465550684e-01
2.352455675681763836e-03 1.200187230154869111e-01
2.427491471820975022e-03 1.210078763074416974e-01
2.532089121830560785e-03 1.220005414571631863e-01
2.600410509791872826e-03 1.230019668895146745e-01
2.723253273232417726e-03 1.240146167522569176e-01
2.801097405802366325e-03 1.250018488695187613e-01
2.880207642040222282e-03 1.260004572723822103e-01
2.936599117502325385e-03 1.270056140413230172e-01
3.017225449340021903e-03 1.280124444523254024e-01
3.074987999914569059e-03 1.290009728780363851e-01
3.143408415642312548e-03 1.300019044579902305e-01
3.208213722846797733e-03 1.310005610205483284e-01
3.271824356911423592e-03 1.320014909871338460e-01
3.353630323275513803e-03 1.330006813500120566e-01
3.457561365031391887e-03 1.340006534360023427e-01
3.566278241062587409e-03 1.350331571053347557e-01
3.650013881560276729e-03 1.360587652236685263e-01
3.730224948973681620e-03 1.370118678269701962e-01
3.813336950591939001e-03 1.380007206893710536e-01
3.916099450202548127e-03 1.390003666314293396e-01
3.986880475967957693e-03 1.400123505361259568e-01
4.079790298985752628e-03 1.410017014907718746e-01
4.161851348196465850e-03 1.420044844811086948e-01
4.260961664354634415e-03 1.430043857974895305e-01
4.367187214815437812e-03 1.440004114205274965e-01
4.451187567053205285e-03 1.450036673843767832e-01
4.541569736337125462e-03 1.460361752412704939e-01
4.627075212727538300e-03 1.470011977827800631e-01
4.713391437895175784e-03 1.480000505220569473e-01
4.847928934608058960e-03 1.490032926045269102e-01
4.926667514405735915e-03 1.500061749828265067e-01
5.004118491320763695e-03 1.510040664376018638e-01
5.125070252622876410e-03 1.520021474607168854e-01
5.215418649400005435e-03 1.530131610138813492e-01
5.297060341528769811e-03 1.540025910059554803e-01
5.413551728543630759e-03 1.550012581172295623e-01
5.506114788944083127e-03 1.560011020256884817e-01
5.614097080846036647e-03 1.570012267566545938e-01
5.718238446061951752e-03 1.580332159769988476e-01
5.823929146032899573e-03 1.590222759230038585e-01
5.939186251924688520e-03 1.600007163950223910e-01
6.021863835084406702e-03 1.610008763126704601e-01
6.103072238527684767e-03 1.620015701842529854e-01
6.205858591747492881e-03 1.630007764875734955e-01
6.291417063409632249e-03 1.640009933074314530e-01
6.441851645991092390e-03 1.650115826733428714e-01
6.547487103853999457e-03 1.660050011809920678e-01
6.653744640973346947e-03 1.670005306136528866e-01
6.774988147177474218e-03 1.680078663007411877e-01
6.891158771135330596e-03 1.690095210341876208e-01
7.014084129012942981e-03 1.700436549121911167e-01
7.097828997316923960e-03 1.710007276297474954e-01
7.227597582789790920e-03 1.720028537134359881e-01
7.334031990054112882e-03 1.730007703511539097e-01
7.450376581559225997e-03 1.740034191763760452e-01
7.597588512667563521e-03 1.750032426880409886e-01
7.715080007689056885e-03 1.760146528596894522e-01
7.827285174485165697e-03 1.770012196817335737e-01
7.956598263613834376e-03 1.780032204636794180e-01
8.093312630319315915e-03 1.790041174850270089e-01
8.237599070804790813e-03 1.800060138554949452e-01
8.374639685059248606e-03 1.810018470563891091e-01
8.486754118997241747e-03 1.820005480051556934e-01
8.638127839501019700e-03 1.830025227750045058e-01
8.730102582067522654e-03 1.840073792072413617e-01
8.878708493220588416e-03 1.850011641583209077e-01
9.031269792764806681e-03 1.860014428878380977e-01
9.154533139663190155e-03 1.870002538485417143e-01
9.294116448796962970e-03 1.880017042852691056e-01
9.480420186262605853e-03 1.890005949862404167e-01
9.599034845820586526e-03 1.900004720161554972e-01
9.709720787796971564e-03 1.910075111794425073e-01
9.844873376009921628e-03 1.920025505383489428e-01
1.002869849145948677e-02 1.930040052728672906e-01
1.017967292505272958e-02 1.940029835525412250e-01
1.034230423601956161e-02 1.950039335397076579e-01
1.050827392673481242e-02 1.960173876457319830e-01
1.067167015423992060e-02 1.970034837661483185e-01
1.086065030365868100e-02 1.980222604027701283e-01
1.097864504379586492e-02 1.990016303809785947e-01
1.112820778484779893e-02 2.000001373785122716e-01
1.123972689818941717e-02 2.010269964994539638e-01
1.136674865878428697e-02 2.020087726503880521e-01
1.154246993975194258e-02 2.030142735312630287e-01
1.169479105598592028e-02 2.040015253773520276e-01
1.185043089254622650e-02 2.050000761381060299e-01
1.200652553511849518e-02 2.060008511542800180e-01
1.214041871096727121e-02 2.070001508747900953e-01
1.226799705892989145e-02 2.080040346391439088e-01
1.244852621308556451e-02 2.090013214818501885e-01
1.260871755210679623e-02 2.100061140099201973e-01
1.277466522764703072e-02 2.110006979670743243e-01
1.293020611836204203e-02 2.120021585599782543e-01
1.314114244226693984e-02 2.130042758362085675e-01
1.331817439568849792e-02 2.140035320278194098e-01
1.349053218369800078e-02 2.150051219353310283e-01
1.366237687677607227e-02 2.160112233821499250e-01
1.381045578130835061e-02 2.170001075550674341e-01
1.402179933723601835e-02 2.180003380611211239e-01
1.420297377865442634e-02 2.190068506981038277e-01
1.435525127643710874e-02 2.200004573457430279e-01
1.457823409869440923e-02 2.210307244121731962e-01
1.470425350237669626e-02 2.220021107160303209e-01
1.489910275789729788e-02 2.230013433272039769e-01
1.513990192153114034e-02 2.240006528573968148e-01
1.533684414626890202e-02 2.250007147759846560e-01
1.549218285543663143e-02 2.260019392058296717e-01
1.569534030702435246e-02 2.270079080265043903e-01
1.590030150888432914e-02 2.280148050972118923e-01
1.610411849170012566e-02 2.290007181885732601e-01
1.631195214689240558e-02 2.300036069780301839e-01
1.658064184703622601e-02 2.310407319161986439e-01
1.680734662400085178e-02 2.320004138514600855e-01
1.700388722958212639e-02 2.330014268973933933e-01
1.715095919342657371e-02 2.340099478801029309e-01
1.733987808621684223e-02 2.350001177759875604e-01
1.756974017995871495e-02 2.360037953882609674e-01
1.779287097457471489e-02 2.370001765389146975e-01
1.800787047330021373e-02 2.380056106826811679e-01
1.825211964000139631e-02 2.390008794883510534e-01
1.843906116738569523e-02 2.400144099624228478e-01
1.861067426602014407e-02 2.410146763041671192e-01
1.884228901893969521e-02 2.420019678894807513e-01
1.906722153787265839e-02 2.430003247851053594e-01
1.930209266078719565e-02 2.440002672258531902e-01
1.954631193339917417e-02 2.450006578694078063e-01
1.977276811802308742e-02 2.460018101544243496e-01
2.002678451565031992e-02 2.470000644060014183e-01
2.029745784025971389e-02 2.480000242567350632e-01
2.052405449807068877e-02 2.490014727214128476e-01
2.076480432955518651e-02 2.500057002320957289e-01
2.101814572192362007e-02 2.510003821900178012e-01
2.125424717793134022e-02 2.520001172369057407e-01
2.155455541739526026e-02 2.530028469074869224e-01
2.182661874595570595e-02 2.540004336222195236e-01
2.211532463054291520e-02 2.550055784546914617e-01
2.234397064431181690e-02 2.560001671908956888e-01
2.262380412814657404e-02 2.570009724660212158e-01
2.282747375158677983e-02 2.580054696084354560e-01
2.313445876609154794e-02 2.590002381211329863e-01
2.334581262037804805e-02 2.600063294007334824e-01
2.363558155115885739e-02 2.610008861662140300e-01
2.388585016691213703e-02 2.620011955594765962e-01
2.417751929634737174e-02 2.630024594513575287e-01
2.445268926363008966e-02 2.640002185687891356e-01
2.472215927057508367e-02 2.650010111870124696e-01
2.501649425197882692e-02 2.660001906295554885e-01
2.528252575353295839e-02 2.670077690599556020e-01
2.556106487243070546e-02 2.680067132378255446e-01
2.583481344813298719e-02 2.690005864453331452e-01
2.601416357249597411e-02 2.700068970603585194e-01
2.627284375122107551e-02 2.710112534370224258e-01
2.657684594035825132e-02 2.720069627623086794e-01
2.693714843898042943e-02 2.730004063143096626e-01
2.726159159481289507e-02 2.740018896693066641e-01
2.754715606610380618e-02 2.750000035463342485e-01
2.784345460751658230e-02 2.760002269283013954e-01
2.814399220218222197e-02 2.770002461259823412e-01
2.846547938400245670e-02 2.780002952045121378e-01
2.880999622570945551e-02 2.790024022104263812e-01
2.913396874258472602e-02 2.800006351776791469e-01
2.943432853336158672e-02 2.810024251438958953e-01
2.973076920792205868e-02 2.820003437234449573e-01
2.998035423296707691e-02 2.830009091165891499e-01
3.034207283998613391e-02 2.840002033823086913e-01
3.072959904899230654e-02 2.850000018760162623e-01
3.108314506533771393e-02 2.860013687331018351e-01
3.139639593648446692e-02 2.870009969802355121e-01
3.170615909187013415e-02 2.880030021764904968e-01
3.206506334137348979e-02 2.890014370907959540e-01
3.235786492194492325e-02 2.900000428739862857e-01
3.267534817098960431e-02 2.910014507766600644e-01
3.306397580041856021e-02 2.920012158269027491e-01
3.345390263311176504e-02 2.930008972667295097e-01
3.380397823149472458e-02 2.940035494871052757e-01
3.418405691290704596e-02 2.950067210560147202e-01
3.458992088727264047e-02 2.960000592616583992e-01
3.496661695476843690e-02 2.970003367337149536e-01
3.535178471515987297e-02 2.980000798652859828e-01
3.567160749845488255e-02 2.990014241204054235e-01
3.599081042163754240e-02 3.000023548063095458e-01
3.635934223285008926e-02 3.010102328920192249e-01
3.669512923890883016e-02 3.020002745021932444e-01
3.711558702364703421e-02 3.030009336623713523e-01
3.748499865345067406e-02 3.040007771764369204e-01
3.793914107559093196e-02 3.050154000451301695e-01
3.825347072258944436e-02 3.060004160759975389e-01
3.868023477961113343e-02 3.070053514264237116e-01
3.904226457267823136e-02 3.080013335640043870e-01
3.937491849686125533e-02 3.090004148667592210e-01
3.974442463443172979e-02 3.100007632686082593e-01
4.018201105535923467e-02 3.110009258445346481e-01
4.052929743295541343e-02 3.120043155142099289e-01
4.088767304575924300e-02 3.130004285328302771e-01
4.124495792272231398e-02 3.140006881940530792e-01
4.152860316160111864e-02 3.150001997896535455e-01
4.191636042000590479e-02 3.160000047593517492e-01
4.230948580320825769e-02 3.170005518263356303e-01
4.271523988353287393e-02 3.180023797840781929e-01
4.306534624221258767e-02 3.190023692289888912e-01
4.347803435243469128e-02 3.200005943752814441e-01
4.392410660559598057e-02 3.210092086335802342e-01
4.434591536478205143e-02 3.220006719981959864e-01
4.481709238735609446e-02 3.230003204431673436e-01
4.522747318117548154e-02 3.240003513896997367e-01
4.564394706683749803e-02 3.250002859585417458e-01
4.608397485075821365e-02 3.260027868355968583e-01
4.649564512599235755e-02 3.270024558328647468e-01
4.685272316886424093e-02 3.280004718707000833e-01
4.733426920091376999e-02 3.290028637415507440e-01
4.770556807481174388e-02 3.300006154131363001e-01
4.807234967010254323e-02 3.310035684034206560e-01
4.849241895919087497e-02 3.320015017511925293e-01
4.899975929509947647e-02 3.330018698303179314e-01
4.951065101748375330e-02 3.340004074880681961e-01
5.000982763608202708e-02 3.350007953244603098e-01
5.048526816998366584e-02 3.360000630434562541e-01
5.099554196282163332e-02 3.370005706524872857e-01
5.140565972269461881e-02 3.380006985039796796e-01
5.192434980979188097e-02 3.390040556735215982e-01
5.252348948488316793e-02 3.400000885946193319e-01
5.303383016522023041e-02 3.410018977817668162e-01
5.360473605139048914e-02 3.420039063188085038e-01
5.408914693047450761e-02 3.430036677962888803e-01
5.453924344292415682e-02 3.440002822672129645e-01
5.504592341140751577e-02 3.450060917634420465e-01
5.549002602397790085e-02 3.460009353378460384e-01
5.598183572872961200e-02 3.470006519166441428e-01
5.648917427860777885e-02 3.480002571409281931e-01
5.702676584679844396e-02 3.490009853698428643e-01
5.752863048962275627e-02 3.500000918363040947e-01
5.814222848887240502e-02 3.510001726351817397e-01
5.859408562030177237e-02 3.520000021924714062e-01
5.906697822147721766e-02 3.530013677517698789e-01
5.955058427269399601e-02 3.540002026081579545e-01
6.006469808759362650e-02 3.550002990407923331e-01
6.052034056960042818e-02 3.560003456466282468e-01
6.110413439405970593e-02 3.570004388196415523e-01
6.157207668760078523e-02 3.580016872715347520e-01
6.210856845922041458e-02 3.590004375554760596e-01
6.269266633220116347e-02 3.600200768870259749e-01
6.315204770915583410e-02 3.610004775040882019e-01
6.366174154154702336e-02 3.620006132923663800e-01
6.426412308732221135e-02 3.630043704273269722e-01
6.477482046183524744e-02 3.640006273212010868e-01
6.516111764840193388e-02 3.650206976299437689e-01
6.569529380699737353e-02 3.660032678988132671e-01
6.621581499772422053e-02 3.670005980899768705e-01
6.687017935412420400e-02 3.680026574209681045e-01
6.758071467905790719e-02 3.690009752787953290e-01
6.820738410413751396e-02 3.700010577127511024e-01
6.869652644707358036e-02 3.710006898900592431e-01
6.927629345860153443e-02 3.720005463125665712e-01
6.994665905207586576e-02 3.730001976428609090e-01
7.052072840292922251e-02 3.740024898094020389e-01
7.121499469779113412e-02 3.750004332285062358e-01
7.190759556228096261e-02 3.760007454505564506e-01
7.250048078557114195e-02 3.770009568661796262e-01
7.310619716654842559e-02 3.780010593417580389e-01
7.371149376382302165e-02 3.790004601536801632e-01
7.433550674769495714e-02 3.800000373928180686e-01
7.499065704435814439e-02 3.810001727950001471e-01
7.559276938157766246e-02 3.820006469344011113e-01
7.603815167117389251e-02 3.830099994986775891e-01
7.667900888078360566e-02 3.840057807777013665e-01
7.703320234017418944e-02 3.850002315002848396e-01
7.777588613038982635e-02 3.860007810302393261e-01
7.841787460908222762e-02 3.870003158734674487e-01
7.904955639491095809e-02 3.880025217243919244e-01
7.964522600994294876e-02 3.890015248414281923e-01
8.024862350577377512e-02 3.900013566616284955e-01
8.097231369610735641e-02 3.910000896522586866e-01
8.160359754040946711e-02 3.920006306557265452e-01
8.220520699886835203e-02 3.930007975242075235e-01
8.282900949193949813e-02 3.940143590877242530e-01
8.358146333080150592e-02 3.950001262086095810e-01
8.422126280172514967e-02 3.960000960282877291e-01
8.492203758360705734e-02 3.970016210626567954e-01
8.558621473357153064e-02 3.980007098089006767e-01
8.626340484945815845e-02 3.990005040837206751e-01
8.698566047466194107e-02 4.000015468893742820e-01
8.760169534974460159e-02 4.010011062602336085e-01
8.826024831849421659e-02 4.020000685776337623e-01
8.895564637958242038e-02 4.030025095483504294e-01
8.960876713449739128e-02 4.040000395157611890e-01
9.015065914192099683e-02 4.050005249722997691e-01
9.086576392824463611e-02 4.060013457786083579e-01
9.144763277127854195e-02 4.070004542452514973e-01
9.218194486638564555e-02 4.080009576124803972e-01
9.293727970473453226e-02 4.090004674321450207e-01
9.360038709092766140e-02 4.101801897523012497e-01
9.396437677515256937e-02 4.110001015355562726e-01
9.473265452918955276e-02 4.120000197176645895e-01
9.560070696325562167e-02 4.130006784968955347e-01
9.638674191753615617e-02 4.140002128727713893e-01
9.706530695949489029e-02 4.150011202689148915e-01
9.769376875046242859e-02 4.160006099707430627e-01
9.845485955265909084e-02 4.170001559083155729e-01
9.911415620374341984e-02 4.180000550055446573e-01
9.986883652325495575e-02 4.190000777659532716e-01
1.006446186729896830e-01 4.200003174882956936e-01
1.012628851426968790e-01 4.210008928143049167e-01
1.018975985061909006e-01 4.220008667572255900e-01
1.026363526098155177e-01 4.230001034074762911e-01
1.034166137281609110e-01 4.240021559439363097e-01
1.042179637834426131e-01 4.250010463173121700e-01
1.050503405800644607e-01 4.260004329904850673e-01
1.057971650102524919e-01 4.270007816406213852e-01
1.064287620000359258e-01 4.280077957831886493e-01
1.071826929484402946e-01 4.290000510465544203e-01
1.079019731612254063e-01 4.300026134734478700e-01
1.086994550607618404e-01 4.310006361971566724e-01
1.094450179874368878e-01 4.320000440623856797e-01
1.102294080006069876e-01 4.330001407118150292e-01
1.110465909728590717e-01 4.340035354075336693e-01
1.117283709079834875e-01 4.350000613627065249e-01
1.125558794735110890e-01 4.360004746780368756e-01
1.131825770964985239e-01 4.370086624038549417e-01
1.139550709706655951e-01 4.380074812442069643e-01
1.146742237799910358e-01 4.390034720404727420e-01
1.153612292033185938e-01 4.400000661274329206e-01
1.161337497316985434e-01 4.410000558738912946e-01
1.168482635366072664e-01 4.420000647923514325e-01
1.176004606354688065e-01 4.430004826441454879e-01
1.183476856330585303e-01 4.440027865256125361e-01
1.191488488802994183e-01 4.450010591230992851e-01
1.197981714688127752e-01 4.460000783689162529e-01
1.204186058882492638e-01 4.470003344614676966e-01
1.211540575294711708e-01 4.480000049496508652e-01
1.217582747346083183e-01 4.490003172308486001e-01
1.225158145577078805e-01 4.500000548016324098e-01
1.232733446204248295e-01 4.510080666410474226e-01
1.239533346403227654e-01 4.520003230745123779e-01
1.246923550743299636e-01 4.530001044226161788e-01
1.254511163386196060e-01 4.540032687464727323e-01
1.262762592528643424e-01 4.550018269598066212e-01
1.270636521425716481e-01 4.560004629037663348e-01
1.278115536420432186e-01 4.570022701290083478e-01
1.285366441835368856e-01 4.580008745823307970e-01
1.291833251540488448e-01 4.590084407133737665e-01
1.298344669256237260e-01 4.600002212275704494e-01
1.305159907632125194e-01 4.610000438183481930e-01
1.313505669454446689e-01 4.620001542883109824e-01
1.321191029880175449e-01 4.630004383978702509e-01
1.328112590392596104e-01 4.640016927450188455e-01
1.335962162162243061e-01 4.650002711258363064e-01
1.343251518987553794e-01 4.660001548401497273e-01
1.350861867260908511e-01 4.670008237974860865e-01
1.357256385440765989e-01 4.680009207703418883e-01
1.365726990428623999e-01 4.690002190929946080e-01
1.372522957610106120e-01 4.700004262870297600e-01
1.379607075705133745e-01 4.710004653501712601e-01
1.387460573058971747e-01 4.720007643468693836e-01
1.395716483960915966e-01 4.730062152876633452e-01
1.404794454559192829e-01 4.740059735928401907e-01
1.412960579848381304e-01 4.750045291494588429e-01
1.421144579531463670e-01 4.760000637375677024e-01
1.429040334183624417e-01 4.770000331453742581e-01
1.435435831792408745e-01 4.780260895109494923e-01
1.442787033913677242e-01 4.790008757894717029e-01
1.451690104396723413e-01 4.800000960924387106e-01
1.459750794040313160e-01 4.810004173923654869e-01
1.465989510382419425e-01 4.820277728139745754e-01
1.474042938002382286e-01 4.830314839901679869e-01
1.482910803196877403e-01 4.840047153450630080e-01
1.491599162815746560e-01 4.850010254200531890e-01
1.499969485518128920e-01 4.860022562557336223e-01
1.508046631693007456e-01 4.870116894926685425e-01
1.516641159262144267e-01 4.880034442694790586e-01
1.525837530840321588e-01 4.890008350047914676e-01
1.533423416967232278e-01 4.900098604652985412e-01
1.541650978965318775e-01 4.910008816257537823e-01
1.547745677810579146e-01 4.920004423333427801e-01
1.554971414112360506e-01 4.930836838473323658e-01
1.561820854604492048e-01 4.940040958149611305e-01
1.570655407834342654e-01 4.950005791264853183e-01
1.578450744179177301e-01 4.960004575839123686e-01
1.587121838817635577e-01 4.970130086281794868e-01
1.596593265865466904e-01 4.980010962345256531e-01
1.603150104322610681e-01 4.990001036831487324e-01
1.611265468911500243e-01 5.000008197258746234e-01
1.619844172867095367e-01 5.010059480968536150e-01
1.625616358373229708e-01 5.020001272985153973e-01
1.633907728213213062e-01 5.030000359033356405e-01
1.642112111628888371e-01 5.040245737381472413e-01
1.649707365190984376e-01 5.050003367208117933e-01
1.658183281962899436e-01 5.060091278899846445e-01
1.667107083913635934e-01 5.070001510498072239e-01
1.676118550043850242e-01 5.080019991427252579e-01
1.684419018289537995e-01 5.090014474309255688e-01
1.693370796397291045e-01 5.100098337343952348e-01
1.701532718813378864e-01 5.110007362230266637e-01
1.710526406197114824e-01 5.120034961029981124e-01
1.715659174890133976e-01 5.130025380498046683e-01
1.724017698688404820e-01 5.140001796350275320e-01
1.732618997075457967e-01 5.150011639527699581e-01
1.741108800941630896e-01 5.160000262169038843e-01
1.749588521021487875e-01 5.170021906093059672e-01
1.759834720848825196e-01 5.180049477544244052e-01
1.768439954426748173e-01 5.190001836341449071e-01
1.776719908176240814e-01 5.200005128988850478e-01
1.786494946580581278e-01 5.210000848977699439e-01
1.795220178223460028e-01 5.220000970955317454e-01
1.803582130981111753e-01 5.230008077469280314e-01
1.813555263929408912e-01 5.240036528116813752e-01
1.823073174258063034e-01 5.250045725109649952e-01
1.831883918667094324e-01 5.260019951980297037e-01
1.840444263800746771e-01 5.270005203329676258e-01
1.850267353643464396e-01 5.280003819278042965e-01
1.859206441043774749e-01 5.290021393318099507e-01
1.867324086926411830e-01 5.300187449390983963e-01
1.876151393342244678e-01 5.310113718506769276e-01
1.885620949661785672e-01 5.320000349733587930e-01
1.894642915335587041e-01 5.330002609968224059e-01
1.904058182693955104e-01 5.340002375057363304e-01
1.913190587275063193e-01 5.350074560939195312e-01
1.922709124508914513e-01 5.360000411512945151e-01
1.933265305220657204e-01 5.370002328695741012e-01
1.942223190008631750e-01 5.380005210143402605e-01
1.951558715482328843e-01 5.390000693031794521e-01
1.961199402441677897e-01 5.400202760109963362e-01
1.969844374990201707e-01 5.410011534260265043e-01
1.978302014987807222e-01 5.420004411004792910e-01
1.987541984934226846e-01 5.430000827491847648e-01
1.996136416409708403e-01 5.440001974844014265e-01
2.005608614987242078e-01 5.450003528259499408e-01
2.015338478195940475e-01 5.460002292621969344e-01
2.025384751778703807e-01 5.470018310169338926e-01
2.034677989261197695e-01 5.480003455421469383e-01
2.044317819927544688e-01 5.490007703912361814e-01
2.053286080362015653e-01 5.500005643279612944e-01
2.062602856107003113e-01 5.510002239323066320e-01
2.070769269622672049e-01 5.520022792399721379e-01
2.079570185208425848e-01 5.530007210371151727e-01
2.088352003768663145e-01 5.540000682389882858e-01
2.097133970053635110e-01 5.550018953971578295e-01
2.107888753626058209e-01 5.560001529230503836e-01
2.116257603604538851e-01 5.570001686073485780e-01
2.125667767677710263e-01 5.580001801364578018e-01
2.136256104032634440e-01 5.590005860230744528e-01
2.144967688295017494e-01 5.600002548481751719e-01
2.154552377526152696e-01 5.610010018300992662e-01
2.163321270946432229e-01 5.620000213302758230e-01
2.171766135896114891e-01 5.630255631759368828e-01
2.181289045195289322e-01 5.640002939434360929e-01
2.191791114549359598e-01 5.650003815911754934e-01
2.199780561188804384e-01 5.660016454461018753e-01
2.209247813954919315e-01 5.670000461704147732e-01
2.219476681429615184e-01 5.680002302316995433e-01
2.231101583830505941e-01 5.690011428261135817e-01
2.241736455726535127e-01 5.700010026619664050e-01
2.251896918962992267e-01 5.710003408914975376e-01
2.261506782025470841e-01 5.720000661780988427e-01
2.272454758492532534e-01 5.730000402378916391e-01
2.282347187955844348e-01 5.740000069674503491e-01
2.292618259758061328e-01 5.750018137738247548e-01
2.302360602696440495e-01 5.760038120391974825e-01
2.311812683413774216e-01 5.770002758568421042e-01
2.322188856580864602e-01 5.780011775122760875e-01
2.332388875788704019e-01 5.790008675551209238e-01
2.341850612873508375e-01 5.800005979785295418e-01
2.352220630652261946e-01 5.810015443665188517e-01
2.362424340634421138e-01 5.820000478145860301e-01
2.372026693120847796e-01 5.830011966531634116e-01
2.382530429294602570e-01 5.840005181786898092e-01
2.392994344767580550e-01 5.850479392950658220e-01
2.402410016724334518e-01 5.860000737486151801e-01
2.412818662302522732e-01 5.870099192568489777e-01
2.423163789701483495e-01 5.880033356503394648e-01
2.431998705408133232e-01 5.890000290130705807e-01
2.442035148260526256e-01 5.900210281110899180e-01
2.451600843208012748e-01 5.910001308400993913e-01
2.462207886882037400e-01 5.920009946295112790e-01
2.470598189646704412e-01 5.930001592633288299e-01
2.481778907198537443e-01 5.940020494317428401e-01
2.491201669030975729e-01 5.950000627903360151e-01
2.501729959586578289e-01 5.960001096928283504e-01
2.510711658211333130e-01 5.970000251325718876e-01
2.520662518361165283e-01 5.980036985552047435e-01
2.531249101793527911e-01 5.990000343336880917e-01
2.540848892240532564e-01 6.000002423472763358e-01
2.553092423651253107e-01 6.010001220811853617e-01
2.562867393621304224e-01 6.020005323302859424e-01
2.573991968896760518e-01 6.030002096442448334e-01
2.583491285360293155e-01 6.040001185577940079e-01
2.594966908897093916e-01 6.050003451795223919e-01
2.607079895675541437e-01 6.060000469271444867e-01
2.616260803226841958e-01 6.070002475063791536e-01
2.628038551507190235e-01 6.080020301333594057e-01
2.638437919171003898e-01 6.090006997633359287e-01
2.649282321059178713e-01 6.100006981684700236e-01
2.660468705525071975e-01 6.110000935942154765e-01
2.670645436248753057e-01 6.120000137340126933e-01
2.681279075139533230e-01 6.130000380495073120e-01
2.691685550826785622e-01 6.140002289309003380e-01
2.702508634345850425e-01 6.150003873786848985e-01
2.713386705951212896e-01 6.160006680084424424e-01
2.725408188181720481e-01 6.170000198987564133e-01
2.734970146086579401e-01 6.180000572036872253e-01
2.747847742951656791e-01 6.190010699353536427e-01
2.759247847118415642e-01 6.200000278511919038e-01
2.771109429672353741e-01 6.210000224619326437e-01
2.784539056967734183e-01 6.220000923042396934e-01
2.796200836850832872e-01 6.230012847284562838e-01
2.804789929536530835e-01 6.241338849822981594e-01
2.814447472912575687e-01 6.250013104485394599e-01
2.823935793665839356e-01 6.260010017033434959e-01
2.835629253500915326e-01 6.270000345524970875e-01
2.846746928479042538e-01 6.280015366919680098e-01
2.857880361979829864e-01 6.290005135959362281e-01
2.870600368483442466e-01 6.300053573784483163e-01
2.881494912212088089e-01 6.310003824517443904e-01
2.893889821629977988e-01 6.320001624007418606e-01
2.905731086191396528e-01 6.330003625595697070e-01
2.917135758006681456e-01 6.340166046132047484e-01
2.927905680216618123e-01 6.350000365485504172e-01
2.940401275128494696e-01 6.360000429598887672e-01
2.953590327202432197e-01 6.370007831032683532e-01
2.965430537963786861e-01 6.380121075132236808e-01
2.977863155180660026e-01 6.390000700866642624e-01
2.987497669999990002e-01 6.400015014212909747e-01
2.998671166474995431e-01 6.410003813100613179e-01
3.012050837190466401e-01 6.420005200704157478e-01
3.025092363566865838e-01 6.430067946151184488e-01
3.037179834936689637e-01 6.440003712075238473e-01
3.048326031035266670e-01 6.450001605280573092e-01
3.061022328337151821e-01 6.460000141247967953e-01
3.072730981358926527e-01 6.470028517844821359e-01
3.086556192249552133e-01 6.480000286599438830e-01
3.101486839338962742e-01 6.490000993568938448e-01
3.114161903807550758e-01 6.500005077432113865e-01
3.128905716898509048e-01 6.510001178453583837e-01
3.141998500806226780e-01 6.520003691816202984e-01
3.154245690491732645e-01 6.530000250469067957e-01
3.170001805334763390e-01 6.540020642570991694e-01
3.182613982914963557e-01 6.550022469964964511e-01
3.196325480184878387e-01 6.560000070440887843e-01
3.210715463460220853e-01 6.570010982053521298e-01
3.225988371704704427e-01 6.580004752232828658e-01
3.240017235917922456e-01 6.590000421675209497e-01
3.254578314999938549e-01 6.600004551007234710e-01
3.268948742429357290e-01 6.610001759543820965e-01
3.283221130672444588e-01 6.620013606299566256e-01
3.295983522867009796e-01 6.630001116976874664e-01
3.311018282779354394e-01 6.640009266490648487e-01
3.326290205533153355e-01 6.650006274802623407e-01
3.338685955846654174e-01 6.660017670749005525e-01
3.353447562120930314e-01 6.670037255329752668e-01
3.368349097439606865e-01 6.680001253309574283e-01
3.383568314141873756e-01 6.690096441807853456e-01
3.397438077508518894e-01 6.700002926973952500e-01
3.413381180576116058e-01 6.710001875021101014e-01
3.429142915155876103e-01 6.720000489390755005e-01
3.444194131366355993e-01 6.730023555068251895e-01
3.457921056549349004e-01 6.740123158462854036e-01
3.472689884120163661e-01 6.750002058941413363e-01
3.487295584016263383e-01 6.760007315656124671e-01
3.502822467928721206e-01 6.770006962323744659e-01
3.519146400157400212e-01 6.780001811102647213e-01
3.534941205694708266e-01 6.790003422211114970e-01
3.550263706464548141e-01 6.800000275373693226e-01
3.565749922030567731e-01 6.810034741056323337e-01
3.582604453672937339e-01 6.820000233896135189e-01
3.599206461863140305e-01 6.830000404677841752e-01
3.615289361539462121e-01 6.840000895960421934e-01
3.630074086139665202e-01 6.850007858065771948e-01
3.647317545765078606e-01 6.860006780185220476e-01
3.662678301615240883e-01 6.870006839448239422e-01
3.678356390738722892e-01 6.880000149781761998e-01
3.694012711177480091e-01 6.890000099499047348e-01
3.704495437505099797e-01 6.900001141721827658e-01
3.719805381354057694e-01 6.910008354290200216e-01
3.735265034138555151e-01 6.920070166893094177e-01
3.750296257858529714e-01 6.930008416369128899e-01
3.767368107627865337e-01 6.940000509813124552e-01
3.784122053546252751e-01 6.950000471130475255e-01
3.799449885928765092e-01 6.960000434871871366e-01
3.817357603664000010e-01 6.970002089755451546e-01
3.831368837888626810e-01 6.980001152907016060e-01
3.848162954151241877e-01 6.990000230369042278e-01
3.865351838258974659e-01 7.000003601966067190e-01
3.881896272975451367e-01 7.010000457212892666e-01
3.897377261220480449e-01 7.020000449941292686e-01
3.912952482774265661e-01 7.030112738886933332e-01
3.931081695587907987e-01 7.040012534545738720e-01
3.947459276948318552e-01 7.050000776002685043e-01
3.964328231197233876e-01 7.060001636704649197e-01
3.982672444127119959e-01 7.070000590548116692e-01
4.000858092812555888e-01 7.080001407360485555e-01
4.018533414032976481e-01 7.090010192239197817e-01
4.036172807803382057e-01 7.100000612990355897e-01
4.052834002459182461e-01 7.110032796265841615e-01
4.070189757178459544e-01 7.120029720159926079e-01
4.089768790711936219e-01 7.130001563704649881e-01
4.107979987961860591e-01 7.140013391094139905e-01
4.126648574287791194e-01 7.150000049006510761e-01
4.144442711067215512e-01 7.160006499419135917e-01
4.163375229793171428e-01 7.170000003250861509e-01
4.181370473162210333e-01 7.180007526449652122e-01
4.199853856008779474e-01 7.190010164356777089e-01
4.219129712395628395e-01 7.200006895094468451e-01
4.239508162791656432e-01 7.210000556975912911e-01
4.258681245071627153e-01 7.220001431021429994e-01
4.276797282584836601e-01 7.230001382229814810e-01
4.294314323017069945e-01 7.240567950488741022e-01
4.314014358088472667e-01 7.250007822315129857e-01
4.334785552357351968e-01 7.260000534316629617e-01
4.354662762344492233e-01 7.270001299670085793e-01
4.373026187653001884e-01 7.280000447824199750e-01
4.394324295239906419e-01 7.290002778329867095e-01
4.413184144584345603e-01 7.300012514550281439e-01
4.432920586558926068e-01 7.310071467845894455e-01
4.454756381897881923e-01 7.320000573001250732e-01
4.473610938843521900e-01 7.330000385739009472e-01
4.491647985246032260e-01 7.340000378920977786e-01
4.513241443909108419e-01 7.350001282923753765e-01
4.532635520528534023e-01 7.360001913734076640e-01
4.553355614954457953e-01 7.370001078820892504e-01
4.571954657386991805e-01 7.380013630189196094e-01
4.593301875804840506e-01 7.390004637658867948e-01
4.612784876340128015e-01 7.400002611369010941e-01
4.632062672980525875e-01 7.410002741523057379e-01
4.654683223474478382e-01 7.420000423558015257e-01
4.675199726466532368e-01 7.430014053242548488e-01
4.696222106228742366e-01 7.440000628328989896e-01
4.718769215542368833e-01 7.450000819495660176e-01
4.740298921381018715e-01 7.460003149363473307e-01
4.761760404439141503e-01 7.470004225248557672e-01
4.783274596539266454e-01 7.480000807971670662e-01
4.805240432578175014e-01 7.490000215068033373e-01
4.824982534943056400e-01 7.500000196443099565e-01
4.848262487576420199e-01 7.510015457564539476e-01
4.868687287661144225e-01 7.520000029873524783e-01
4.891600425085109727e-01 7.530000340493335775e-01
4.911885805688589457e-01 7.540001537178152580e-01
4.936822455038780699e-01 7.550002329654955657e-01
4.960578795983341394e-01 7.560000142234987175e-01
4.983541164509182053e-01 7.570007201811479458e-01
5.006848503936083272e-01 7.580164788009562393e-01
5.026847061615757895e-01 7.590004961600950173e-01
5.048155071670281657e-01 7.600025253902261690e-01
5.072551249130368145e-01 7.610007166489033414e-01
5.091868842541387163e-01 7.620000340367667491e-01
5.114300728059710810e-01 7.630019222235971954e-01
5.134172856538037344e-01 7.640061692157917861e-01
5.157690248699822178e-01 7.650115751208815817e-01
5.181102662884210508e-01 7.660007968802527989e-01
5.205155597418753555e-01 7.670001608004913818e-01
5.227394601256669660e-01 7.680000067853248735e-01
5.251516931853945636e-01 7.690001006724146437e-01
5.275682866139523863e-01 7.700000145351796332e-01
5.300089089368540396e-01 7.710002938639382020e-01
5.321780765770049992e-01 7.720001159094721510e-01
5.342473465186823312e-01 7.730000982804565712e-01
5.366388670594273158e-01 7.740005748828026055e-01
5.391242957177722062e-01 7.750000027730851171e-01
5.415065239362322203e-01 7.760004303880125853e-01
5.440790006965201542e-01 7.770000700428002505e-01
5.464165715853885885e-01 7.780006631599986067e-01
5.489001005312861281e-01 7.790050555609807637e-01
5.510118089384037354e-01 7.800001922790438247e-01
5.536884225535019244e-01 7.810000496736454467e-01
5.559082321075368149e-01 7.820002009982670588e-01
5.585045936830597135e-01 7.830003557918258084e-01
5.612778072429578380e-01 7.840002342900764809e-01
5.636643204775280136e-01 7.850005739127902116e-01
5.664656372566159170e-01 7.860001344842618698e-01
5.695049087961985279e-01 7.870000073268783591e-01
5.721033913480231270e-01 7.880026231572633266e-01
5.751472691429593276e-01 7.890001430750543943e-01
5.778584199450444991e-01 7.900001750080161145e-01
5.806223686783231752e-01 7.910000024072513236e-01
5.837614221493132582e-01 7.920000097260769811e-01
5.868678171754226902e-01 7.930000486036689056e-01
5.899119940985690924e-01 7.940008006325730561e-01
5.928991188015559910e-01 7.950000146352711461e-01
5.957738259632023858e-01 7.960002678576184598e-01
5.988549565697773858e-01 7.970000105953772840e-01
6.017736894203440379e-01 7.980001286819558004e-01
6.045644567720502849e-01 7.990000269382727671e-01
6.074083660269108398e-01 8.000000067193918651e-01
6.106595667772256597e-01 8.010001823767572970e-01
6.136512391641431030e-01 8.020026935811482849e-01
6.167376964351962698e-01 8.030008656771882025e-01
6.198493549677257519e-01 8.040002337015990097e-01
6.231772452786183969e-01 8.050002427163031049e-01
6.265837056242835601e-01 8.060000493823008538e-01
6.299735619042601265e-01 8.070002327488027261e-01
6.332453216711565469e-01 8.080000320047845408e-01
6.363016335482872821e-01 8.090020667471200522e-01
6.396231669725238600e-01 8.100000054426742535e-01
6.430357216838782364e-01 8.110025441310680927e-01
6.463612657116233340e-01 8.120000317133569956e-01
6.491796261729749773e-01 8.130000772357696137e-01
6.522601578684968926e-01 8.140009571587893955e-01
6.554430072409092034e-01 8.150001060063724045e-01
6.589134604575708209e-01 8.160000482173558334e-01
6.622204178548849463e-01 8.170000020036735089e-01
6.655335435031863867e-01 8.180000009820779239e-01
6.689275660547912006e-01 8.190000669745394202e-01
6.723461460731687822e-01 8.200000781774922087e-01
6.759802077411141141e-01 8.210002621645450249e-01
6.791085653705442038e-01 8.220003968404353545e-01
6.822743374873239119e-01 8.230003344168844714e-01
6.855623390784195692e-01 8.240006617799556787e-01
6.887530848991438859e-01 8.250046241076299802e-01
6.920284211045437672e-01 8.260000109056316875e-01
6.954365519770631110e-01 8.270011952338619521e-01
6.986619980864023916e-01 8.280004789586317138e-01
7.012582522127299711e-01 8.290000311950896927e-01
7.037091860100900265e-01 8.300001797571798789e-01
7.066200589548818911e-01 8.310314965908115470e-01
7.096657541157525007e-01 8.320004829830870419e-01
7.125371907868420784e-01 8.330007921724817965e-01
7.156879376038662866e-01 8.340000589414584553e-01
7.189197066828212357e-01 8.350045946918246420e-01
7.219372297316964948e-01 8.360008211760496799e-01
7.255927019936454503e-01 8.370003100394156625e-01
7.290311038523178411e-01 8.380006946336724383e-01
7.327992815631456658e-01 8.390000961031798266e-01
7.367068400882952339e-01 8.400001211819586588e-01
7.408378954851295717e-01 8.410000674687377886e-01
7.445183023273278522e-01 8.420000700609642230e-01
7.482951026048081378e-01 8.430001670793161317e-01
7.517491251636947425e-01 8.440104038120982421e-01
7.556604553269189450e-01 8.450001344024204997e-01
7.594981578728527971e-01 8.460008275479588002e-01
7.631107825325016414e-01 8.470001494259736807e-01
7.668453492467843802e-01 8.480000486889410771e-01
7.705934977525755736e-01 8.490001454959550387e-01
7.746001907694601840e-01 8.500001737013374026e-01
7.783242822440383790e-01 8.510000015918163241e-01
7.818033025729169694e-01 8.520018361284655839e-01
7.855756384565477646e-01 8.530000722812000058e-01
7.893455607840578203e-01 8.540000390249000706e-01
7.933845244310981926e-01 8.550000005942715031e-01
7.973863727232812781e-01 8.560000359088482114e-01
8.014619584176083666e-01 8.570001112014220546e-01
8.053146688059777958e-01 8.580022264556295131e-01
8.097037954277152005e-01 8.590010324172956402e-01
8.135689562681840403e-01 8.600001206391367781e-01
8.176387761728243220e-01 8.610000141562862419e-01
8.214614231881558482e-01 8.620001554854661574e-01
8.251679714449698944e-01 8.630001849971717931e-01
8.289810138467723633e-01 8.640000255649924465e-01
8.328499706960994509e-01 8.650040345200715741e-01
8.365663706449346648e-01 8.660000418514124387e-01
8.399992997631540170e-01 8.670000016697225753e-01
8.435228128342506793e-01 8.680000574251891532e-01
8.470942631243274512e-01 8.690000571804097351e-01
8.506437557391586246e-01 8.700001345889345483e-01
8.542937742805185586e-01 8.710000167333868948e-01
8.576394608617992077e-01 8.720027222866970629e-01
8.611454514470031629e-01 8.730000216442991290e-01
8.648452478832671098e-01 8.740001651809994332e-01
8.687513175693040157e-01 8.750000240854098887e-01
8.725970076739162362e-01 8.760000937727139281e-01
8.764455860697011325e-01 8.770001058364078617e-01
8.806378027602967951e-01 8.780000912714516215e-01
8.847384815644800948e-01 8.790001152476525359e-01
8.882938606149980432e-01 8.800005233752556943e-01
8.924053876571078625e-01 8.810000315483681455e-01
8.967397239714438584e-01 8.820001273818551812e-01
9.011465782256813384e-01 8.830001364155917187e-01
9.058751030909316659e-01 8.840005676639075549e-01
9.104055068092593572e-01 8.850000503237014371e-01
9.147077390644962058e-01 8.860000055337322600e-01
9.189906059758650159e-01 8.870006813171300575e-01
9.234008227309429273e-01 8.880002763665288956e-01
9.281448367752016537e-01 8.890003093754164087e-01
9.332646454282391701e-01 8.900000644219274726e-01
9.380859045172860178e-01 8.910000273207721033e-01
9.429995320486594945e-01 8.920001476544057173e-01
9.476645255592275330e-01 8.930000096260430897e-01
9.527946461943650469e-01 8.940014036989627488e-01
9.569258847896953135e-01 8.950000672150291159e-01
9.617072414225654731e-01 8.960001563082321541e-01
9.663173795072133032e-01 8.970001326937120378e-01
9.713422678989691583e-01 8.980000077967487115e-01
9.764884021760462662e-01 8.990009454947640588e-01
9.812869846310237065e-01 9.000000901630998973e-01
9.859912709699378830e-01 9.010000769846923108e-01
9.908553924902560039e-01 9.020000055427145336e-01
9.958017188396728336e-01 9.030000012677258381e-01
1.000369864388557906e+00 9.040014187198426310e-01
1.005038278515152150e+00 9.050001711772329704e-01
1.009809020914436140e+00 9.060000325808591493e-01
1.014595562741138934e+00 9.070000263853587041e-01
1.019398796632748239e+00 9.080000587403456169e-01
1.023859613768769661e+00 9.090013268946405267e-01
1.028520348662738115e+00 9.100000147250438820e-01
1.032926328304613950e+00 9.110000472708258412e-01
1.037490266737274069e+00 9.120001170363580822e-01
1.042083484120102765e+00 9.130000706832309687e-01
1.046727693667682590e+00 9.140000142976624220e-01
1.051089053157644448e+00 9.150003426387779415e-01
1.055617517952579076e+00 9.160009532534675314e-01
1.060444473288854272e+00 9.170000217538437637e-01
1.065162456626714604e+00 9.180001986965776739e-01
1.069943379066328859e+00 9.190000056275798856e-01
1.074630803529604606e+00 9.200017542664736814e-01
1.079348744871172272e+00 9.210000448646790128e-01
1.084256951319363171e+00 9.220000357377591271e-01
1.088968051648885105e+00 9.230049805633607773e-01
1.093165186885849849e+00 9.240000640036939439e-01
1.097985820167115101e+00 9.250000371303125357e-01
1.102160111971087986e+00 9.260000800314833747e-01
1.106949049538769714e+00 9.270000200695969195e-01
1.111816931754335380e+00 9.280000392719099933e-01
1.116428392789290847e+00 9.290000043452041334e-01
1.121828446656125688e+00 9.300001896191621986e-01
1.127226154391159696e+00 9.310001911173853006e-01
1.132883316279682973e+00 9.320000134448591655e-01
1.138331514057784100e+00 9.330000412237232643e-01
1.142606917171745895e+00 9.340001012857750418e-01
1.148512496735866861e+00 9.350000104640664444e-01
1.154311945573476494e+00 9.360007234688968447e-01
1.159347405989844315e+00 9.370000510494689294e-01
1.165370048644980505e+00 9.380002273311055516e-01
1.171512938000507820e+00 9.390000606972510599e-01
1.178078301619239099e+00 9.400000142500196665e-01
1.184026119222825635e+00 9.410000122410159262e-01
1.189748650118900741e+00 9.420059047434283794e-01
1.195808756761073344e+00 9.430000154909826682e-01
1.201529249922896003e+00 9.440000045181450306e-01
1.207560976644728612e+00 9.450000020560243019e-01
1.213836220493025309e+00 9.460042348201843643e-01
1.220091241765856260e+00 9.470000033098883163e-01
1.226541243692353955e+00 9.480001081529728646e-01
1.233145392170033272e+00 9.490000322872630401e-01
1.239755848689014117e+00 9.500000209482443170e-01
1.246892291591712221e+00 9.510000530621006698e-01
1.253490406176627658e+00 9.520001687982803107e-01
1.260259854309854433e+00 9.530003138179624633e-01
1.267356929429476420e+00 9.540000646831258146e-01
1.274789907204778139e+00 9.550000806633930361e-01
1.282175122467802186e+00 9.560000955462230054e-01
1.290285204676207886e+00 9.570000094172351757e-01
1.298515100496177688e+00 9.580000322874026031e-01
1.307275075595269120e+00 9.590003916011659024e-01
1.316057847905725442e+00 9.600000263130612499e-01
1.326182271200000207e+00 9.610000245000451802e-01
1.336802132917649821e+00 9.620000059307031171e-01
1.347734697831412642e+00 9.630002367996991497e-01
1.358034449086634732e+00 9.640000244996485002e-01
1.370658816167591887e+00 9.650000097110077446e-01
1.383738848565239987e+00 9.660000073830367073e-01
1.398107626348326082e+00 9.670000263571570942e-01
1.411841843240305927e+00 9.680000014573552081e-01
1.426151210709656336e+00 9.690000525726371050e-01
1.440688538736558222e+00 9.700000056009058236e-01
1.455392104734680281e+00 9.710000262735768439e-01
1.471530413362041934e+00 9.720000066894428636e-01
1.488409035921562484e+00 9.730000071687101570e-01
1.506626836386218304e+00 9.740015626214342248e-01
1.525056019500175886e+00 9.750001398181439294e-01
1.544092916806756310e+00 9.760000106299452360e-01
1.565005703258477432e+00 9.770000108550275231e-01
1.587499308174362023e+00 9.780000261612326051e-01
1.610357406861511853e+00 9.790000485678822528e-01
1.634993159916683148e+00 9.800000111880732279e-01
1.661893901707847565e+00 9.810000158754453858e-01
1.691220495132690349e+00 9.820000010261257239e-01
1.722649329490748116e+00 9.830000077636561473e-01
1.755186765895143886e+00 9.840000021147804476e-01
1.789546653688821376e+00 9.850000087195138754e-01
1.828225586648044132e+00 9.860000177258110288e-01
1.868394780887047801e+00 9.870000785641790397e-01
1.909476170333979095e+00 9.880000350242317264e-01
1.948887972553857040e+00 9.890000181990372674e-01
1.991804625496805148e+00 9.900001478900641860e-01
2.036408342836502516e+00 9.910000637245308663e-01
2.088689943585918307e+00 9.920000309376196812e-01
2.146768906105318564e+00 9.930000238543232882e-01
2.222856144722027416e+00 9.940000072914689788e-01
2.311056818741513474e+00 9.950000008753427938e-01
2.421207356688281020e+00 9.960000467901770627e-01
2.557064109159967735e+00 9.970000029386590912e-01
2.754021574214526424e+00 9.980000397418061775e-01
3.095500903240942847e+00 9.990000116703571242e-01
1.501689314942383291e+01 9.999999999999859002e-01
